0.80 	115085.9817
0.81 	104230.3565
0.82 	94201.75869
0.83 	84944.48075
0.84 	76406.85485
0.85 	68540.92953
0.86 	61302.17333
0.87 	54649.20328
0.88 	48543.53611
0.89 	42949.36038
0.90 	37833.32758
0.91 	33164.36091
0.92 	28913.47988
0.93 	25053.63978
0.94 	21559.58437
0.95 	18407.71102
0.96 	15575.94701
0.97 	13043.6361
0.98 	10791.43453
0.99 	8801.215634
1.00 	7055.98225
1.01 	5539.786372
1.02 	4237.655334
1.03 	3135.524011
1.04 	2220.172487
1.05 	1479.168745
1.06 	900.8159213
1.07 	474.1037478
1.08 	188.6638088
1.09 	34.72828809
1.10 	3.091903645
1.11 	85.07675386
1.12 	272.4998256
1.13 	557.6429342
1.14 	933.2248875
1.15 	1392.375682
1.16 	1928.612559
1.17 	2535.817764
1.18 	3208.217859
1.19 	3940.364463
1.20 	4727.116303
1.21 	5563.622458
1.22 	6445.306701
1.23 	7367.852856
1.24 	8327.191072
1.25 	9319.484964
1.26 	10341.11952
1.27 	11388.68975
1.28 	12458.98997
1.29 	13549.00376
1.30 	14655.89442
1.31 	15776.996
1.32 	16909.80481
1.33 	18051.97135
1.34 	19201.29273
1.35 	20355.7054
1.36 	21513.27833
1.37 	22672.20643
1.38 	23830.8044
1.39 	24987.50079
1.40 	26140.8324
1.41 	27289.43888
1.42 	28432.05768
1.43 	29567.51911
1.44 	30694.74172
1.45 	31812.72783
1.46 	32920.55929
1.47 	34017.39342
1.48 	35102.45912
1.49 	36175.05315
1.50 	37234.53658
1.51 	38280.3314
1.52 	39311.91725
1.53 	40328.82833
1.54 	41330.65039
1.55 	42317.01792
1.56 	43287.61138
1.57 	44242.15464
1.58 	45180.41244
1.59 	46102.18805
1.60 	47007.32094
1.61 	47895.68464
1.62 	48767.18463
1.63 	49621.75636
1.64 	50459.36336
1.65 	51279.99538
1.66 	52083.66672
1.67 	52870.41453
1.68 	53640.29723
1.69 	54393.39307
1.70 	55129.7986
1.71 	55849.62739
1.72 	56553.00869
1.73 	57240.0862
1.74 	57911.01692
1.75 	58565.97
1.76 	59205.12571
1.77 	59828.67441
1.78 	60436.81562
1.79 	61029.75711
1.80 	61607.71404
1.81 	62170.90816
1.82 	62719.56702
1.83 	63253.92331
1.84 	63774.2141
1.85 	64280.68027
1.86 	64773.56585
1.87 	65253.11749
1.88 	65719.58389
1.89 	66173.21536
1.90 	66614.26326
1.91 	67042.97964
1.92 	67459.61681
1.93 	67864.42691
1.94 	68257.66162
1.95 	68639.57179
1.96 	69010.40712
1.97 	69370.41591
1.98 	69719.84477
1.99 	70058.93838
2.00 	70387.93927
2.01 	70707.08762
2.02 	71016.62105
2.03 	71316.77446
2.04 	71607.77991
2.05 	71889.8664
2.06 	72163.25982
2.07 	72428.18279
2.08 	72684.85459
2.09 	72933.49104
2.10 	73174.30445
2.11 	73407.50354
2.12 	73633.29339
2.13 	73851.87536
2.14 	74063.44713
2.15 	74268.20258
2.16 	74466.33183
2.17 	74658.02118
2.18 	74843.45314
2.19 	75022.80641
2.20 	75196.25588
2.21 	75363.97265
2.22 	75526.12404
2.23 	75682.87361
2.24 	75834.38116
2.25 	75980.80281
2.26 	76122.29098
2.27 	76258.99445
2.28 	76391.05839
2.29 	76518.62441
2.30 	76641.83059
2.31 	76760.81153
2.32 	76875.69839
2.33 	76986.61897
2.34 	77093.69772
2.35 	77197.0558
2.36 	77296.81117
2.37 	77393.07861
2.38 	77485.96976
2.39 	77575.59325
2.40 	77662.05464
2.41 	77745.45662
2.42 	77825.89892
2.43 	77903.4785
2.44 	77978.28951
2.45 	78050.42341
2.46 	78119.96899
2.47 	78187.01245
2.48 	78251.63746
2.49 	78313.92519
2.50 	78373.95441
2.51 	78431.80151
2.52 	78487.54056
2.53 	78541.2434
2.54 	78592.97966
2.55 	78642.81681
2.56 	78690.82025
2.57 	78737.05334
2.58 	78781.57745
2.59 	78824.45201
2.60 	78865.73459
2.61 	78905.48091
2.62 	78943.74491
2.63 	78980.5788
2.64 	79016.03311
2.65 	79050.15671
2.66 	79082.9969
2.67 	79114.59942
2.68 	79145.00851
2.69 	79174.26693
2.70 	79202.41604
2.71 	79229.49583
2.72 	79255.54493
2.73 	79280.60068
2.74 	79304.69917
2.75 	79327.87526
2.76 	79350.16262
2.77 	79371.59378
2.78 	79392.20016
2.79 	79412.01209
2.80 	79431.05887
2.81 	79449.36876
2.82 	79466.96906
2.83 	79483.88611
2.84 	79500.14534
2.85 	79515.77129
2.86 	79530.7876
2.87 	79545.21713
2.88 	79559.0819
2.89 	79572.40315
2.90 	79585.20136
2.91 	79597.4963
2.92 	79609.30701
2.93 	79620.65185
2.94 	79631.54853
2.95 	79642.01412
2.96 	79652.06505
2.97 	79661.71717
2.98 	79670.98577
2.99 	79679.88554
3.00 	79688.43067
3.01 	79696.63482
3.02 	79704.51113
3.03 	79712.07228
3.04 	79719.33046
3.05 	79726.29742
3.06 	79732.98449
3.07 	79739.40254
3.08 	79745.56207
3.09 	79751.47316
3.10 	79757.14553
3.11 	79762.58854
3.12 	79767.81117
3.13 	79772.8221
3.14 	79777.62965
3.15 	79782.24184
3.16 	79786.66638
3.17 	79790.91069
3.18 	79794.98191
3.19 	79798.8869
3.20 	79802.63226
3.21 	79806.22434
3.22 	79809.66925
3.23 	79812.97285
3.24 	79816.1408
3.25 	79819.17851
3.26 	79822.09121
3.27 	79824.88391
3.28 	79827.56142
3.29 	79830.12838
3.30 	79832.58924
3.31 	79834.94828
3.32 	79837.20961
3.33 	79839.37718
3.34 	79841.45478
3.35 	79843.44607
3.36 	79845.35454
3.37 	79847.18357
3.38 	79848.93637
3.39 	79850.61606
3.40 	79852.22561
3.41 	79853.7679
3.42 	79855.24567
3.43 	79856.66156
3.44 	79858.0181
3.45 	79859.31773
3.46 	79860.56279
3.47 	79861.75552
3.48 	79862.89807
3.49 	79863.99252
3.50 	79865.04084
3.51 	79866.04494
3.52 	79867.00665
3.53 	79867.92772
3.54 	79868.80984
3.55 	79869.65462
3.56 	79870.46361
3.57 	79871.23829
3.58 	79871.9801
3.59 	79872.69041
3.60 	79873.37052
3.61 	79874.0217
3.62 	79874.64515
3.63 	79875.24203
3.64 	79875.81347
3.65 	79876.36051
3.66 	79876.88418
3.67 	79877.38547
3.68 	79877.86532
3.69 	79878.32462
3.70 	79878.76424
3.71 	79879.18501
3.72 	79879.58773
3.73 	79879.97315
3.74 	79880.342
3.75 	79880.695
3.76 	79881.0328
3.77 	79881.35605
3.78 	79881.66536
3.79 	79881.96134
3.80 	79882.24454
3.81 	79882.51551
3.82 	79882.77476
3.83 	79883.0228
3.84 	79883.26011
3.85 	79883.48714
3.86 	79883.70432
3.87 	79883.91209
3.88 	79884.11083
3.89 	79884.30095
3.90 	79884.4828
3.91 	79884.65675
3.92 	79884.82312
3.93 	79884.98225
3.94 	79885.13445
3.95 	79885.28001
3.96 	79885.41922
3.97 	79885.55235
3.98 	79885.67966
3.99 	79885.80141
4.00 	79885.91784
4.01 	79886.02916
4.02 	79886.13562
4.03 	79886.23741
4.04 	79886.33473
4.05 	79886.42779
4.06 	79886.51676
4.07 	79886.60182
4.08 	79886.68314
4.09 	79886.76089
4.10 	79886.83522
4.11 	79886.90627
4.12 	79886.97419
4.13 	79887.03912
4.14 	79887.10119
4.15 	79887.16052
4.16 	79887.21722
4.17 	79887.27143
4.18 	79887.32323
4.19 	79887.37275
4.20 	79887.42007
4.21 	79887.4653
4.22 	79887.50853
4.23 	79887.54984
4.24 	79887.58931
4.25 	79887.62704
4.26 	79887.66309
4.27 	79887.69754
4.28 	79887.73046
4.29 	79887.76192
4.30 	79887.79197
4.31 	79887.82069
4.32 	79887.84813
4.33 	79887.87435
4.34 	79887.8994
4.35 	79887.92333
4.36 	79887.94619
4.37 	79887.96804
4.38 	79887.98891
4.39 	79888.00884
4.40 	79888.02788
4.41 	79888.04608
4.42 	79888.06346
4.43 	79888.08006
4.44 	79888.09591
4.45 	79888.11106
4.46 	79888.12553
4.47 	79888.13934
4.48 	79888.15254
4.49 	79888.16515
4.50 	79888.17719
4.51 	79888.18869
4.52 	79888.19967
4.53 	79888.21016
4.54 	79888.22017
4.55 	79888.22974
4.56 	79888.23887
4.57 	79888.24759
4.58 	79888.25592
4.59 	79888.26388
4.60 	79888.27147
4.61 	79888.27873
4.62 	79888.28565
4.63 	79888.29226
4.64 	79888.29858
4.65 	79888.3046
4.66 	79888.31036
4.67 	79888.31585
4.68 	79888.3211
4.69 	79888.32611
4.70 	79888.33089
4.71 	79888.33545
4.72 	79888.33981
4.73 	79888.34397
4.74 	79888.34795
4.75 	79888.35174
4.76 	79888.35536
4.77 	79888.35881
4.78 	79888.36211
4.79 	79888.36526
4.80 	79888.36826
4.81 	79888.37113
4.82 	79888.37387
4.83 	79888.37648
4.84 	79888.37897
4.85 	79888.38135
4.86 	79888.38362
4.87 	79888.38579
4.88 	79888.38786
4.89 	79888.38984
4.90 	79888.39172
4.91 	79888.39352
4.92 	79888.39524
4.93 	79888.39687
4.94 	79888.39844
4.95 	79888.39993
4.96 	79888.40135
4.97 	79888.40271
4.98 	79888.40401
4.99 	79888.40524
5.00 	79888.40642
5.01 	79888.40755
5.02 	79888.40862
5.03 	79888.40965
5.04 	79888.41063
5.05 	79888.41156
5.06 	79888.41245
5.07 	79888.4133
5.08 	79888.41411
5.09 	79888.41488
5.10 	79888.41562
5.11 	79888.41632
5.12 	79888.41699
5.13 	79888.41764
5.14 	79888.41825
5.15 	79888.41883
5.16 	79888.41939
5.17 	79888.41992
5.18 	79888.42042
5.19 	79888.4209
5.20 	79888.42136
5.21 	79888.4218
5.22 	79888.42222
5.23 	79888.42262
5.24 	79888.423
5.25 	79888.42337
5.26 	79888.42371
5.27 	79888.42404
5.28 	79888.42436
5.29 	79888.42466
5.30 	79888.42495
5.31 	79888.42522
5.32 	79888.42548
5.33 	79888.42573
5.34 	79888.42597
5.35 	79888.42619
5.36 	79888.42641
5.37 	79888.42662
5.38 	79888.42681
5.39 	79888.427
5.40 	79888.42718
5.41 	79888.42735
5.42 	79888.42751
5.43 	79888.42766
5.44 	79888.42781
5.45 	79888.42795
5.46 	79888.42809
5.47 	79888.42822
5.48 	79888.42834
5.49 	79888.42845
5.50 	79888.42856
5.51 	79888.42867
5.52 	79888.42877
5.53 	79888.42887
5.54 	79888.42896
5.55 	79888.42905
5.56 	79888.42913
5.57 	79888.42921
5.58 	79888.42928
5.59 	79888.42936
5.60 	79888.42943
5.61 	79888.42949
5.62 	79888.42955
5.63 	79888.42961
5.64 	79888.42967
5.65 	79888.42972
5.66 	79888.42978
5.67 	79888.42983
5.68 	79888.42987
5.69 	79888.42992
5.70 	79888.42996
5.71 	79888.43
5.72 	79888.43004
5.73 	79888.43008
5.74 	79888.43011
5.75 	79888.43015
5.76 	79888.43018
5.77 	79888.43021
5.78 	79888.43024
5.79 	79888.43026
