0.800 	207510.9078
0.805 	199577.0681
0.810 	191918.4062
0.815 	184525.582
0.820 	177389.5802
0.825 	170501.7
0.830 	163853.5432
0.835 	157437.0038
0.840 	151244.258
0.845 	145267.7538
0.850 	139500.2018
0.855 	133934.5659
0.860 	128564.0541
0.865 	123382.1103
0.870 	118382.4057
0.875 	113558.8308
0.880 	108905.4879
0.885 	104416.6831
0.890 	100086.9199
0.895 	95910.8914
0.900 	91883.47419
0.905 	87999.72157
0.910 	84254.85739
0.915 	80644.27001
0.920 	77163.5065
0.925 	73808.267
0.930 	70574.3993
0.935 	67457.89366
0.940 	64454.87771
0.945 	61561.61165
0.950 	58774.4835
0.955 	56090.00462
0.960 	53504.80533
0.965 	51015.63069
0.970 	48619.33647
0.975 	46312.88519
0.980 	44093.3424
0.985 	41957.87299
0.990 	39903.73769
0.995 	37928.2897
1.000 	36028.97141
1.005 	34203.31124
1.010 	32448.92062
1.015 	30763.49106
1.020 	29144.79131
1.025 	27590.66464
1.030 	26099.02625
1.035 	24667.86066
1.040 	23295.21937
1.045 	21979.2184
1.050 	20718.03612
1.055 	19509.91099
1.060 	18353.13947
1.065 	17246.07402
1.070 	16187.12109
1.075 	15174.73926
1.080 	14207.43741
1.085 	13283.77297
1.090 	12402.35021
1.095 	11561.81863
1.100 	10760.87138
1.105 	9998.243729
1.110 	9272.711612
1.115 	8583.090232
1.120 	7928.232688
1.125 	7307.028671
1.130 	6718.403201
1.135 	6161.31541
1.140 	5634.757369
1.145 	5137.752962
1.150 	4669.356789
1.155 	4228.653122
1.160 	3814.754892
1.165 	3426.802709
1.170 	3063.963926
1.175 	2725.431732
1.180 	2410.424274
1.185 	2118.183821
1.190 	1847.975944
1.195 	1599.088742
1.200 	1370.832081
1.205 	1162.536868
1.210 	973.5543529
1.215 	803.2554471
1.220 	651.0300762
1.225 	516.2865499
1.230 	398.4509562
1.235 	296.9665774
1.240 	211.2933274
1.245 	140.907208
1.250 	85.29978589
1.255 	43.97768754
1.260 	16.46211234
1.265 	2.288363107
1.270 	1.005393312
1.275 	12.17537034
1.280 	35.37325431
1.285 	70.18639177
1.290 	116.2141238
1.295 	173.0674081
1.300 	240.368454
1.305 	317.7503707
1.310 	404.856828
1.315 	501.3417284
1.320 	606.868891
1.325 	721.1117466
1.330 	843.753043
1.335 	974.4845611
1.340 	1113.00684
1.345 	1259.028913
1.350 	1412.268052
1.355 	1572.449517
1.360 	1739.306325
1.365 	1912.579013
1.370 	2092.015416
1.375 	2277.370459
1.380 	2468.405941
1.385 	2664.890339
1.390 	2866.598613
1.395 	3073.31202
1.400 	3284.817931
1.405 	3500.909658
1.410 	3721.386284
1.415 	3946.052499
1.420 	4174.718442
1.425 	4407.199549
1.430 	4643.316404
1.435 	4882.894596
1.440 	5125.764582
1.445 	5371.76155
1.450 	5620.725293
1.455 	5872.50008
1.460 	6126.934536
1.465 	6383.881525
1.470 	6643.198035
1.475 	6904.745067
1.480 	7168.387529
1.485 	7433.994133
1.490 	7701.437292
1.495 	7970.593026
1.500 	8241.340865
1.505 	8513.563757
1.510 	8787.147983
1.515 	9061.983067
1.520 	9337.961694
1.525 	9614.979627
1.530 	9892.935634
1.535 	10171.7314
1.540 	10451.27148
1.545 	10731.46318
1.550 	11012.21652
1.555 	11293.44419
1.560 	11575.06143
1.565 	11856.98597
1.570 	12139.13804
1.575 	12421.44022
1.580 	12703.81742
1.585 	12986.19683
1.590 	13268.50786
1.595 	13550.68208
1.600 	13832.65315
1.605 	14114.3568
1.610 	14395.73079
1.615 	14676.71479
1.620 	14957.25041
1.625 	15237.28114
1.630 	15516.75225
1.635 	15795.61081
1.640 	16073.80563
1.645 	16351.28719
1.650 	16628.00763
1.655 	16903.9207
1.660 	17178.98173
1.665 	17453.14758
1.670 	17726.3766
1.675 	17998.62862
1.680 	18269.86487
1.685 	18540.048
1.690 	18809.14201
1.695 	19077.11222
1.700 	19343.92525
1.705 	19609.54899
1.710 	19873.95256
1.715 	20137.10628
1.720 	20398.98165
1.725 	20659.55131
1.730 	20918.78904
1.735 	21176.66969
1.740 	21433.16918
1.745 	21688.26447
1.750 	21941.93356
1.755 	22194.1554
1.760 	22444.90993
1.765 	22694.17804
1.770 	22941.94151
1.775 	23188.18305
1.780 	23432.88622
1.785 	23676.03545
1.790 	23917.61599
1.795 	24157.6139
1.800 	24396.01606
1.805 	24632.81008
1.810 	24867.98434
1.815 	25101.52797
1.820 	25333.43078
1.825 	25563.6833
1.830 	25792.27674
1.835 	26019.20296
1.840 	26244.45446
1.845 	26468.02438
1.850 	26689.90646
1.855 	26910.09505
1.860 	27128.58505
1.865 	27345.37196
1.870 	27560.4518
1.875 	27773.82114
1.880 	27985.47705
1.885 	28195.41714
1.890 	28403.63947
1.895 	28610.14261
1.900 	28814.92557
1.905 	29017.98783
1.910 	29219.3293
1.915 	29418.95032
1.920 	29616.85163
1.925 	29813.0344
1.930 	30007.50017
1.935 	30200.25085
1.940 	30391.28874
1.945 	30580.61649
1.950 	30768.23708
1.955 	30954.15385
1.960 	31138.37044
1.965 	31320.89083
1.970 	31501.71927
1.975 	31680.86035
1.980 	31858.31891
1.985 	32034.10007
1.990 	32208.20924
1.995 	32380.65206
2.000 	32551.43445
2.005 	32720.56254
2.010 	32888.0427
2.015 	33053.88155
2.020 	33218.0859
2.025 	33380.66276
2.030 	33541.61938
2.035 	33700.96316
2.040 	33858.70172
2.045 	34014.84284
2.050 	34169.39448
2.055 	34322.36476
2.060 	34473.76196
2.065 	34623.59451
2.070 	34771.87099
2.075 	34918.60011
2.080 	35063.79074
2.085 	35207.45183
2.090 	35349.5925
2.095 	35490.22196
2.100 	35629.34952
2.105 	35766.98462
2.110 	35903.13679
2.115 	36037.81563
2.120 	36171.03088
2.125 	36302.79232
2.130 	36433.10981
2.135 	36561.99332
2.140 	36689.45285
2.145 	36815.4985
2.150 	36940.14039
2.155 	37063.38874
2.160 	37185.2538
2.165 	37305.74585
2.170 	37424.87526
2.175 	37542.65241
2.180 	37659.08772
2.185 	37774.19163
2.190 	37887.97465
2.195 	38000.44728
2.200 	38111.62005
2.205 	38221.50352
2.210 	38330.10826
2.215 	38437.44484
2.220 	38543.52387
2.225 	38648.35593
2.230 	38751.95164
2.235 	38854.3216
2.240 	38955.4764
2.245 	39055.42666
2.250 	39154.18296
2.255 	39251.75589
2.260 	39348.15602
2.265 	39443.39391
2.270 	39537.4801
2.275 	39630.42511
2.280 	39722.23945
2.285 	39812.9336
2.290 	39902.51802
2.295 	39991.00313
2.300 	40078.39935
2.305 	40164.71703
2.310 	40249.96652
2.315 	40334.15813
2.320 	40417.30212
2.325 	40499.40874
2.330 	40580.48817
2.335 	40660.55057
2.340 	40739.60606
2.345 	40817.6647
2.350 	40894.73654
2.355 	40970.83154
2.360 	41045.95964
2.365 	41120.13073
2.370 	41193.35466
2.375 	41265.6412
2.380 	41337.0001
2.385 	41407.44105
2.390 	41476.97367
2.395 	41545.60755
2.400 	41613.3522
2.405 	41680.21711
2.410 	41746.21168
2.415 	41811.34527
2.420 	41875.62718
2.425 	41939.06663
2.430 	42001.67282
2.435 	42063.45486
2.440 	42124.42182
2.445 	42184.58268
2.450 	42243.94639
2.455 	42302.52182
2.460 	42360.31779
2.465 	42417.34303
2.470 	42473.60624
2.475 	42529.11605
2.480 	42583.881
2.485 	42637.90959
2.490 	42691.21025
2.495 	42743.79134
2.500 	42795.66117
2.505 	42846.82796
2.510 	42897.29988
2.515 	42947.08504
2.520 	42996.19147
2.525 	43044.62714
2.530 	43092.39995
2.535 	43139.51774
2.540 	43185.98829
2.545 	43231.81929
2.550 	43277.01838
2.555 	43321.59314
2.560 	43365.55108
2.565 	43408.89962
2.570 	43451.64614
2.575 	43493.79795
2.580 	43535.36229
2.585 	43576.34633
2.590 	43616.75718
2.595 	43656.60188
2.600 	43695.88741
2.605 	43734.62068
2.610 	43772.80852
2.615 	43810.45773
2.620 	43847.57501
2.625 	43884.16702
2.630 	43920.24033
2.635 	43955.80148
2.640 	43990.8569
2.645 	44025.413
2.650 	44059.47611
2.655 	44093.05248
2.660 	44126.14832
2.665 	44158.76977
2.670 	44190.92289
2.675 	44222.61371
2.680 	44253.84817
2.685 	44284.63217
2.690 	44314.97152
2.695 	44344.872
2.700 	44374.3393
2.705 	44403.37908
2.710 	44431.99692
2.715 	44460.19834
2.720 	44487.9888
2.725 	44515.37372
2.730 	44542.35844
2.735 	44568.94824
2.740 	44595.14836
2.745 	44620.96397
2.750 	44646.40018
2.755 	44671.46206
2.760 	44696.1546
2.765 	44720.48275
2.770 	44744.4514
2.775 	44768.06539
2.780 	44791.3295
2.785 	44814.24844
2.790 	44836.82689
2.795 	44859.06947
2.800 	44880.98074
2.805 	44902.56522
2.810 	44923.82736
2.815 	44944.77156
2.820 	44965.40219
2.825 	44985.72354
2.830 	45005.73988
2.835 	45025.45539
2.840 	45044.87424
2.845 	45064.00052
2.850 	45082.83829
2.855 	45101.39156
2.860 	45119.66428
2.865 	45137.66036
2.870 	45155.38367
2.875 	45172.83801
2.880 	45190.02715
2.885 	45206.95482
2.890 	45223.62469
2.895 	45240.04039
2.900 	45256.20551
2.905 	45272.12359
2.910 	45287.79812
2.915 	45303.23256
2.920 	45318.43032
2.925 	45333.39477
2.930 	45348.12923
2.935 	45362.63698
2.940 	45376.92127
2.945 	45390.9853
2.950 	45404.83222
2.955 	45418.46516
2.960 	45431.88719
2.965 	45445.10136
2.970 	45458.11066
2.975 	45470.91805
2.980 	45483.52647
2.985 	45495.93879
2.990 	45508.15787
2.995 	45520.18651
3.000 	45532.0275
3.005 	45543.68355
3.010 	45555.15739
3.015 	45566.45168
3.020 	45577.56904
3.025 	45588.51207
3.030 	45599.28334
3.035 	45609.88538
3.040 	45620.32067
3.045 	45630.59168
3.050 	45640.70083
3.055 	45650.65053
3.060 	45660.44314
3.065 	45670.08098
3.070 	45679.56636
3.075 	45688.90155
3.080 	45698.08878
3.085 	45707.13027
3.090 	45716.02818
3.095 	45724.78467
3.100 	45733.40186
3.105 	45741.88184
3.110 	45750.22666
3.115 	45758.43836
3.120 	45766.51895
3.125 	45774.4704
3.130 	45782.29466
3.135 	45789.99365
3.140 	45797.56927
3.145 	45805.02339
3.150 	45812.35786
3.155 	45819.57448
3.160 	45826.67505
3.165 	45833.66135
3.170 	45840.5351
3.175 	45847.29803
3.180 	45853.95184
3.185 	45860.49819
3.190 	45866.93873
3.195 	45873.27507
3.200 	45879.50883
3.205 	45885.64158
3.210 	45891.67486
3.215 	45897.61022
3.220 	45903.44917
3.225 	45909.19319
3.230 	45914.84374
3.235 	45920.40229
3.240 	45925.87024
3.245 	45931.24902
3.250 	45936.53999
3.255 	45941.74453
3.260 	45946.86398
3.265 	45951.89967
3.270 	45956.8529
3.275 	45961.72496
3.280 	45966.51711
3.285 	45971.23062
3.290 	45975.8667
3.295 	45980.42657
3.300 	45984.91144
3.305 	45989.32247
3.310 	45993.66082
3.315 	45997.92765
3.320 	46002.12408
3.325 	46006.25121
3.330 	46010.31015
3.335 	46014.30196
3.340 	46018.22771
3.345 	46022.08846
3.350 	46025.88521
3.355 	46029.61901
3.360 	46033.29083
3.365 	46036.90167
3.370 	46040.45249
3.375 	46043.94426
3.380 	46047.37791
3.385 	46050.75437
3.390 	46054.07456
3.395 	46057.33937
3.400 	46060.54968
3.405 	46063.70638
3.410 	46066.81032
3.415 	46069.86235
3.420 	46072.8633
3.425 	46075.81399
3.430 	46078.71523
3.435 	46081.56781
3.440 	46084.37253
3.445 	46087.13014
3.450 	46089.84142
3.455 	46092.50711
3.460 	46095.12795
3.465 	46097.70466
3.470 	46100.23796
3.475 	46102.72855
3.480 	46105.17713
3.485 	46107.58437
3.490 	46109.95095
3.495 	46112.27753
3.500 	46114.56476
3.505 	46116.81329
3.510 	46119.02374
3.515 	46121.19673
3.520 	46123.33288
3.525 	46125.43279
3.530 	46127.49705
3.535 	46129.52624
3.540 	46131.52094
3.545 	46133.48172
3.550 	46135.40913
3.555 	46137.30372
3.560 	46139.16603
3.565 	46140.99659
3.570 	46142.79592
3.575 	46144.56454
3.580 	46146.30296
3.585 	46148.01166
3.590 	46149.69115
3.595 	46151.3419
3.600 	46152.96439
3.605 	46154.55909
3.610 	46156.12646
3.615 	46157.66695
3.620 	46159.18101
3.625 	46160.66907
3.630 	46162.13157
3.635 	46163.56893
3.640 	46164.98157
3.645 	46166.36991
3.650 	46167.73434
3.655 	46169.07527
3.660 	46170.39308
3.665 	46171.68817
3.670 	46172.96091
3.675 	46174.21167
3.680 	46175.44083
3.685 	46176.64875
3.690 	46177.83578
3.695 	46179.00226
3.700 	46180.14856
3.705 	46181.275
3.710 	46182.38192
3.715 	46183.46964
3.720 	46184.5385
3.725 	46185.5888
3.730 	46186.62086
3.735 	46187.63499
3.740 	46188.63149
3.745 	46189.61065
3.750 	46190.57277
3.755 	46191.51815
3.760 	46192.44705
3.765 	46193.35976
3.770 	46194.25656
3.775 	46195.1377
3.780 	46196.00347
3.785 	46196.85412
3.790 	46197.6899
3.795 	46198.51107
3.800 	46199.31788
3.805 	46200.11056
3.810 	46200.88937
3.815 	46201.65454
3.820 	46202.4063
3.825 	46203.14487
3.830 	46203.87049
3.835 	46204.58337
3.840 	46205.28374
3.845 	46205.9718
3.850 	46206.64776
3.855 	46207.31184
3.860 	46207.96424
3.865 	46208.60515
3.870 	46209.23478
3.875 	46209.85331
3.880 	46210.46094
3.885 	46211.05785
3.890 	46211.64424
3.895 	46212.22027
3.900 	46212.78613
3.905 	46213.34199
3.910 	46213.88803
3.915 	46214.42441
3.920 	46214.95131
3.925 	46215.46887
3.930 	46215.97728
3.935 	46216.47667
3.940 	46216.96721
3.945 	46217.44906
3.950 	46217.92236
3.955 	46218.38726
3.960 	46218.8439
3.965 	46219.29243
3.970 	46219.733
3.975 	46220.16573
3.980 	46220.59076
3.985 	46221.00823
3.990 	46221.41827
3.995 	46221.821
4.000 	46222.21656
4.005 	46222.60507
4.010 	46222.98666
4.015 	46223.36143
4.020 	46223.72952
4.025 	46224.09103
4.030 	46224.44609
4.035 	46224.7948
4.040 	46225.13727
4.045 	46225.47363
4.050 	46225.80396
4.055 	46226.12838
4.060 	46226.44699
4.065 	46226.7599
4.070 	46227.06719
4.075 	46227.36898
4.080 	46227.66536
4.085 	46227.95641
4.090 	46228.24224
4.095 	46228.52294
4.100 	46228.7986
4.105 	46229.0693
4.110 	46229.33514
4.115 	46229.59619
4.120 	46229.85254
4.125 	46230.10429
4.130 	46230.35149
4.135 	46230.59425
4.140 	46230.83263
4.145 	46231.06671
4.150 	46231.29657
4.155 	46231.52229
4.160 	46231.74393
4.165 	46231.96156
4.170 	46232.17527
4.175 	46232.38511
4.180 	46232.59116
4.185 	46232.79349
4.190 	46232.99215
4.195 	46233.18722
4.200 	46233.37876
4.205 	46233.56683
4.210 	46233.75149
4.215 	46233.9328
4.220 	46234.11083
4.225 	46234.28563
4.230 	46234.45726
4.235 	46234.62577
4.240 	46234.79122
4.245 	46234.95366
4.250 	46235.11316
4.255 	46235.26975
4.260 	46235.4235
4.265 	46235.57445
4.270 	46235.72265
4.275 	46235.86816
4.280 	46236.01102
4.285 	46236.15127
4.290 	46236.28897
4.295 	46236.42416
4.300 	46236.55688
4.305 	46236.68718
4.310 	46236.81511
4.315 	46236.9407
4.320 	46237.06399
4.325 	46237.18503
4.330 	46237.30386
4.335 	46237.42052
4.340 	46237.53505
4.345 	46237.64748
4.350 	46237.75785
4.355 	46237.86621
4.360 	46237.97258
4.365 	46238.077
4.370 	46238.1795
4.375 	46238.28013
4.380 	46238.37892
4.385 	46238.47589
4.390 	46238.57108
4.395 	46238.66453
4.400 	46238.75626
4.405 	46238.8463
4.410 	46238.93469
4.415 	46239.02146
4.420 	46239.10663
4.425 	46239.19023
4.430 	46239.2723
4.435 	46239.35286
4.440 	46239.43193
4.445 	46239.50955
4.450 	46239.58574
4.455 	46239.66052
4.460 	46239.73393
4.465 	46239.80598
4.470 	46239.87671
4.475 	46239.94613
4.480 	46240.01426
4.485 	46240.08115
4.490 	46240.14679
4.495 	46240.21122
4.500 	46240.27447
4.505 	46240.33654
4.510 	46240.39747
4.515 	46240.45727
4.520 	46240.51596
4.525 	46240.57357
4.530 	46240.63011
4.535 	46240.6856
4.540 	46240.74006
4.545 	46240.79352
4.550 	46240.84599
4.555 	46240.89748
4.560 	46240.94802
4.565 	46240.99762
4.570 	46241.0463
4.575 	46241.09408
4.580 	46241.14097
4.585 	46241.18699
4.590 	46241.23215
4.595 	46241.27647
4.600 	46241.31998
4.605 	46241.36267
4.610 	46241.40457
4.615 	46241.44568
4.620 	46241.48604
4.625 	46241.52564
4.630 	46241.56451
4.635 	46241.60265
4.640 	46241.64008
4.645 	46241.67681
4.650 	46241.71286
4.655 	46241.74823
4.660 	46241.78295
4.665 	46241.81702
4.670 	46241.85045
4.675 	46241.88326
4.680 	46241.91546
4.685 	46241.94705
4.690 	46241.97805
4.695 	46242.00848
4.700 	46242.03834
4.705 	46242.06763
4.710 	46242.09638
4.715 	46242.12459
4.720 	46242.15228
4.725 	46242.17944
4.730 	46242.2061
4.735 	46242.23226
4.740 	46242.25793
4.745 	46242.28311
4.750 	46242.30783
4.755 	46242.33208
4.760 	46242.35588
4.765 	46242.37923
4.770 	46242.40214
4.775 	46242.42462
4.780 	46242.44668
4.785 	46242.46833
4.790 	46242.48957
4.795 	46242.51041
4.800 	46242.53086
4.805 	46242.55092
4.810 	46242.57061
4.815 	46242.58992
4.820 	46242.60888
4.825 	46242.62747
4.830 	46242.64572
4.835 	46242.66362
4.840 	46242.68119
4.845 	46242.69842
4.850 	46242.71533
4.855 	46242.73192
4.860 	46242.7482
4.865 	46242.76417
4.870 	46242.77984
4.875 	46242.79522
4.880 	46242.8103
4.885 	46242.8251
4.890 	46242.83962
4.895 	46242.85387
4.900 	46242.86785
4.905 	46242.88156
4.910 	46242.89502
4.915 	46242.90822
4.920 	46242.92117
4.925 	46242.93387
4.930 	46242.94634
4.935 	46242.95857
4.940 	46242.97056
4.945 	46242.98233
4.950 	46242.99388
4.955 	46243.00521
4.960 	46243.01632
4.965 	46243.02723
4.970 	46243.03793
4.975 	46243.04842
4.980 	46243.05872
4.985 	46243.06882
4.990 	46243.07872
4.995 	46243.08844
5.000 	46243.09798
5.005 	46243.10734
5.010 	46243.11651
5.015 	46243.12552
5.020 	46243.13435
5.025 	46243.14301
5.030 	46243.15151
5.035 	46243.15985
5.040 	46243.16803
5.045 	46243.17605
5.050 	46243.18392
5.055 	46243.19165
5.060 	46243.19922
5.065 	46243.20665
5.070 	46243.21394
5.075 	46243.22109
5.080 	46243.2281
5.085 	46243.23498
5.090 	46243.24173
5.095 	46243.24835
5.100 	46243.25485
5.105 	46243.26122
5.110 	46243.26747
5.115 	46243.2736
5.120 	46243.27961
5.125 	46243.28551
5.130 	46243.29129
5.135 	46243.29697
5.140 	46243.30253
5.145 	46243.30799
5.150 	46243.31335
5.155 	46243.3186
5.160 	46243.32376
5.165 	46243.32881
5.170 	46243.33377
5.175 	46243.33863
5.180 	46243.3434
5.185 	46243.34808
5.190 	46243.35267
5.195 	46243.35717
5.200 	46243.36159
5.205 	46243.36592
5.210 	46243.37017
5.215 	46243.37433
5.220 	46243.37842
5.225 	46243.38243
5.230 	46243.38636
5.235 	46243.39021
5.240 	46243.394
5.245 	46243.3977
5.250 	46243.40134
5.255 	46243.40491
5.260 	46243.40841
5.265 	46243.41184
5.270 	46243.41521
5.275 	46243.41851
5.280 	46243.42175
5.285 	46243.42493
5.290 	46243.42804
5.295 	46243.4311
5.300 	46243.4341
5.305 	46243.43703
5.310 	46243.43992
5.315 	46243.44274
5.320 	46243.44552
5.325 	46243.44824
5.330 	46243.4509
5.335 	46243.45352
5.340 	46243.45608
5.345 	46243.4586
5.350 	46243.46107
5.355 	46243.46349
5.360 	46243.46586
5.365 	46243.46819
5.370 	46243.47047
5.375 	46243.47271
5.380 	46243.47491
5.385 	46243.47706
5.390 	46243.47917
5.395 	46243.48124
5.400 	46243.48327
5.405 	46243.48526
5.410 	46243.48722
5.415 	46243.48913
5.420 	46243.49101
5.425 	46243.49285
5.430 	46243.49466
5.435 	46243.49643
5.440 	46243.49817
5.445 	46243.49987
5.450 	46243.50154
5.455 	46243.50318
5.460 	46243.50479
5.465 	46243.50636
5.470 	46243.50791
5.475 	46243.50942
5.480 	46243.51091
5.485 	46243.51237
5.490 	46243.5138
5.495 	46243.5152
5.500 	46243.51657
5.505 	46243.51792
5.510 	46243.51924
5.515 	46243.52054
5.520 	46243.52181
5.525 	46243.52305
5.530 	46243.52428
5.535 	46243.52547
5.540 	46243.52665
5.545 	46243.5278
5.550 	46243.52893
5.555 	46243.53004
5.560 	46243.53113
5.565 	46243.53219
5.570 	46243.53324
5.575 	46243.53426
5.580 	46243.53526
5.585 	46243.53625
5.590 	46243.53721
5.595 	46243.53816
5.600 	46243.53909
5.605 	46243.54
5.610 	46243.54089
5.615 	46243.54177
5.620 	46243.54263
5.625 	46243.54347
5.630 	46243.54429
5.635 	46243.5451
5.640 	46243.5459
5.645 	46243.54667
5.650 	46243.54744
5.655 	46243.54819
5.660 	46243.54892
5.665 	46243.54964
5.670 	46243.55034
5.675 	46243.55103
5.680 	46243.55171
5.685 	46243.55238
5.690 	46243.55303
5.695 	46243.55367
5.700 	46243.55429
5.705 	46243.55491
5.710 	46243.55551
5.715 	46243.5561
5.720 	46243.55668
5.725 	46243.55725
5.730 	46243.55781
5.735 	46243.55835
5.740 	46243.55889
5.745 	46243.55941
5.750 	46243.55993
5.755 	46243.56043
5.760 	46243.56092
5.765 	46243.56141
5.770 	46243.56188
5.775 	46243.56235
5.780 	46243.56281
5.785 	46243.56326
5.790 	46243.56369
5.795 	46243.56413
