0.800 	101975.8041
0.805 	95871.48889
0.810 	90114.64937
0.815 	84686.81955
0.820 	79570.43861
0.825 	74748.80983
0.830 	70206.06144
0.835 	65927.10895
0.840 	61897.61921
0.845 	58103.97594
0.850 	54533.24677
0.855 	51173.15166
0.860 	48012.03267
0.865 	45038.82506
0.870 	42243.02964
0.875 	39614.68626
0.880 	37144.34854
0.885 	34823.0596
0.890 	32642.32893
0.895 	30594.11023
0.900 	28670.78021
0.905 	26865.1184
0.910 	25170.28772
0.915 	23579.81603
0.920 	22087.57845
0.925 	20687.78045
0.930 	19374.94175
0.935 	18143.88085
0.940 	16989.70037
0.945 	15907.77294
0.950 	14893.72783
0.955 	13943.43808
0.960 	13053.00832
0.965 	12218.76308
0.970 	11437.23564
0.975 	10705.15744
0.980 	10019.44791
0.985 	9377.204839
0.990 	8775.695125
0.995 	8212.346026
1.000 	7684.736766
1.005 	7190.590563
1.010 	6727.767025
1.015 	6294.254908
1.020 	5888.165219
1.025 	5507.724649
1.030 	5151.269321
1.035 	4817.238836
1.040 	4504.170614
1.045 	4210.694504
1.050 	3935.52766
1.055 	3677.469667
1.060 	3435.397912
1.065 	3208.263177
1.070 	2995.085455
1.075 	2794.949977
1.080 	2607.003437
1.085 	2430.450405
1.090 	2264.549929
1.095 	2108.612303
1.100 	1961.996006
1.105 	1824.104798
1.110 	1694.384965
1.115 	1572.322711
1.120 	1457.441685
1.125 	1349.300638
1.130 	1247.491205
1.135 	1151.635811
1.140 	1061.38568
1.145 	976.4189621
1.150 	896.4389551
1.155 	821.1724288
1.160 	750.3680402
1.165 	683.7948376
1.170 	621.2408489
1.175 	562.5117496
1.180 	507.4296077
1.185 	455.8317003
1.190 	407.5693988
1.195 	362.5071204
1.200 	320.521341
1.205 	281.4996669
1.210 	245.3399628
1.215 	211.9495331
1.220 	181.2443531
1.225 	153.1483481
1.230 	127.5927184
1.235 	104.5153064
1.240 	83.86000473
1.245 	65.57620339
1.250 	49.6182726
1.255 	35.94508064
1.260 	24.51954435
1.265 	15.30821037
1.270 	8.280865684
1.275 	3.410175747
1.280 	0.671348635
1.285 	#VALUE!
1.290 	1.500984145
1.295 	5.029889658
1.300 	10.61103211
1.305 	18.22810884
1.310 	27.86581496
1.315 	39.50965278
1.320 	53.14575732
1.325 	68.76073713
1.330 	86.3415293
1.335 	105.8752679
1.340 	127.3491649
1.345 	150.7504031
1.350 	176.0660397
1.355 	203.2829202
1.360 	232.3876025
1.365 	263.3662893
1.370 	296.2047689
1.375 	330.8883642
1.380 	367.401889
1.385 	405.7296102
1.390 	445.8552174
1.395 	487.7617974
1.400 	531.4318144
1.405 	576.8470953
1.410 	623.9888191
1.415 	672.8375111
1.420 	723.3730402
1.425 	775.5746206
1.430 	829.4208161
1.435 	884.8895471
1.440 	941.9581012
1.445 	1000.603145
1.450 	1060.800741
1.455 	1122.526359
1.460 	1185.7549
1.465 	1250.460714
1.470 	1316.61762
1.475 	1384.198928
1.480 	1453.177467
1.485 	1523.525603
1.490 	1595.215269
1.495 	1668.217986
1.500 	1742.504894
1.505 	1818.046774
1.510 	1894.814079
1.515 	1972.776956
1.520 	2051.905278
1.525 	2132.168666
1.530 	2213.53652
1.535 	2295.978044
1.540 	2379.462271
1.545 	2463.958092
1.550 	2549.434279
1.555 	2635.859516
1.560 	2723.202414
1.565 	2811.431549
1.570 	2900.515472
1.575 	2990.422746
1.580 	3081.121957
1.585 	3172.581748
1.590 	3264.770829
1.595 	3357.658011
1.600 	3451.212214
1.605 	3545.402498
1.610 	3640.198075
1.615 	3735.568331
1.620 	3831.482843
1.625 	3927.911398
1.630 	4024.824007
1.635 	4122.190923
1.640 	4219.982656
1.645 	4318.169988
1.650 	4416.723985
1.655 	4515.616014
1.660 	4614.817752
1.665 	4714.301201
1.670 	4814.038697
1.675 	4914.002922
1.680 	5014.166915
1.685 	5114.504079
1.690 	5214.988193
1.695 	5315.593418
1.700 	5416.294305
1.705 	5517.065804
1.710 	5617.883269
1.715 	5718.722463
1.720 	5819.559567
1.725 	5920.371182
1.730 	6021.134333
1.735 	6121.826478
1.740 	6222.425505
1.745 	6322.909739
1.750 	6423.257943
1.755 	6523.449324
1.760 	6623.463528
1.765 	6723.280647
1.770 	6822.881216
1.775 	6922.24622
1.780 	7021.357084
1.785 	7120.195684
1.790 	7218.744336
1.795 	7316.985806
1.800 	7414.903297
1.805 	7512.48046
1.810 	7609.701381
1.815 	7706.550587
1.820 	7803.013039
1.825 	7899.074133
1.830 	7994.719693
1.835 	8089.935972
1.840 	8184.709649
1.845 	8279.02782
1.850 	8372.878
1.855 	8466.248118
1.860 	8559.126512
1.865 	8651.501925
1.870 	8743.3635
1.875 	8834.700778
1.880 	8925.503691
1.885 	9015.762559
1.890 	9105.468082
1.895 	9194.61134
1.900 	9283.183784
1.905 	9371.177233
1.910 	9458.583866
1.915 	9545.39622
1.920 	9631.607183
1.925 	9717.20999
1.930 	9802.198212
1.935 	9886.56576
1.940 	9970.306871
1.945 	10053.41611
1.950 	10135.88834
1.955 	10217.71877
1.960 	10298.90289
1.965 	10379.4365
1.970 	10459.31568
1.975 	10538.53683
1.980 	10617.0966
1.985 	10694.99194
1.990 	10772.22007
1.995 	10848.77845
2.000 	10924.66484
2.005 	10999.87722
2.010 	11074.41384
2.015 	11148.2732
2.020 	11221.454
2.025 	11293.95521
2.030 	11365.77602
2.035 	11436.91583
2.040 	11507.37425
2.045 	11577.15112
2.050 	11646.24647
2.055 	11714.66054
2.060 	11782.39376
2.065 	11849.44674
2.070 	11915.82029
2.075 	11981.51537
2.080 	12046.53316
2.085 	12110.87497
2.090 	12174.54228
2.095 	12237.53674
2.100 	12299.86014
2.105 	12361.51445
2.110 	12422.50173
2.115 	12482.82424
2.120 	12542.48433
2.125 	12601.48451
2.130 	12659.82739
2.135 	12717.51573
2.140 	12774.55238
2.145 	12830.94034
2.150 	12886.68267
2.155 	12941.78258
2.160 	12996.24335
2.165 	13050.06839
2.170 	13103.26117
2.175 	13155.82527
2.180 	13207.76435
2.185 	13259.08215
2.190 	13309.78249
2.195 	13359.86928
2.200 	13409.34647
2.205 	13458.21811
2.210 	13506.48831
2.215 	13554.16121
2.220 	13601.24105
2.225 	13647.73211
2.230 	13693.63872
2.235 	13738.96525
2.240 	13783.71614
2.245 	13827.89586
2.250 	13871.50892
2.255 	13914.55987
2.260 	13957.05331
2.265 	13998.99384
2.270 	14040.38613
2.275 	14081.23484
2.280 	14121.5447
2.285 	14161.32042
2.290 	14200.56676
2.295 	14239.28848
2.300 	14277.49038
2.305 	14315.17725
2.310 	14352.35391
2.315 	14389.02518
2.320 	14425.1959
2.325 	14460.87091
2.330 	14496.05505
2.335 	14530.75317
2.340 	14564.97013
2.345 	14598.71077
2.350 	14631.97995
2.355 	14664.78251
2.360 	14697.12329
2.365 	14729.00713
2.370 	14760.43886
2.375 	14791.42329
2.380 	14821.96524
2.385 	14852.06951
2.390 	14881.74087
2.395 	14910.9841
2.400 	14939.80395
2.405 	14968.20517
2.410 	14996.19247
2.415 	15023.77056
2.420 	15050.94413
2.425 	15077.71783
2.430 	15104.09632
2.435 	15130.0842
2.440 	15155.68609
2.445 	15180.90654
2.450 	15205.75012
2.455 	15230.22134
2.460 	15254.32471
2.465 	15278.0647
2.470 	15301.44574
2.475 	15324.47226
2.480 	15347.14864
2.485 	15369.47924
2.490 	15391.46838
2.495 	15413.12038
2.500 	15434.43949
2.505 	15455.42995
2.510 	15476.09597
2.515 	15496.44172
2.520 	15516.47134
2.525 	15536.18893
2.530 	15555.59858
2.535 	15574.70432
2.540 	15593.51017
2.545 	15612.02009
2.550 	15630.23803
2.555 	15648.16789
2.560 	15665.81354
2.565 	15683.17882
2.570 	15700.26754
2.575 	15717.08345
2.580 	15733.63029
2.585 	15749.91175
2.590 	15765.93151
2.595 	15781.69317
2.600 	15797.20033
2.605 	15812.45654
2.610 	15827.46533
2.615 	15842.23016
2.620 	15856.75451
2.625 	15871.04176
2.630 	15885.0953
2.635 	15898.91847
2.640 	15912.51457
2.645 	15925.88687
2.650 	15939.03861
2.655 	15951.97298
2.660 	15964.69314
2.665 	15977.20223
2.670 	15989.50333
2.675 	16001.5995
2.680 	16013.49377
2.685 	16025.18911
2.690 	16036.6885
2.695 	16047.99483
2.700 	16059.11101
2.705 	16070.03987
2.710 	16080.78423
2.715 	16091.34688
2.720 	16101.73057
2.725 	16111.938
2.730 	16121.97187
2.735 	16131.83482
2.740 	16141.52946
2.745 	16151.05839
2.750 	16160.42414
2.755 	16169.62924
2.760 	16178.67618
2.765 	16187.56741
2.770 	16196.30536
2.775 	16204.89241
2.780 	16213.33093
2.785 	16221.62325
2.790 	16229.77167
2.795 	16237.77845
2.800 	16245.64584
2.805 	16253.37604
2.810 	16260.97124
2.815 	16268.43359
2.820 	16275.7652
2.825 	16282.96817
2.830 	16290.04457
2.835 	16296.99642
2.840 	16303.82574
2.845 	16310.53451
2.850 	16317.12468
2.855 	16323.59817
2.860 	16329.95689
2.865 	16336.2027
2.870 	16342.33745
2.875 	16348.36296
2.880 	16354.28101
2.885 	16360.09339
2.890 	16365.80183
2.895 	16371.40804
2.900 	16376.91373
2.905 	16382.32055
2.910 	16387.63015
2.915 	16392.84415
2.920 	16397.96415
2.925 	16402.99171
2.930 	16407.92839
2.935 	16412.77571
2.940 	16417.53518
2.945 	16422.20827
2.950 	16426.79644
2.955 	16431.30114
2.960 	16435.72377
2.965 	16440.06573
2.970 	16444.32839
2.975 	16448.51311
2.980 	16452.62121
2.985 	16456.654
2.990 	16460.61278
2.995 	16464.49881
3.000 	16468.31335
3.005 	16472.05763
3.010 	16475.73285
3.015 	16479.34022
3.020 	16482.88092
3.025 	16486.35608
3.030 	16489.76686
3.035 	16493.11437
3.040 	16496.39972
3.045 	16499.624
3.050 	16502.78826
3.055 	16505.89356
3.060 	16508.94094
3.065 	16511.93142
3.070 	16514.86598
3.075 	16517.74563
3.080 	16520.57133
3.085 	16523.34403
3.090 	16526.06467
3.095 	16528.73418
3.100 	16531.35346
3.105 	16533.9234
3.110 	16536.44489
3.115 	16538.91879
3.120 	16541.34595
3.125 	16543.72721
3.130 	16546.06338
3.135 	16548.35528
3.140 	16550.6037
3.145 	16552.80942
3.150 	16554.97322
3.155 	16557.09585
3.160 	16559.17805
3.165 	16561.22056
3.170 	16563.22409
3.175 	16565.18935
3.180 	16567.11703
3.185 	16569.00783
3.190 	16570.8624
3.195 	16572.68142
3.200 	16574.46553
3.205 	16576.21536
3.210 	16577.93155
3.215 	16579.61471
3.220 	16581.26545
3.225 	16582.88437
3.230 	16584.47204
3.235 	16586.02905
3.240 	16587.55595
3.245 	16589.05332
3.250 	16590.52168
3.255 	16591.96158
3.260 	16593.37355
3.265 	16594.7581
3.270 	16596.11574
3.275 	16597.44698
3.280 	16598.7523
3.285 	16600.03219
3.290 	16601.28712
3.295 	16602.51756
3.300 	16603.72397
3.305 	16604.90679
3.310 	16606.06647
3.315 	16607.20344
3.320 	16608.31813
3.325 	16609.41095
3.330 	16610.48233
3.335 	16611.53266
3.340 	16612.56234
3.345 	16613.57175
3.350 	16614.5613
3.355 	16615.53134
3.360 	16616.48224
3.365 	16617.41438
3.370 	16618.32811
3.375 	16619.22377
3.380 	16620.10172
3.385 	16620.96228
3.390 	16621.80579
3.395 	16622.63257
3.400 	16623.44295
3.405 	16624.23724
3.410 	16625.01574
3.415 	16625.77876
3.420 	16626.52659
3.425 	16627.25953
3.430 	16627.97786
3.435 	16628.68186
3.440 	16629.37181
3.445 	16630.04798
3.450 	16630.71063
3.455 	16631.36003
3.460 	16631.99643
3.465 	16632.62008
3.470 	16633.23123
3.475 	16633.83013
3.480 	16634.417
3.485 	16634.99208
3.490 	16635.5556
3.495 	16636.10779
3.500 	16636.64886
3.505 	16637.17904
3.510 	16637.69853
3.515 	16638.20754
3.520 	16638.70628
3.525 	16639.19495
3.530 	16639.67375
3.535 	16640.14286
3.540 	16640.60248
3.545 	16641.05279
3.550 	16641.49398
3.555 	16641.92623
3.560 	16642.34971
3.565 	16642.76459
3.570 	16643.17104
3.575 	16643.56923
3.580 	16643.95933
3.585 	16644.34148
3.590 	16644.71585
3.595 	16645.0826
3.600 	16645.44187
3.605 	16645.79381
3.610 	16646.13856
3.615 	16646.47627
3.620 	16646.80708
3.625 	16647.13113
3.630 	16647.44855
3.635 	16647.75946
3.640 	16648.06401
3.645 	16648.36231
3.650 	16648.6545
3.655 	16648.94069
3.660 	16649.221
3.665 	16649.49555
3.670 	16649.76446
3.675 	16650.02784
3.680 	16650.28579
3.685 	16650.53844
3.690 	16650.78587
3.695 	16651.02821
3.700 	16651.26555
3.705 	16651.49799
3.710 	16651.72563
3.715 	16651.94856
3.720 	16652.16689
3.725 	16652.3807
3.730 	16652.59009
3.735 	16652.79514
3.740 	16652.99594
3.745 	16653.19258
3.750 	16653.38514
3.755 	16653.5737
3.760 	16653.75835
3.765 	16653.93916
3.770 	16654.11622
3.775 	16654.28959
3.780 	16654.45935
3.785 	16654.62558
3.790 	16654.78835
3.795 	16654.94773
3.800 	16655.10378
3.805 	16655.25658
3.810 	16655.40619
3.815 	16655.55267
3.820 	16655.6961
3.825 	16655.83653
3.830 	16655.97402
3.835 	16656.10863
3.840 	16656.24042
3.845 	16656.36946
3.850 	16656.49579
3.855 	16656.61947
3.860 	16656.74056
3.865 	16656.85911
3.870 	16656.97516
3.875 	16657.08879
3.880 	16657.20002
3.885 	16657.30891
3.890 	16657.41551
3.895 	16657.51987
3.900 	16657.62204
3.905 	16657.72205
3.910 	16657.81995
3.915 	16657.91579
3.920 	16658.0096
3.925 	16658.10144
3.930 	16658.19134
3.935 	16658.27933
3.940 	16658.36547
3.945 	16658.44979
3.950 	16658.53232
3.955 	16658.61311
3.960 	16658.69219
3.965 	16658.76959
3.970 	16658.84535
3.975 	16658.91951
3.980 	16658.99209
3.985 	16659.06313
3.990 	16659.13267
3.995 	16659.20073
4.000 	16659.26734
4.005 	16659.33253
4.010 	16659.39634
4.015 	16659.4588
4.020 	16659.51992
4.025 	16659.57974
4.030 	16659.63829
4.035 	16659.69559
4.040 	16659.75166
4.045 	16659.80655
4.050 	16659.86026
4.055 	16659.91282
4.060 	16659.96426
4.065 	16660.01461
4.070 	16660.06387
4.075 	16660.11209
4.080 	16660.15927
4.085 	16660.20544
4.090 	16660.25063
4.095 	16660.29484
4.100 	16660.33811
4.105 	16660.38045
4.110 	16660.42189
4.115 	16660.46243
4.120 	16660.50211
4.125 	16660.54093
4.130 	16660.57892
4.135 	16660.6161
4.140 	16660.65247
4.145 	16660.68806
4.150 	16660.72289
4.155 	16660.75697
4.160 	16660.79031
4.165 	16660.82294
4.170 	16660.85486
4.175 	16660.8861
4.180 	16660.91666
4.185 	16660.94656
4.190 	16660.97582
4.195 	16661.00445
4.200 	16661.03245
4.205 	16661.05986
4.210 	16661.08667
4.215 	16661.1129
4.220 	16661.13856
4.225 	16661.16367
4.230 	16661.18824
4.235 	16661.21227
4.240 	16661.23579
4.245 	16661.25879
4.250 	16661.2813
4.255 	16661.30332
4.260 	16661.32486
4.265 	16661.34593
4.270 	16661.36655
4.275 	16661.38671
4.280 	16661.40645
4.285 	16661.42575
4.290 	16661.44463
4.295 	16661.4631
4.300 	16661.48117
4.305 	16661.49885
4.310 	16661.51614
4.315 	16661.53306
4.320 	16661.54961
4.325 	16661.56579
4.330 	16661.58163
4.335 	16661.59712
4.340 	16661.61227
4.345 	16661.62709
4.350 	16661.64159
4.355 	16661.65577
4.360 	16661.66964
4.365 	16661.68321
4.370 	16661.69648
4.375 	16661.70946
4.380 	16661.72216
4.385 	16661.73458
4.390 	16661.74673
4.395 	16661.75861
4.400 	16661.77024
4.405 	16661.7816
4.410 	16661.79272
4.415 	16661.8036
4.420 	16661.81424
4.425 	16661.82464
4.430 	16661.83482
4.435 	16661.84477
4.440 	16661.8545
4.445 	16661.86402
4.450 	16661.87333
4.455 	16661.88244
4.460 	16661.89135
4.465 	16661.90006
4.470 	16661.90858
4.475 	16661.91691
4.480 	16661.92506
4.485 	16661.93303
4.490 	16661.94082
4.495 	16661.94844
4.500 	16661.9559
4.505 	16661.96319
4.510 	16661.97032
4.515 	16661.97729
4.520 	16661.98411
4.525 	16661.99077
4.530 	16661.99729
4.535 	16662.00367
4.540 	16662.00991
4.545 	16662.01601
4.550 	16662.02197
4.555 	16662.0278
4.560 	16662.0335
4.565 	16662.03908
4.570 	16662.04453
4.575 	16662.04987
4.580 	16662.05508
4.585 	16662.06018
4.590 	16662.06517
4.595 	16662.07004
4.600 	16662.07481
4.605 	16662.07947
4.610 	16662.08403
4.615 	16662.08849
4.620 	16662.09285
4.625 	16662.09711
4.630 	16662.10128
4.635 	16662.10535
4.640 	16662.10934
4.645 	16662.11323
4.650 	16662.11704
4.655 	16662.12076
4.660 	16662.12441
4.665 	16662.12797
4.670 	16662.13145
4.675 	16662.13485
4.680 	16662.13818
4.685 	16662.14144
4.690 	16662.14462
4.695 	16662.14773
4.700 	16662.15077
4.705 	16662.15374
4.710 	16662.15665
4.715 	16662.15949
4.720 	16662.16227
4.725 	16662.16499
4.730 	16662.16765
4.735 	16662.17025
4.740 	16662.17278
4.745 	16662.17527
4.750 	16662.17769
4.755 	16662.18007
4.760 	16662.18239
4.765 	16662.18466
4.770 	16662.18687
4.775 	16662.18904
4.780 	16662.19116
4.785 	16662.19323
4.790 	16662.19526
4.795 	16662.19724
4.800 	16662.19917
4.805 	16662.20107
4.810 	16662.20292
4.815 	16662.20472
4.820 	16662.20649
4.825 	16662.20822
4.830 	16662.20991
4.835 	16662.21156
4.840 	16662.21318
4.845 	16662.21476
4.850 	16662.2163
4.855 	16662.21781
4.860 	16662.21928
4.865 	16662.22072
4.870 	16662.22213
4.875 	16662.22351
4.880 	16662.22486
4.885 	16662.22617
4.890 	16662.22746
4.895 	16662.22871
4.900 	16662.22994
4.905 	16662.23115
4.910 	16662.23232
4.915 	16662.23347
4.920 	16662.23459
4.925 	16662.23569
4.930 	16662.23676
4.935 	16662.23781
4.940 	16662.23883
4.945 	16662.23983
4.950 	16662.24081
4.955 	16662.24177
4.960 	16662.2427
4.965 	16662.24362
4.970 	16662.24451
4.975 	16662.24538
4.980 	16662.24624
4.985 	16662.24707
4.990 	16662.24789
4.995 	16662.24868
5.000 	16662.24946
5.005 	16662.25022
5.010 	16662.25097
5.015 	16662.25169
5.020 	16662.2524
5.025 	16662.2531
5.030 	16662.25378
5.035 	16662.25444
5.040 	16662.25509
5.045 	16662.25572
5.050 	16662.25634
5.055 	16662.25695
5.060 	16662.25754
5.065 	16662.25812
5.070 	16662.25868
5.075 	16662.25924
5.080 	16662.25978
5.085 	16662.2603
5.090 	16662.26082
5.095 	16662.26132
5.100 	16662.26182
5.105 	16662.2623
5.110 	16662.26277
5.115 	16662.26323
5.120 	16662.26368
5.125 	16662.26412
5.130 	16662.26454
5.135 	16662.26496
5.140 	16662.26537
5.145 	16662.26577
5.150 	16662.26616
5.155 	16662.26655
5.160 	16662.26692
5.165 	16662.26729
5.170 	16662.26764
5.175 	16662.26799
5.180 	16662.26833
5.185 	16662.26867
5.190 	16662.26899
5.195 	16662.26931
5.200 	16662.26962
5.205 	16662.26992
5.210 	16662.27022
5.215 	16662.27051
5.220 	16662.27079
5.225 	16662.27107
5.230 	16662.27134
5.235 	16662.27161
5.240 	16662.27186
5.245 	16662.27212
5.250 	16662.27236
5.255 	16662.2726
5.260 	16662.27284
5.265 	16662.27307
5.270 	16662.27329
5.275 	16662.27351
5.280 	16662.27373
5.285 	16662.27394
5.290 	16662.27414
5.295 	16662.27434
5.300 	16662.27454
5.305 	16662.27473
5.310 	16662.27492
5.315 	16662.2751
5.320 	16662.27528
5.325 	16662.27545
5.330 	16662.27562
5.335 	16662.27579
5.340 	16662.27595
5.345 	16662.27611
5.350 	16662.27627
5.355 	16662.27642
5.360 	16662.27657
5.365 	16662.27671
5.370 	16662.27685
5.375 	16662.27699
5.380 	16662.27713
5.385 	16662.27726
5.390 	16662.27739
5.395 	16662.27751
5.400 	16662.27764
5.405 	16662.27776
5.410 	16662.27787
5.415 	16662.27799
5.420 	16662.2781
5.425 	16662.27821
5.430 	16662.27832
5.435 	16662.27842
5.440 	16662.27852
5.445 	16662.27862
5.450 	16662.27872
5.455 	16662.27882
5.460 	16662.27891
5.465 	16662.279
5.470 	16662.27909
5.475 	16662.27918
5.480 	16662.27926
5.485 	16662.27934
5.490 	16662.27943
5.495 	16662.2795
5.500 	16662.27958
5.505 	16662.27966
5.510 	16662.27973
5.515 	16662.2798
5.520 	16662.27987
5.525 	16662.27994
5.530 	16662.28001
5.535 	16662.28008
5.540 	16662.28014
5.545 	16662.2802
5.550 	16662.28026
5.555 	16662.28032
5.560 	16662.28038
5.565 	16662.28044
5.570 	16662.28049
5.575 	16662.28055
5.580 	16662.2806
5.585 	16662.28065
5.590 	16662.2807
5.595 	16662.28075
5.600 	16662.2808
5.605 	16662.28085
5.610 	16662.2809
5.615 	16662.28094
5.620 	16662.28098
5.625 	16662.28103
5.630 	16662.28107
5.635 	16662.28111
5.640 	16662.28115
5.645 	16662.28119
5.650 	16662.28123
5.655 	16662.28127
5.660 	16662.2813
5.665 	16662.28134
5.670 	16662.28137
5.675 	16662.28141
5.680 	16662.28144
5.685 	16662.28147
5.690 	16662.28151
5.695 	16662.28154
5.700 	16662.28157
5.705 	16662.2816
5.710 	16662.28162
5.715 	16662.28165
5.720 	16662.28168
5.725 	16662.28171
5.730 	16662.28173
5.735 	16662.28176
5.740 	16662.28178
5.745 	16662.28181
5.750 	16662.28183
5.755 	16662.28186
5.760 	16662.28188
5.765 	16662.2819
5.770 	16662.28192
5.775 	16662.28194
5.780 	16662.28197
5.785 	16662.28199
5.790 	16662.28201
5.795 	16662.28203
