0.800 	157875.0386
0.805 	151981.4533
0.810 	146269.2345
0.815 	140733.5239
0.820 	135369.5878
0.825 	130172.8134
0.830 	125138.7061
0.835 	120262.8865
0.840 	115541.0872
0.845 	110969.1504
0.850 	106543.0248
0.855 	102258.763
0.860 	98112.51883
0.865 	94100.54506
0.870 	90219.19052
0.875 	86464.89788
0.880 	82834.20126
0.885 	79323.7239
0.890 	75930.17588
0.895 	72650.35198
0.900 	69481.1295
0.905 	66419.46619
0.910 	63462.3982
0.915 	60607.03813
0.920 	57850.57306
0.925 	55190.26268
0.930 	52623.43746
0.935 	50147.49687
0.940 	47759.9076
0.945 	45458.20189
0.950 	43239.97586
0.955 	41102.88791
0.960 	39044.65711
0.965 	37063.0617
0.970 	35155.93758
0.975 	33321.17682
0.980 	31556.72632
0.985 	29860.58631
0.990 	28230.80912
0.995 	26665.49774
1.000 	25162.80465
1.005 	23720.93048
1.010 	22338.12284
1.015 	21012.6751
1.020 	19742.92527
1.025 	18527.25482
1.030 	17364.08762
1.035 	16251.88883
1.040 	15189.16389
1.045 	14174.45746
1.050 	13206.35247
1.055 	12283.4691
1.060 	11404.46389
1.065 	10568.02874
1.070 	9772.890116
1.075 	9017.808073
1.080 	8301.575465
1.085 	7623.017091
1.090 	6980.988881
1.095 	6374.377115
1.100 	5802.097643
1.105 	5263.095137
1.110 	4756.342358
1.115 	4280.839443
1.120 	3835.613206
1.125 	3419.71646
1.130 	3032.227357
1.135 	2672.248741
1.140 	2338.90752
1.145 	2031.354054
1.150 	1748.761554
1.155 	1490.325503
1.160 	1255.263086
1.165 	1042.812638
1.170 	852.2331039
1.175 	682.8035105
1.180 	533.822456
1.185 	404.6076089
1.190 	294.495221
1.195 	202.839652
1.200 	129.0129063
1.205 	72.40418196
1.210 	32.41942977
1.215 	8.480924741
1.220 	0.55
1.225 	6.510876862
1.230 	27.40179164
1.235 	62.18308379
1.240 	110.3525803
1.245 	171.4220749
1.250 	244.9169691
1.255 	330.3759224
1.260 	427.3505106
1.265 	535.4048937
1.270 	654.1154915
1.275 	783.0706674
1.280 	921.8704203
1.285 	1070.126084
1.290 	1227.460036
1.295 	1393.505409
1.300 	1567.905815
1.305 	1750.315074
1.310 	1940.396948
1.315 	2137.824884
1.320 	2342.281763
1.325 	2553.459656
1.330 	2771.059583
1.335 	2994.791281
1.340 	3224.372977
1.345 	3459.531169
1.350 	3700.000405
1.355 	3945.52308
1.360 	4195.849225
1.365 	4450.736309
1.370 	4709.949046
1.375 	4973.259204
1.380 	5240.445418
1.385 	5511.293013
1.390 	5785.593827
1.395 	6063.146037
1.400 	6343.753997
1.405 	6627.228069
1.410 	6913.384471
1.415 	7202.045115
1.420 	7493.037463
1.425 	7786.194375
1.430 	8081.353968
1.435 	8378.359475
1.440 	8677.059111
1.445 	8977.305938
1.450 	9278.957736
1.455 	9581.876877
1.460 	9885.930204
1.465 	10190.98891
1.470 	10496.92841
1.475 	10803.62826
1.480 	11110.972
1.485 	11418.84709
1.490 	11727.14477
1.495 	12035.75998
1.500 	12344.59125
1.505 	12653.54059
1.510 	12962.51343
1.515 	13271.41849
1.520 	13580.16772
1.525 	13888.6762
1.530 	14196.86202
1.535 	14504.64626
1.540 	14811.95287
1.545 	15118.70859
1.550 	15424.84288
1.555 	15730.28786
1.560 	16034.9782
1.565 	16338.85108
1.570 	16641.84612
1.575 	16943.90527
1.580 	17244.9728
1.585 	17544.99521
1.590 	17843.92116
1.595 	18141.70142
1.600 	18438.2888
1.605 	18733.6381
1.610 	19027.70607
1.615 	19320.45131
1.620 	19611.83425
1.625 	19901.8171
1.630 	20190.36378
1.635 	20477.43988
1.640 	20763.01261
1.645 	21047.05075
1.650 	21329.52462
1.655 	21610.406
1.660 	21889.66813
1.665 	22167.28564
1.670 	22443.23451
1.675 	22717.49203
1.680 	22990.03677
1.685 	23260.84854
1.690 	23529.90835
1.695 	23797.19836
1.700 	24062.70187
1.705 	24326.40327
1.710 	24588.288
1.715 	24848.34254
1.720 	25106.55435
1.725 	25362.91188
1.730 	25617.40448
1.735 	25870.02242
1.740 	26120.75684
1.745 	26369.59975
1.750 	26616.54395
1.755 	26861.58304
1.760 	27104.71141
1.765 	27345.92417
1.770 	27585.21716
1.775 	27822.5869
1.780 	28058.03061
1.785 	28291.54613
1.790 	28523.13195
1.795 	28752.78715
1.800 	28980.5114
1.805 	29206.30495
1.810 	29430.16858
1.815 	29652.10359
1.820 	29872.11181
1.825 	30090.19555
1.830 	30306.35758
1.835 	30520.60115
1.840 	30732.92993
1.845 	30943.34801
1.850 	31151.85991
1.855 	31358.47053
1.860 	31563.18512
1.865 	31766.00934
1.870 	31966.94916
1.875 	32166.01091
1.880 	32363.20122
1.885 	32558.52703
1.890 	32751.99561
1.895 	32943.61446
1.900 	33133.3914
1.905 	33321.33448
1.910 	33507.452
1.915 	33691.75252
1.920 	33874.2448
1.925 	34054.93784
1.930 	34233.84084
1.935 	34410.96318
1.940 	34586.31445
1.945 	34759.90442
1.950 	34931.74301
1.955 	35101.84032
1.960 	35270.20659
1.965 	35436.85221
1.970 	35601.78771
1.975 	35765.02375
1.980 	35926.57111
1.985 	36086.44067
1.990 	36244.64345
1.995 	36401.19053
2.000 	36556.09313
2.005 	36709.36251
2.010 	36861.01005
2.015 	37011.04719
2.020 	37159.48544
2.025 	37306.33638
2.030 	37451.61163
2.035 	37595.32289
2.040 	37737.4819
2.045 	37878.10043
2.050 	38017.1903
2.055 	38154.76336
2.060 	38290.83151
2.065 	38425.40663
2.070 	38558.50067
2.075 	38690.12557
2.080 	38820.29328
2.085 	38949.01578
2.090 	39076.30503
2.095 	39202.17301
2.100 	39326.6317
2.105 	39449.69306
2.110 	39571.36905
2.115 	39691.67162
2.120 	39810.61271
2.125 	39928.20423
2.130 	40044.45809
2.135 	40159.38616
2.140 	40273.00029
2.145 	40385.31231
2.150 	40496.334
2.155 	40606.07713
2.160 	40714.55343
2.165 	40821.77459
2.170 	40927.75226
2.175 	41032.49805
2.180 	41136.02353
2.185 	41238.34023
2.190 	41339.45962
2.195 	41439.39313
2.200 	41538.15216
2.205 	41635.74802
2.210 	41732.19201
2.215 	41827.49534
2.220 	41921.66918
2.225 	42014.72465
2.230 	42106.67281
2.235 	42197.52465
2.240 	42287.29112
2.245 	42375.98308
2.250 	42463.61137
2.255 	42550.18672
2.260 	42635.71983
2.265 	42720.22133
2.270 	42803.70177
2.275 	42886.17165
2.280 	42967.64139
2.285 	43048.12136
2.290 	43127.62185
2.295 	43206.15307
2.300 	43283.72519
2.305 	43360.34828
2.310 	43436.03237
2.315 	43510.78739
2.320 	43584.62321
2.325 	43657.54964
2.330 	43729.57641
2.335 	43800.71317
2.340 	43870.9695
2.345 	43940.35492
2.350 	44008.87887
2.355 	44076.55072
2.360 	44143.37974
2.365 	44209.37518
2.370 	44274.54616
2.375 	44338.90177
2.380 	44402.451
2.385 	44465.20277
2.390 	44527.16595
2.395 	44588.3493
2.400 	44648.76153
2.405 	44708.41126
2.410 	44767.30707
2.415 	44825.45742
2.420 	44882.87073
2.425 	44939.55534
2.430 	44995.51951
2.435 	45050.77142
2.440 	45105.3192
2.445 	45159.17089
2.450 	45212.33446
2.455 	45264.81781
2.460 	45316.62877
2.465 	45367.7751
2.470 	45418.26447
2.475 	45468.1045
2.480 	45517.30273
2.485 	45565.86663
2.490 	45613.8036
2.495 	45661.12097
2.500 	45707.826
2.505 	45753.92588
2.510 	45799.42773
2.515 	45844.3386
2.520 	45888.66546
2.525 	45932.41525
2.530 	45975.59479
2.535 	46018.21088
2.540 	46060.27021
2.545 	46101.77944
2.550 	46142.74515
2.555 	46183.17383
2.560 	46223.07194
2.565 	46262.44587
2.570 	46301.30191
2.575 	46339.64633
2.580 	46377.48531
2.585 	46414.82498
2.590 	46451.67138
2.595 	46488.03052
2.600 	46523.90834
2.605 	46559.3107
2.610 	46594.24341
2.615 	46628.71222
2.620 	46662.72282
2.625 	46696.28084
2.630 	46729.39184
2.635 	46762.06134
2.640 	46794.29477
2.645 	46826.09754
2.650 	46857.47498
2.655 	46888.43235
2.660 	46918.97488
2.665 	46949.10773
2.670 	46978.83599
2.675 	47008.16473
2.680 	47037.09892
2.685 	47065.64352
2.690 	47093.8034
2.695 	47121.58339
2.700 	47148.98827
2.705 	47176.02276
2.710 	47202.69153
2.715 	47228.99919
2.720 	47254.95031
2.725 	47280.54941
2.730 	47305.80095
2.735 	47330.70934
2.740 	47355.27894
2.745 	47379.51406
2.750 	47403.41898
2.755 	47426.99789
2.760 	47450.25498
2.765 	47473.19436
2.770 	47495.82009
2.775 	47518.13621
2.780 	47540.14669
2.785 	47561.85546
2.790 	47583.26642
2.795 	47604.38339
2.800 	47625.21017
2.805 	47645.75053
2.810 	47666.00816
2.815 	47685.98672
2.820 	47705.68984
2.825 	47725.12111
2.830 	47744.28404
2.835 	47763.18214
2.840 	47781.81886
2.845 	47800.1976
2.850 	47818.32175
2.855 	47836.19463
2.860 	47853.81954
2.865 	47871.19971
2.870 	47888.33838
2.875 	47905.2387
2.880 	47921.90382
2.885 	47938.33682
2.890 	47954.54079
2.895 	47970.51872
2.900 	47986.27362
2.905 	48001.80843
2.910 	48017.12607
2.915 	48032.22941
2.920 	48047.12129
2.925 	48061.80454
2.930 	48076.28191
2.935 	48090.55616
2.940 	48104.62998
2.945 	48118.50605
2.950 	48132.18701
2.955 	48145.67547
2.960 	48158.974
2.965 	48172.08515
2.970 	48185.01142
2.975 	48197.7553
2.980 	48210.31924
2.985 	48222.70565
2.990 	48234.91693
2.995 	48246.95543
3.000 	48258.82348
3.005 	48270.52339
3.010 	48282.05742
3.015 	48293.42781
3.020 	48304.63679
3.025 	48315.68653
3.030 	48326.57919
3.035 	48337.31692
3.040 	48347.9018
3.045 	48358.33592
3.050 	48368.62133
3.055 	48378.76005
3.060 	48388.75409
3.065 	48398.60541
3.070 	48408.31597
3.075 	48417.88769
3.080 	48427.32246
3.085 	48436.62217
3.090 	48445.78866
3.095 	48454.82376
3.100 	48463.72927
3.105 	48472.50698
3.110 	48481.15863
3.115 	48489.68597
3.120 	48498.0907
3.125 	48506.37452
3.130 	48514.53909
3.135 	48522.58606
3.140 	48530.51705
3.145 	48538.33367
3.150 	48546.03749
3.155 	48553.63009
3.160 	48561.113
3.165 	48568.48774
3.170 	48575.75582
3.175 	48582.91871
3.180 	48589.97788
3.185 	48596.93478
3.190 	48603.79082
3.195 	48610.54741
3.200 	48617.20593
3.205 	48623.76777
3.210 	48630.23425
3.215 	48636.60673
3.220 	48642.88651
3.225 	48649.0749
3.230 	48655.17316
3.235 	48661.18257
3.240 	48667.10437
3.245 	48672.93979
3.250 	48678.69004
3.255 	48684.35632
3.260 	48689.93982
3.265 	48695.4417
3.270 	48700.8631
3.275 	48706.20516
3.280 	48711.46901
3.285 	48716.65574
3.290 	48721.76645
3.295 	48726.80221
3.300 	48731.76407
3.305 	48736.65309
3.310 	48741.47031
3.315 	48746.21672
3.320 	48750.89335
3.325 	48755.50118
3.330 	48760.04118
3.335 	48764.51433
3.340 	48768.92157
3.345 	48773.26385
3.350 	48777.54207
3.355 	48781.75717
3.360 	48785.91004
3.365 	48790.00156
3.370 	48794.03262
3.375 	48798.00408
3.380 	48801.91678
3.385 	48805.77157
3.390 	48809.56929
3.395 	48813.31073
3.400 	48816.99673
3.405 	48820.62806
3.410 	48824.20551
3.415 	48827.72986
3.420 	48831.20187
3.425 	48834.62229
3.430 	48837.99187
3.435 	48841.31133
3.440 	48844.5814
3.445 	48847.80279
3.450 	48850.97621
3.455 	48854.10233
3.460 	48857.18186
3.465 	48860.21545
3.470 	48863.20378
3.475 	48866.1475
3.480 	48869.04725
3.485 	48871.90368
3.490 	48874.71741
3.495 	48877.48905
3.500 	48880.21922
3.505 	48882.90852
3.510 	48885.55755
3.515 	48888.16689
3.520 	48890.73712
3.525 	48893.2688
3.530 	48895.76249
3.535 	48898.21876
3.540 	48900.63815
3.545 	48903.02118
3.550 	48905.36841
3.555 	48907.68033
3.560 	48909.95748
3.565 	48912.20036
3.570 	48914.40948
3.575 	48916.58531
3.580 	48918.72836
3.585 	48920.83911
3.590 	48922.91801
3.595 	48924.96556
3.600 	48926.98219
3.605 	48928.96837
3.610 	48930.92455
3.615 	48932.85116
3.620 	48934.74863
3.625 	48936.61741
3.630 	48938.45791
3.635 	48940.27054
3.640 	48942.05572
3.645 	48943.81385
3.650 	48945.54533
3.655 	48947.25055
3.660 	48948.92991
3.665 	48950.58377
3.670 	48952.21253
3.675 	48953.81655
3.680 	48955.3962
3.685 	48956.95183
3.690 	48958.4838
3.695 	48959.99247
3.700 	48961.47818
3.705 	48962.94127
3.710 	48964.38207
3.715 	48965.80091
3.720 	48967.19813
3.725 	48968.57404
3.730 	48969.92897
3.735 	48971.26321
3.740 	48972.57708
3.745 	48973.87088
3.750 	48975.14492
3.755 	48976.39948
3.760 	48977.63486
3.765 	48978.85134
3.770 	48980.04921
3.775 	48981.22873
3.780 	48982.3902
3.785 	48983.53386
3.790 	48984.66
3.795 	48985.76888
3.800 	48986.86075
3.805 	48987.93586
3.810 	48988.99447
3.815 	48990.03683
3.820 	48991.06318
3.825 	48992.07375
3.830 	48993.06879
3.835 	48994.04853
3.840 	48995.0132
3.845 	48995.96302
3.850 	48996.89822
3.855 	48997.81902
3.860 	48998.72563
3.865 	48999.61827
3.870 	49000.49715
3.875 	49001.36248
3.880 	49002.21445
3.885 	49003.05328
3.890 	49003.87915
3.895 	49004.69227
3.900 	49005.49283
3.905 	49006.28102
3.910 	49007.05702
3.915 	49007.82101
3.920 	49008.57319
3.925 	49009.31373
3.930 	49010.0428
3.935 	49010.76058
3.940 	49011.46724
3.945 	49012.16294
3.950 	49012.84786
3.955 	49013.52216
3.960 	49014.186
3.965 	49014.83953
3.970 	49015.48292
3.975 	49016.11632
3.980 	49016.73987
3.985 	49017.35374
3.990 	49017.95806
3.995 	49018.55299
4.000 	49019.13866
4.005 	49019.71521
4.010 	49020.28279
4.015 	49020.84154
4.020 	49021.39158
4.025 	49021.93305
4.030 	49022.46608
4.035 	49022.99079
4.040 	49023.50733
4.045 	49024.0158
4.050 	49024.51634
4.055 	49025.00906
4.060 	49025.49409
4.065 	49025.97154
4.070 	49026.44153
4.075 	49026.90418
4.080 	49027.35958
4.085 	49027.80787
4.090 	49028.24914
4.095 	49028.6835
4.100 	49029.11106
4.105 	49029.53192
4.110 	49029.9462
4.115 	49030.35397
4.120 	49030.75536
4.125 	49031.15045
4.130 	49031.53934
4.135 	49031.92213
4.140 	49032.29892
4.145 	49032.66978
4.150 	49033.03482
4.155 	49033.39413
4.160 	49033.74779
4.165 	49034.09589
4.170 	49034.43851
4.175 	49034.77575
4.180 	49035.10767
4.185 	49035.43438
4.190 	49035.75594
4.195 	49036.07244
4.200 	49036.38395
4.205 	49036.69055
4.210 	49036.99231
4.215 	49037.28932
4.220 	49037.58165
4.225 	49037.86936
4.230 	49038.15253
4.235 	49038.43123
4.240 	49038.70554
4.245 	49038.9755
4.250 	49039.2412
4.255 	49039.50271
4.260 	49039.76008
4.265 	49040.01337
4.270 	49040.26266
4.275 	49040.50801
4.280 	49040.74947
4.285 	49040.98711
4.290 	49041.22099
4.295 	49041.45116
4.300 	49041.67769
4.305 	49041.90062
4.310 	49042.12002
4.315 	49042.33594
4.320 	49042.54843
4.325 	49042.75755
4.330 	49042.96335
4.335 	49043.16589
4.340 	49043.36521
4.345 	49043.56136
4.350 	49043.75439
4.355 	49043.94436
4.360 	49044.13131
4.365 	49044.31528
4.370 	49044.49633
4.375 	49044.67449
4.380 	49044.84982
4.385 	49045.02236
4.390 	49045.19215
4.395 	49045.35924
4.400 	49045.52366
4.405 	49045.68546
4.410 	49045.84468
4.415 	49046.00137
4.420 	49046.15555
4.425 	49046.30728
4.430 	49046.45658
4.435 	49046.6035
4.440 	49046.74807
4.445 	49046.89034
4.450 	49047.03033
4.455 	49047.16808
4.460 	49047.30363
4.465 	49047.43702
4.470 	49047.56827
4.475 	49047.69742
4.480 	49047.82451
4.485 	49047.94956
4.490 	49048.07261
4.495 	49048.19368
4.500 	49048.31282
4.505 	49048.43005
4.510 	49048.5454
4.515 	49048.6589
4.520 	49048.77059
4.525 	49048.88048
4.530 	49048.98861
4.535 	49049.095
4.540 	49049.19968
4.545 	49049.30269
4.550 	49049.40404
4.555 	49049.50376
4.560 	49049.60188
4.565 	49049.69842
4.570 	49049.79341
4.575 	49049.88688
4.580 	49049.97884
4.585 	49050.06932
4.590 	49050.15834
4.595 	49050.24593
4.600 	49050.33212
4.605 	49050.41691
4.610 	49050.50034
4.615 	49050.58242
4.620 	49050.66319
4.625 	49050.74265
4.630 	49050.82082
4.635 	49050.89774
4.640 	49050.97342
4.645 	49051.04788
4.650 	49051.12113
4.655 	49051.1932
4.660 	49051.26411
4.665 	49051.33388
4.670 	49051.40251
4.675 	49051.47004
4.680 	49051.53648
4.685 	49051.60184
4.690 	49051.66614
4.695 	49051.72941
4.700 	49051.79165
4.705 	49051.85289
4.710 	49051.91313
4.715 	49051.9724
4.720 	49052.03071
4.725 	49052.08808
4.730 	49052.14451
4.735 	49052.20003
4.740 	49052.25465
4.745 	49052.30839
4.750 	49052.36126
4.755 	49052.41326
4.760 	49052.46443
4.765 	49052.51476
4.770 	49052.56428
4.775 	49052.61299
4.780 	49052.66091
4.785 	49052.70806
4.790 	49052.75444
4.795 	49052.80006
4.800 	49052.84495
4.805 	49052.8891
4.810 	49052.93254
4.815 	49052.97527
4.820 	49053.0173
4.825 	49053.05865
4.830 	49053.09933
4.835 	49053.13935
4.840 	49053.17871
4.845 	49053.21743
4.850 	49053.25553
4.855 	49053.293
4.860 	49053.32986
4.865 	49053.36612
4.870 	49053.40179
4.875 	49053.43688
4.880 	49053.4714
4.885 	49053.50535
4.890 	49053.53875
4.895 	49053.57161
4.900 	49053.60393
4.905 	49053.63572
4.910 	49053.66699
4.915 	49053.69775
4.920 	49053.72801
4.925 	49053.75777
4.930 	49053.78705
4.935 	49053.81585
4.940 	49053.84418
4.945 	49053.87204
4.950 	49053.89945
4.955 	49053.92641
4.960 	49053.95293
4.965 	49053.97902
4.970 	49054.00468
4.975 	49054.02992
4.980 	49054.05474
4.985 	49054.07916
4.990 	49054.10318
4.995 	49054.1268
5.000 	49054.15004
5.005 	49054.1729
5.010 	49054.19538
5.015 	49054.21749
5.020 	49054.23925
5.025 	49054.26064
5.030 	49054.28168
5.035 	49054.30238
5.040 	49054.32274
5.045 	49054.34276
5.050 	49054.36246
5.055 	49054.38183
5.060 	49054.40088
5.065 	49054.41962
5.070 	49054.43805
5.075 	49054.45618
5.080 	49054.47401
5.085 	49054.49155
5.090 	49054.5088
5.095 	49054.52576
5.100 	49054.54245
5.105 	49054.55886
5.110 	49054.575
5.115 	49054.59088
5.120 	49054.60649
5.125 	49054.62185
5.130 	49054.63695
5.135 	49054.65181
5.140 	49054.66642
5.145 	49054.68079
5.150 	49054.69492
5.155 	49054.70882
5.160 	49054.72249
5.165 	49054.73594
5.170 	49054.74916
5.175 	49054.76216
5.180 	49054.77495
5.185 	49054.78753
5.190 	49054.7999
5.195 	49054.81207
5.200 	49054.82404
5.205 	49054.8358
5.210 	49054.84738
5.215 	49054.85876
5.220 	49054.86995
5.225 	49054.88096
5.230 	49054.89179
5.235 	49054.90244
5.240 	49054.91291
5.245 	49054.92321
5.250 	49054.93334
5.255 	49054.9433
5.260 	49054.95309
5.265 	49054.96273
5.270 	49054.9722
5.275 	49054.98152
5.280 	49054.99068
5.285 	49054.99969
5.290 	49055.00855
5.295 	49055.01727
5.300 	49055.02584
5.305 	49055.03427
5.310 	49055.04255
5.315 	49055.05071
5.320 	49055.05872
5.325 	49055.0666
5.330 	49055.07436
5.335 	49055.08198
5.340 	49055.08947
5.345 	49055.09685
5.350 	49055.1041
5.355 	49055.11123
5.360 	49055.11824
5.365 	49055.12513
5.370 	49055.13191
5.375 	49055.13858
5.380 	49055.14513
5.385 	49055.15158
5.390 	49055.15792
5.395 	49055.16415
5.400 	49055.17028
5.405 	49055.17631
5.410 	49055.18224
5.415 	49055.18807
5.420 	49055.1938
5.425 	49055.19944
5.430 	49055.20498
5.435 	49055.21044
5.440 	49055.2158
5.445 	49055.22107
5.450 	49055.22625
5.455 	49055.23135
5.460 	49055.23636
5.465 	49055.24128
5.470 	49055.24613
5.475 	49055.2509
5.480 	49055.25558
5.485 	49055.26019
5.490 	49055.26472
5.495 	49055.26917
5.500 	49055.27355
5.505 	49055.27786
5.510 	49055.2821
5.515 	49055.28626
5.520 	49055.29036
5.525 	49055.29438
5.530 	49055.29834
5.535 	49055.30224
5.540 	49055.30606
5.545 	49055.30983
5.550 	49055.31353
5.555 	49055.31717
5.560 	49055.32075
5.565 	49055.32426
5.570 	49055.32772
5.575 	49055.33113
5.580 	49055.33447
5.585 	49055.33776
5.590 	49055.34099
5.595 	49055.34417
5.600 	49055.3473
5.605 	49055.35037
5.610 	49055.3534
5.615 	49055.35637
5.620 	49055.35929
5.625 	49055.36216
5.630 	49055.36499
5.635 	49055.36777
5.640 	49055.3705
5.645 	49055.37318
5.650 	49055.37582
5.655 	49055.37842
5.660 	49055.38097
5.665 	49055.38348
5.670 	49055.38595
5.675 	49055.38837
5.680 	49055.39076
5.685 	49055.3931
5.690 	49055.39541
5.695 	49055.39767
5.700 	49055.3999
5.705 	49055.4021
5.710 	49055.40425
5.715 	49055.40637
5.720 	49055.40845
5.725 	49055.4105
5.730 	49055.41251
5.735 	49055.41449
5.740 	49055.41644
5.745 	49055.41835
5.750 	49055.42023
5.755 	49055.42208
5.760 	49055.4239
5.765 	49055.42569
5.770 	49055.42745
5.775 	49055.42917
5.780 	49055.43087
5.785 	49055.43254
5.790 	49055.43419
5.795 	49055.4358
