0.800 	184165.3079
0.805 	175990.9865
0.810 	168167.5685
0.815 	160678.9186
0.820 	153509.7065
0.825 	146645.3667
0.830 	140072.0589
0.835 	133776.6321
0.840 	127746.5891
0.845 	121970.0531
0.850 	116435.7365
0.855 	111132.9108
0.860 	106051.3774
0.865 	101181.4413
0.870 	96513.88489
0.875 	92039.94328
0.880 	87751.28141
0.885 	83639.97173
0.890 	79698.47323
0.895 	75919.61158
0.900 	72296.56012
0.905 	68822.82196
0.910 	65492.21295
0.915 	62298.84542
0.920 	59237.11293
0.925 	56301.67564
0.930 	53487.44653
0.935 	50789.57827
0.940 	48203.45082
0.945 	45724.65962
0.950 	43349.00445
0.955 	41072.47881
0.960 	38891.25989
0.965 	36801.69907
0.970 	34800.31286
0.975 	32883.77443
0.980 	31048.90544
0.985 	29292.66841
0.990 	27612.15947
0.995 	26004.60146
1.000 	24467.33742
1.005 	22997.82443
1.010 	21593.6278
1.015 	20252.41548
1.020 	18971.95291
1.025 	17750.09799
1.030 	16584.79648
1.035 	15474.07751
1.040 	14416.04942
1.045 	13408.89576
1.050 	12450.8716
1.055 	11540.29992
1.060 	10675.56831
1.065 	9855.125738
1.070 	9077.479624
1.075 	8341.192948
1.080 	7644.881591
1.085 	6987.211803
1.090 	6366.897803
1.095 	5782.699514
1.100 	5233.420429
1.105 	4717.905581
1.110 	4235.039635
1.115 	3783.74508
1.120 	3362.980521
1.125 	2971.739063
1.130 	2609.046787
1.135 	2273.961304
1.140 	1965.570395
1.145 	1682.990717
1.150 	1425.36659
1.155 	1191.868836
1.160 	981.6936951
1.165 	794.0617911
1.170 	628.2171562
1.175 	483.4263081
1.180 	358.9773755
1.185 	254.1792716
1.190 	168.3609104
1.195 	100.8704647
1.200 	51.07466395
1.205 	18.35812729
1.210 	2.122732514
1.215 	1.787016966
1.220 	16.78560918
1.225 	46.56868945
1.230 	90.60147745
1.235 	148.3637455
1.240 	219.3493557
1.245 	303.0658199
1.250 	399.0338805
1.255 	506.7871119
1.260 	625.87154
1.265 	755.8452796
1.270 	896.2781889
1.275 	1046.751539
1.280 	1206.857697
1.285 	1376.199828
1.290 	1554.391601
1.295 	1741.056915
1.300 	1935.829634
1.305 	2138.353331
1.310 	2348.281045
1.315 	2565.275044
1.320 	2789.006601
1.325 	3019.155776
1.330 	3255.411205
1.335 	3497.469898
1.340 	3745.037044
1.345 	3997.825823
1.350 	4255.557223
1.355 	4517.959861
1.360 	4784.769815
1.365 	5055.730457
1.370 	5330.59229
1.375 	5609.112794
1.380 	5891.056271
1.385 	6176.1937
1.390 	6464.30259
1.395 	6755.166842
1.400 	7048.576609
1.405 	7344.328166
1.410 	7642.223777
1.415 	7942.071568
1.420 	8243.6854
1.425 	8546.884754
1.430 	8851.494602
1.435 	9157.345299
1.440 	9464.272463
1.445 	9772.116864
1.450 	10080.72431
1.455 	10389.94556
1.460 	10699.63618
1.465 	11009.65647
1.470 	11319.87136
1.475 	11630.15029
1.480 	11940.36712
1.485 	12250.40004
1.490 	12560.1315
1.495 	12869.44804
1.500 	13178.24027
1.505 	13486.40277
1.510 	13793.83395
1.515 	14100.43602
1.520 	14406.11489
1.525 	14710.78006
1.530 	15014.34456
1.535 	15316.72487
1.540 	15617.84082
1.545 	15917.61552
1.550 	16215.9753
1.555 	16512.8496
1.560 	16808.17092
1.565 	17101.87473
1.570 	17393.8994
1.575 	17684.18615
1.580 	17972.67895
1.585 	18259.32444
1.590 	18544.07192
1.595 	18826.87322
1.600 	19107.68265
1.605 	19386.45697
1.610 	19663.15527
1.615 	19937.73897
1.620 	20210.1717
1.625 	20480.41925
1.630 	20748.44957
1.635 	21014.23262
1.640 	21277.74037
1.645 	21538.94675
1.650 	21797.82754
1.655 	22054.36039
1.660 	22308.5247
1.665 	22560.30161
1.670 	22809.67391
1.675 	23056.62603
1.680 	23301.14398
1.685 	23543.21529
1.690 	23782.82894
1.695 	24019.97539
1.700 	24254.64643
1.705 	24486.83523
1.710 	24716.53625
1.715 	24943.74517
1.720 	25168.45893
1.725 	25390.67559
1.730 	25610.39438
1.735 	25827.6156
1.740 	26042.3406
1.745 	26254.57174
1.750 	26464.31238
1.755 	26671.56679
1.760 	26876.34015
1.765 	27078.63854
1.770 	27278.46884
1.775 	27475.83876
1.780 	27670.75675
1.785 	27863.23205
1.790 	28053.27456
1.795 	28240.89489
1.800 	28426.10428
1.805 	28608.91463
1.810 	28789.33839
1.815 	28967.38861
1.820 	29143.07886
1.825 	29316.42324
1.830 	29487.43633
1.835 	29656.1332
1.840 	29822.52934
1.845 	29986.64066
1.850 	30148.48349
1.855 	30308.0745
1.860 	30465.43076
1.865 	30620.56964
1.870 	30773.50883
1.875 	30924.26634
1.880 	31072.86041
1.885 	31219.30959
1.890 	31363.63262
1.895 	31505.84851
1.900 	31645.97645
1.905 	31784.03582
1.910 	31920.04617
1.915 	32054.02723
1.920 	32185.99886
1.925 	32315.98105
1.930 	32443.9939
1.935 	32570.05764
1.940 	32694.19256
1.945 	32816.41904
1.950 	32936.75752
1.955 	33055.22851
1.960 	33171.85254
1.965 	33286.65019
1.970 	33399.64205
1.975 	33510.84872
1.980 	33620.29083
1.985 	33727.98895
1.990 	33833.96368
1.995 	33938.23557
2.000 	34040.82515
2.005 	34141.75289
2.010 	34241.03923
2.015 	34338.70455
2.020 	34434.76914
2.025 	34529.25326
2.030 	34622.17707
2.035 	34713.56063
2.040 	34803.42396
2.045 	34891.78693
2.050 	34978.66934
2.055 	35064.09088
2.060 	35148.07113
2.065 	35230.62955
2.070 	35311.78548
2.075 	35391.55815
2.080 	35469.96664
2.085 	35547.0299
2.090 	35622.76678
2.095 	35697.19594
2.100 	35770.33593
2.105 	35842.20516
2.110 	35912.82186
2.115 	35982.20414
2.120 	36050.36995
2.125 	36117.33708
2.130 	36183.12315
2.135 	36247.74565
2.140 	36311.2219
2.145 	36373.56903
2.150 	36434.80404
2.155 	36494.94374
2.160 	36554.0048
2.165 	36612.00369
2.170 	36668.95673
2.175 	36724.88006
2.180 	36779.78967
2.185 	36833.70135
2.190 	36886.63073
2.195 	36938.59327
2.200 	36989.60426
2.205 	37039.67881
2.210 	37088.83185
2.215 	37137.07816
2.220 	37184.43231
2.225 	37230.90873
2.230 	37276.52167
2.235 	37321.28518
2.240 	37365.21318
2.245 	37408.31938
2.250 	37450.61734
2.255 	37492.12045
2.260 	37532.8419
2.265 	37572.79475
2.270 	37611.99186
2.275 	37650.44593
2.280 	37688.16951
2.285 	37725.17495
2.290 	37761.47447
2.295 	37797.08008
2.300 	37832.00367
2.305 	37866.25694
2.310 	37899.85144
2.315 	37932.79854
2.320 	37965.10948
2.325 	37996.79532
2.330 	38027.86697
2.335 	38058.33516
2.340 	38088.21051
2.345 	38117.50346
2.350 	38146.22428
2.355 	38174.38311
2.360 	38201.98995
2.365 	38229.05463
2.370 	38255.58683
2.375 	38281.59611
2.380 	38307.09187
2.385 	38332.08335
2.390 	38356.57968
2.395 	38380.58982
2.400 	38404.12262
2.405 	38427.18676
2.410 	38449.79082
2.415 	38471.94321
2.420 	38493.65224
2.425 	38514.92606
2.430 	38535.7727
2.435 	38556.20007
2.440 	38576.21595
2.445 	38595.82799
2.450 	38615.0437
2.455 	38633.8705
2.460 	38652.31567
2.465 	38670.38637
2.470 	38688.08965
2.475 	38705.43243
2.480 	38722.42152
2.485 	38739.06362
2.490 	38755.36533
2.495 	38771.33311
2.500 	38786.97333
2.505 	38802.29225
2.510 	38817.29602
2.515 	38831.99069
2.520 	38846.38219
2.525 	38860.47638
2.530 	38874.27898
2.535 	38887.79565
2.540 	38901.03191
2.545 	38913.99322
2.550 	38926.68493
2.555 	38939.11229
2.560 	38951.28047
2.565 	38963.19453
2.570 	38974.85947
2.575 	38986.28017
2.580 	38997.46144
2.585 	39008.40801
2.590 	39019.12451
2.595 	39029.61548
2.600 	39039.88541
2.605 	39049.93869
2.610 	39059.77961
2.615 	39069.41242
2.620 	39078.84126
2.625 	39088.07022
2.630 	39097.10331
2.635 	39105.94444
2.640 	39114.59748
2.645 	39123.06622
2.650 	39131.35437
2.655 	39139.46557
2.660 	39147.40341
2.665 	39155.17141
2.670 	39162.773
2.675 	39170.21156
2.680 	39177.49043
2.685 	39184.61284
2.690 	39191.58201
2.695 	39198.40105
2.700 	39205.07305
2.705 	39211.60102
2.710 	39217.98792
2.715 	39224.23666
2.720 	39230.35007
2.725 	39236.33095
2.730 	39242.18204
2.735 	39247.90602
2.740 	39253.50553
2.745 	39258.98314
2.750 	39264.3414
2.755 	39269.58278
2.760 	39274.70973
2.765 	39279.72462
2.770 	39284.62979
2.775 	39289.42755
2.780 	39294.12014
2.785 	39298.70977
2.790 	39303.1986
2.795 	39307.58874
2.800 	39311.88229
2.805 	39316.08126
2.810 	39320.18767
2.815 	39324.20346
2.820 	39328.13055
2.825 	39331.97083
2.830 	39335.72613
2.835 	39339.39825
2.840 	39342.98897
2.845 	39346.50002
2.850 	39349.9331
2.855 	39353.28987
2.860 	39356.57196
2.865 	39359.78097
2.870 	39362.91847
2.875 	39365.98598
2.880 	39368.985
2.885 	39371.91702
2.890 	39374.78347
2.895 	39377.58577
2.900 	39380.32528
2.905 	39383.00339
2.910 	39385.6214
2.915 	39388.18061
2.920 	39390.68231
2.925 	39393.12774
2.930 	39395.51811
2.935 	39397.85463
2.940 	39400.13847
2.945 	39402.37077
2.950 	39404.55265
2.955 	39406.68522
2.960 	39408.76955
2.965 	39410.8067
2.970 	39412.7977
2.975 	39414.74355
2.980 	39416.64525
2.985 	39418.50377
2.990 	39420.32006
2.995 	39422.09504
3.000 	39423.82963
3.005 	39425.52471
3.010 	39427.18115
3.015 	39428.79981
3.020 	39430.38153
3.025 	39431.92711
3.030 	39433.43736
3.035 	39434.91306
3.040 	39436.35498
3.045 	39437.76387
3.050 	39439.14046
3.055 	39440.48547
3.060 	39441.7996
3.065 	39443.08354
3.070 	39444.33796
3.075 	39445.56353
3.080 	39446.76088
3.085 	39447.93064
3.090 	39449.07345
3.095 	39450.18988
3.100 	39451.28055
3.105 	39452.34602
3.110 	39453.38687
3.115 	39454.40364
3.120 	39455.39688
3.125 	39456.36711
3.130 	39457.31486
3.135 	39458.24063
3.140 	39459.14491
3.145 	39460.0282
3.150 	39460.89096
3.155 	39461.73367
3.160 	39462.55677
3.165 	39463.3607
3.170 	39464.14592
3.175 	39464.91282
3.180 	39465.66185
3.185 	39466.39339
3.190 	39467.10784
3.195 	39467.80561
3.200 	39468.48706
3.205 	39469.15257
3.210 	39469.8025
3.215 	39470.4372
3.220 	39471.05703
3.225 	39471.66233
3.230 	39472.25342
3.235 	39472.83064
3.240 	39473.39429
3.245 	39473.9447
3.250 	39474.48216
3.255 	39475.00697
3.260 	39475.51943
3.265 	39476.01981
3.270 	39476.5084
3.275 	39476.98546
3.280 	39477.45127
3.285 	39477.90607
3.290 	39478.35013
3.295 	39478.7837
3.300 	39479.207
3.305 	39479.6203
3.310 	39480.0238
3.315 	39480.41775
3.320 	39480.80236
3.325 	39481.17784
3.330 	39481.54442
3.335 	39481.90229
3.340 	39482.25166
3.345 	39482.59273
3.350 	39482.92569
3.355 	39483.25073
3.360 	39483.56803
3.365 	39483.87777
3.370 	39484.18013
3.375 	39484.47528
3.380 	39484.76339
3.385 	39485.04463
3.390 	39485.31915
3.395 	39485.58712
3.400 	39485.84867
3.405 	39486.10398
3.410 	39486.35317
3.415 	39486.5964
3.420 	39486.83381
3.425 	39487.06552
3.430 	39487.29168
3.435 	39487.51242
3.440 	39487.72786
3.445 	39487.93813
3.450 	39488.14335
3.455 	39488.34363
3.460 	39488.5391
3.465 	39488.72987
3.470 	39488.91605
3.475 	39489.09774
3.480 	39489.27506
3.485 	39489.44811
3.490 	39489.61698
3.495 	39489.78178
3.500 	39489.94261
3.505 	39490.09955
3.510 	39490.2527
3.515 	39490.40214
3.520 	39490.54798
3.525 	39490.69029
3.530 	39490.82915
3.535 	39490.96466
3.540 	39491.09688
3.545 	39491.22589
3.550 	39491.35178
3.555 	39491.47462
3.560 	39491.59448
3.565 	39491.71143
3.570 	39491.82553
3.575 	39491.93687
3.580 	39492.0455
3.585 	39492.15149
3.590 	39492.2549
3.595 	39492.35579
3.600 	39492.45423
3.605 	39492.55027
3.610 	39492.64397
3.615 	39492.73538
3.620 	39492.82457
3.625 	39492.91158
3.630 	39492.99647
3.635 	39493.07928
3.640 	39493.16008
3.645 	39493.23889
3.650 	39493.31578
3.655 	39493.39079
3.660 	39493.46397
3.665 	39493.53535
3.670 	39493.60499
3.675 	39493.67292
3.680 	39493.73918
3.685 	39493.80383
3.690 	39493.86688
3.695 	39493.92839
3.700 	39493.98839
3.705 	39494.04692
3.710 	39494.10401
3.715 	39494.15969
3.720 	39494.21401
3.725 	39494.26699
3.730 	39494.31867
3.735 	39494.36908
3.740 	39494.41824
3.745 	39494.4662
3.750 	39494.51297
3.755 	39494.55859
3.760 	39494.60308
3.765 	39494.64648
3.770 	39494.68881
3.775 	39494.73009
3.780 	39494.77036
3.785 	39494.80962
3.790 	39494.84792
3.795 	39494.88528
3.800 	39494.9217
3.805 	39494.95723
3.810 	39494.99188
3.815 	39495.02567
3.820 	39495.05862
3.825 	39495.09076
3.830 	39495.1221
3.835 	39495.15266
3.840 	39495.18247
3.845 	39495.21154
3.850 	39495.23988
3.855 	39495.26752
3.860 	39495.29448
3.865 	39495.32077
3.870 	39495.3464
3.875 	39495.37139
3.880 	39495.39577
3.885 	39495.41954
3.890 	39495.44271
3.895 	39495.46531
3.900 	39495.48735
3.905 	39495.50884
3.910 	39495.52979
3.915 	39495.55022
3.920 	39495.57014
3.925 	39495.58956
3.930 	39495.6085
3.935 	39495.62697
3.940 	39495.64498
3.945 	39495.66253
3.950 	39495.67965
3.955 	39495.69634
3.960 	39495.71261
3.965 	39495.72848
3.970 	39495.74395
3.975 	39495.75903
3.980 	39495.77373
3.985 	39495.78807
3.990 	39495.80205
3.995 	39495.81567
4.000 	39495.82896
4.005 	39495.84191
4.010 	39495.85454
4.015 	39495.86685
4.020 	39495.87885
4.025 	39495.89055
4.030 	39495.90196
4.035 	39495.91308
4.040 	39495.92392
4.045 	39495.93449
4.050 	39495.94479
4.055 	39495.95484
4.060 	39495.96463
4.065 	39495.97417
4.070 	39495.98348
4.075 	39495.99255
4.080 	39496.00139
4.085 	39496.01001
4.090 	39496.01841
4.095 	39496.0266
4.100 	39496.03459
4.105 	39496.04237
4.110 	39496.04996
4.115 	39496.05735
4.120 	39496.06456
4.125 	39496.07159
4.130 	39496.07844
4.135 	39496.08511
4.140 	39496.09162
4.145 	39496.09796
4.150 	39496.10415
4.155 	39496.11017
4.160 	39496.11605
4.165 	39496.12177
4.170 	39496.12735
4.175 	39496.13279
4.180 	39496.13809
4.185 	39496.14326
4.190 	39496.14829
4.195 	39496.1532
4.200 	39496.15799
4.205 	39496.16265
4.210 	39496.16719
4.215 	39496.17162
4.220 	39496.17594
4.225 	39496.18015
4.230 	39496.18425
4.235 	39496.18824
4.240 	39496.19214
4.245 	39496.19593
4.250 	39496.19963
4.255 	39496.20324
4.260 	39496.20675
4.265 	39496.21017
4.270 	39496.21351
4.275 	39496.21676
4.280 	39496.21993
4.285 	39496.22302
4.290 	39496.22603
4.295 	39496.22896
4.300 	39496.23182
4.305 	39496.23461
4.310 	39496.23732
4.315 	39496.23997
4.320 	39496.24254
4.325 	39496.24506
4.330 	39496.2475
4.335 	39496.24989
4.340 	39496.25221
4.345 	39496.25448
4.350 	39496.25669
4.355 	39496.25884
4.360 	39496.26093
4.365 	39496.26297
4.370 	39496.26496
4.375 	39496.2669
4.380 	39496.26879
4.385 	39496.27063
4.390 	39496.27243
4.395 	39496.27418
4.400 	39496.27588
4.405 	39496.27754
4.410 	39496.27916
4.415 	39496.28073
4.420 	39496.28227
4.425 	39496.28376
4.430 	39496.28522
4.435 	39496.28664
4.440 	39496.28803
4.445 	39496.28937
4.450 	39496.29069
4.455 	39496.29197
4.460 	39496.29321
4.465 	39496.29443
4.470 	39496.29561
4.475 	39496.29677
4.480 	39496.29789
4.485 	39496.29898
4.490 	39496.30005
4.495 	39496.30109
4.500 	39496.3021
4.505 	39496.30309
4.510 	39496.30405
4.515 	39496.30499
4.520 	39496.3059
4.525 	39496.30679
4.530 	39496.30765
4.535 	39496.3085
4.540 	39496.30932
4.545 	39496.31012
4.550 	39496.3109
4.555 	39496.31166
4.560 	39496.3124
4.565 	39496.31312
4.570 	39496.31382
4.575 	39496.31451
4.580 	39496.31517
4.585 	39496.31582
4.590 	39496.31646
4.595 	39496.31707
4.600 	39496.31767
4.605 	39496.31826
4.610 	39496.31883
4.615 	39496.31938
4.620 	39496.31992
4.625 	39496.32045
4.630 	39496.32096
4.635 	39496.32146
4.640 	39496.32195
4.645 	39496.32242
4.650 	39496.32289
4.655 	39496.32334
4.660 	39496.32378
4.665 	39496.3242
4.670 	39496.32462
4.675 	39496.32502
4.680 	39496.32542
4.685 	39496.3258
4.690 	39496.32618
4.695 	39496.32654
4.700 	39496.3269
4.705 	39496.32724
4.710 	39496.32758
4.715 	39496.32791
4.720 	39496.32823
4.725 	39496.32854
4.730 	39496.32884
4.735 	39496.32914
4.740 	39496.32943
4.745 	39496.32971
4.750 	39496.32998
4.755 	39496.33025
4.760 	39496.3305
4.765 	39496.33076
4.770 	39496.331
4.775 	39496.33124
4.780 	39496.33148
4.785 	39496.3317
4.790 	39496.33192
4.795 	39496.33214
4.800 	39496.33235
4.805 	39496.33255
4.810 	39496.33275
4.815 	39496.33295
4.820 	39496.33313
4.825 	39496.33332
4.830 	39496.3335
4.835 	39496.33367
4.840 	39496.33384
4.845 	39496.33401
4.850 	39496.33417
4.855 	39496.33433
4.860 	39496.33448
4.865 	39496.33463
4.870 	39496.33477
4.875 	39496.33491
4.880 	39496.33505
4.885 	39496.33518
4.890 	39496.33531
4.895 	39496.33544
4.900 	39496.33556
4.905 	39496.33569
4.910 	39496.3358
4.915 	39496.33592
4.920 	39496.33603
4.925 	39496.33614
4.930 	39496.33624
4.935 	39496.33634
4.940 	39496.33644
4.945 	39496.33654
4.950 	39496.33664
4.955 	39496.33673
4.960 	39496.33682
4.965 	39496.33691
4.970 	39496.33699
4.975 	39496.33707
4.980 	39496.33716
4.985 	39496.33723
4.990 	39496.33731
4.995 	39496.33739
5.000 	39496.33746
5.005 	39496.33753
5.010 	39496.3376
5.015 	39496.33767
5.020 	39496.33773
5.025 	39496.33779
5.030 	39496.33786
5.035 	39496.33792
5.040 	39496.33798
5.045 	39496.33803
5.050 	39496.33809
5.055 	39496.33814
5.060 	39496.3382
5.065 	39496.33825
5.070 	39496.3383
5.075 	39496.33835
5.080 	39496.33839
5.085 	39496.33844
5.090 	39496.33848
5.095 	39496.33853
5.100 	39496.33857
5.105 	39496.33861
5.110 	39496.33865
5.115 	39496.33869
5.120 	39496.33873
5.125 	39496.33877
5.130 	39496.3388
5.135 	39496.33884
5.140 	39496.33887
5.145 	39496.33891
5.150 	39496.33894
5.155 	39496.33897
5.160 	39496.339
5.165 	39496.33903
5.170 	39496.33906
5.175 	39496.33909
5.180 	39496.33912
5.185 	39496.33915
5.190 	39496.33917
5.195 	39496.3392
5.200 	39496.33922
5.205 	39496.33925
5.210 	39496.33927
5.215 	39496.33929
5.220 	39496.33932
5.225 	39496.33934
5.230 	39496.33936
5.235 	39496.33938
5.240 	39496.3394
5.245 	39496.33942
5.250 	39496.33944
5.255 	39496.33946
5.260 	39496.33948
5.265 	39496.33949
5.270 	39496.33951
5.275 	39496.33953
5.280 	39496.33954
5.285 	39496.33956
5.290 	39496.33958
5.295 	39496.33959
5.300 	39496.33961
5.305 	39496.33962
5.310 	39496.33963
5.315 	39496.33965
5.320 	39496.33966
5.325 	39496.33967
5.330 	39496.33969
5.335 	39496.3397
5.340 	39496.33971
5.345 	39496.33972
5.350 	39496.33973
5.355 	39496.33974
5.360 	39496.33975
5.365 	39496.33976
5.370 	39496.33977
5.375 	39496.33978
5.380 	39496.33979
5.385 	39496.3398
5.390 	39496.33981
5.395 	39496.33982
5.400 	39496.33983
5.405 	39496.33984
5.410 	39496.33985
5.415 	39496.33985
5.420 	39496.33986
5.425 	39496.33987
5.430 	39496.33988
5.435 	39496.33988
5.440 	39496.33989
5.445 	39496.3399
5.450 	39496.3399
5.455 	39496.33991
5.460 	39496.33992
5.465 	39496.33992
5.470 	39496.33993
5.475 	39496.33993
5.480 	39496.33994
5.485 	39496.33994
5.490 	39496.33995
5.495 	39496.33995
5.500 	39496.33996
5.505 	39496.33996
5.510 	39496.33997
5.515 	39496.33997
5.520 	39496.33998
5.525 	39496.33998
5.530 	39496.33999
5.535 	39496.33999
5.540 	39496.33999
5.545 	39496.34
5.550 	39496.34
5.555 	39496.34001
5.560 	39496.34001
5.565 	39496.34001
5.570 	39496.34002
5.575 	39496.34002
5.580 	39496.34002
5.585 	39496.34003
5.590 	39496.34003
5.595 	39496.34003
5.600 	39496.34004
5.605 	39496.34004
5.610 	39496.34004
5.615 	39496.34004
5.620 	39496.34005
5.625 	39496.34005
5.630 	39496.34005
5.635 	39496.34005
5.640 	39496.34006
5.645 	39496.34006
5.650 	39496.34006
5.655 	39496.34006
5.660 	39496.34006
5.665 	39496.34007
5.670 	39496.34007
5.675 	39496.34007
5.680 	39496.34007
5.685 	39496.34007
5.690 	39496.34008
5.695 	39496.34008
5.700 	39496.34008
5.705 	39496.34008
5.710 	39496.34008
5.715 	39496.34008
5.720 	39496.34009
5.725 	39496.34009
5.730 	39496.34009
5.735 	39496.34009
5.740 	39496.34009
5.745 	39496.34009
5.750 	39496.34009
5.755 	39496.3401
5.760 	39496.3401
5.765 	39496.3401
5.770 	39496.3401
5.775 	39496.3401
5.780 	39496.3401
5.785 	39496.3401
5.790 	39496.3401
5.795 	39496.3401
