0.800 	228866.6755
0.805 	219633.5807
0.810 	210754.3915
0.815 	202215.3381
0.820 	194003.2031
0.825 	186105.2991
0.830 	178509.4478
0.835 	171203.9593
0.840 	164177.6128
0.845 	157419.6376
0.850 	150919.695
0.855 	144667.8609
0.860 	138654.6091
0.865 	132870.7953
0.870 	127307.6417
0.875 	121956.7219
0.880 	116809.9472
0.885 	111859.5526
0.890 	107098.0834
0.895 	102518.3833
0.900 	98113.58168
0.905 	93877.08238
0.910 	89802.55227
0.915 	85883.91068
0.920 	82115.31909
0.925 	78491.17125
0.930 	75006.08371
0.935 	71654.88672
0.940 	68432.6155
0.945 	65334.50188
0.950 	62355.96622
0.955 	59492.60974
0.960 	56740.20707
0.965 	54094.69919
0.970 	51552.18659
0.975 	49108.92271
0.980 	46761.30772
0.985 	44505.88245
0.990 	42339.32267
0.995 	40258.43347
1.000 	38260.14406
1.005 	36341.50259
1.010 	34499.67129
1.015 	32731.92182
1.020 	31035.63071
1.025 	29408.27515
1.030 	27847.42875
1.035 	26350.75769
1.040 	24916.01685
1.045 	23541.04619
1.050 	22223.7673
1.055 	20962.18001
1.060 	19754.35921
1.065 	18598.45179
1.070 	17492.67367
1.075 	16435.30702
1.080 	15424.69751
1.085 	14459.25176
1.090 	13537.43486
1.095 	12657.76795
1.100 	11818.82601
1.105 	11019.23563
1.110 	10257.67292
1.115 	9532.86154
1.120 	8843.570767
1.125 	8188.613647
1.130 	7566.845253
1.135 	6977.160988
1.140 	6418.494981
1.145 	5889.818534
1.150 	5390.138646
1.155 	4918.496595
1.160 	4473.966578
1.165 	4055.654414
1.170 	3662.696296
1.175 	3294.257603
1.180 	2949.531753
1.185 	2627.739114
1.190 	2328.125957
1.195 	2049.963449
1.200 	1792.5467
1.205 	1555.193836
1.210 	1337.245126
1.215 	1138.062135
1.220 	957.0269167
1.225 	793.5412435
1.230 	647.0258628
1.235 	516.9197901
1.240 	402.6796294
1.245 	303.7789234
1.250 	219.7075303
1.255 	149.9710274
1.260 	94.09013981
1.265 	51.60019321
1.270 	22.05058928
1.275 	5.004303498
1.280 	0.5
1.285 	6.738589536
1.290 	24.7087493
1.295 	53.56053766
1.300 	92.91796908
1.305 	142.4160289
1.310 	201.7003002
1.315 	270.4266063
1.320 	348.2606678
1.325 	434.8777736
1.330 	529.9624657
1.335 	633.208236
1.340 	744.3172369
1.345 	863.0000019
1.350 	988.9751783
1.355 	1121.969271
1.360 	1261.716395
1.365 	1407.958041
1.370 	1560.442846
1.375 	1718.926373
1.380 	1883.170907
1.385 	2052.945249
1.390 	2228.024522
1.395 	2408.189985
1.400 	2593.228857
1.405 	2782.934139
1.410 	2977.104452
1.415 	3175.543875
1.420 	3378.061791
1.425 	3584.472743
1.430 	3794.596283
1.435 	4008.256843
1.440 	4225.283596
1.445 	4445.510332
1.450 	4668.775331
1.455 	4894.921248
1.460 	5123.794995
1.465 	5355.247629
1.470 	5589.134248
1.475 	5825.313887
1.480 	6063.649413
1.485 	6304.007434
1.490 	6546.258202
1.495 	6790.275523
1.500 	7035.93667
1.505 	7283.122295
1.510 	7531.716351
1.515 	7781.606007
1.520 	8032.681576
1.525 	8284.836434
1.530 	8537.966952
1.535 	8791.972422
1.540 	9046.754992
1.545 	9302.219594
1.550 	9558.273883
1.555 	9814.828171
1.560 	10071.79537
1.565 	10329.09093
1.570 	10586.63277
1.575 	10844.34126
1.580 	11102.1391
1.585 	11359.95133
1.590 	11617.70524
1.595 	11875.33034
1.600 	12132.75829
1.605 	12389.92288
1.610 	12646.75995
1.615 	12903.20736
1.620 	13159.20495
1.625 	13414.69448
1.630 	13669.61961
1.635 	13923.92584
1.640 	14177.56046
1.645 	14430.47255
1.650 	14682.61288
1.655 	14933.93393
1.660 	15184.38983
1.665 	15433.9363
1.670 	15682.53065
1.675 	15930.13172
1.680 	16176.69987
1.685 	16422.19691
1.690 	16666.58611
1.695 	16909.83212
1.700 	17151.90098
1.705 	17392.76008
1.710 	17632.37809
1.715 	17870.72499
1.720 	18107.772
1.725 	18343.49156
1.730 	18577.85731
1.735 	18810.84406
1.740 	19042.42774
1.745 	19272.58543
1.750 	19501.29525
1.755 	19728.53641
1.760 	19954.28915
1.765 	20178.53472
1.770 	20401.25535
1.775 	20622.43424
1.780 	20842.05553
1.785 	21060.10426
1.790 	21276.56637
1.795 	21491.42869
1.800 	21704.67888
1.805 	21916.30542
1.810 	22126.29762
1.815 	22334.64556
1.820 	22541.34009
1.825 	22746.3728
1.830 	22949.73602
1.835 	23151.42279
1.840 	23351.4268
1.845 	23549.74247
1.850 	23746.36482
1.855 	23941.28954
1.860 	24134.51292
1.865 	24326.03185
1.870 	24515.84381
1.875 	24703.94684
1.880 	24890.33954
1.885 	25075.02104
1.890 	25257.99098
1.895 	25439.24952
1.900 	25618.79731
1.905 	25796.63546
1.910 	25972.76554
1.915 	26147.18959
1.920 	26319.91007
1.925 	26490.92984
1.930 	26660.25219
1.935 	26827.8808
1.940 	26993.81971
1.945 	27158.07337
1.950 	27320.64653
1.955 	27481.54433
1.960 	27640.77221
1.965 	27798.33596
1.970 	27954.24165
1.975 	28108.49568
1.980 	28261.10469
1.985 	28412.07565
1.990 	28561.41576
1.995 	28709.13249
2.000 	28855.23356
2.005 	28999.72692
2.010 	29142.62074
2.015 	29283.92343
2.020 	29423.64359
2.025 	29561.79003
2.030 	29698.37174
2.035 	29833.39791
2.040 	29966.87789
2.045 	30098.82121
2.050 	30229.23755
2.055 	30358.13674
2.060 	30485.52876
2.065 	30611.42372
2.070 	30735.83187
2.075 	30858.76357
2.080 	30980.22931
2.085 	31100.23966
2.090 	31218.80533
2.095 	31335.93711
2.100 	31451.64586
2.105 	31565.94256
2.110 	31678.83825
2.115 	31790.34402
2.120 	31900.47108
2.125 	32009.23064
2.130 	32116.63402
2.135 	32222.69256
2.140 	32327.41765
2.145 	32430.82073
2.150 	32532.91327
2.155 	32633.70677
2.160 	32733.21276
2.165 	32831.4428
2.170 	32928.40845
2.175 	33024.1213
2.180 	33118.59296
2.185 	33211.83502
2.190 	33303.8591
2.195 	33394.67679
2.200 	33484.29971
2.205 	33572.73944
2.210 	33660.00758
2.215 	33746.11569
2.220 	33831.07533
2.225 	33914.89803
2.230 	33997.59531
2.235 	34079.17864
2.240 	34159.65948
2.245 	34239.04927
2.250 	34317.35939
2.255 	34394.60119
2.260 	34470.78601
2.265 	34545.9251
2.270 	34620.02971
2.275 	34693.11103
2.280 	34765.1802
2.285 	34836.24831
2.290 	34906.32641
2.295 	34975.42548
2.300 	35043.55647
2.305 	35110.73024
2.310 	35176.95763
2.315 	35242.24939
2.320 	35306.61623
2.325 	35370.06879
2.330 	35432.61765
2.335 	35494.27332
2.340 	35555.04624
2.345 	35614.9468
2.350 	35673.98531
2.355 	35732.17202
2.360 	35789.51708
2.365 	35846.03062
2.370 	35901.72266
2.375 	35956.60315
2.380 	36010.68198
2.385 	36063.96896
2.390 	36116.47383
2.395 	36168.20625
2.400 	36219.1758
2.405 	36269.39199
2.410 	36318.86425
2.415 	36367.60193
2.420 	36415.61431
2.425 	36462.91059
2.430 	36509.49987
2.435 	36555.39121
2.440 	36600.59355
2.445 	36645.11579
2.450 	36688.96672
2.455 	36732.15505
2.460 	36774.68944
2.465 	36816.57843
2.470 	36857.83052
2.475 	36898.45409
2.480 	36938.45747
2.485 	36977.8489
2.490 	37016.63652
2.495 	37054.82843
2.500 	37092.43262
2.505 	37129.457
2.510 	37165.90941
2.515 	37201.79761
2.520 	37237.12927
2.525 	37271.91199
2.530 	37306.1533
2.535 	37339.86063
2.540 	37373.04133
2.545 	37405.70269
2.550 	37437.85192
2.555 	37469.49614
2.560 	37500.64239
2.565 	37531.29764
2.570 	37561.46879
2.575 	37591.16265
2.580 	37620.38596
2.585 	37649.14538
2.590 	37677.4475
2.595 	37705.29883
2.600 	37732.70581
2.605 	37759.67479
2.610 	37786.21208
2.615 	37812.32388
2.620 	37838.01633
2.625 	37863.2955
2.630 	37888.16739
2.635 	37912.63793
2.640 	37936.71296
2.645 	37960.39827
2.650 	37983.69958
2.655 	38006.62251
2.660 	38029.17266
2.665 	38051.35552
2.670 	38073.17652
2.675 	38094.64105
2.680 	38115.75439
2.685 	38136.52179
2.690 	38156.9484
2.695 	38177.03935
2.700 	38196.79966
2.705 	38216.2343
2.710 	38235.34819
2.715 	38254.14618
2.720 	38272.63304
2.725 	38290.8135
2.730 	38308.69222
2.735 	38326.2738
2.740 	38343.56277
2.745 	38360.56362
2.750 	38377.28076
2.755 	38393.71855
2.760 	38409.8813
2.765 	38425.77325
2.770 	38441.39858
2.775 	38456.76143
2.780 	38471.86587
2.785 	38486.71591
2.790 	38501.31553
2.795 	38515.66864
2.800 	38529.77908
2.805 	38543.65067
2.810 	38557.28714
2.815 	38570.69221
2.820 	38583.86952
2.825 	38596.82266
2.830 	38609.55518
2.835 	38622.07057
2.840 	38634.37228
2.845 	38646.46371
2.850 	38658.34821
2.855 	38670.02908
2.860 	38681.50957
2.865 	38692.79289
2.870 	38703.88221
2.875 	38714.78064
2.880 	38725.49126
2.885 	38736.01708
2.890 	38746.3611
2.895 	38756.52625
2.900 	38766.51543
2.905 	38776.33149
2.910 	38785.97726
2.915 	38795.45549
2.920 	38804.76893
2.925 	38813.92025
2.930 	38822.91212
2.935 	38831.74714
2.940 	38840.42788
2.945 	38848.95689
2.950 	38857.33664
2.955 	38865.56961
2.960 	38873.65822
2.965 	38881.60485
2.970 	38889.41185
2.975 	38897.08153
2.980 	38904.61617
2.985 	38912.01802
2.990 	38919.28928
2.995 	38926.43214
3.000 	38933.44873
3.005 	38940.34117
3.010 	38947.11153
3.015 	38953.76186
3.020 	38960.29417
3.025 	38966.71044
3.030 	38973.01263
3.035 	38979.20267
3.040 	38985.28243
3.045 	38991.25378
3.050 	38997.11857
3.055 	39002.87858
3.060 	39008.5356
3.065 	39014.09138
3.070 	39019.54764
3.075 	39024.90607
3.080 	39030.16834
3.085 	39035.33608
3.090 	39040.41093
3.095 	39045.39445
3.100 	39050.28822
3.105 	39055.09378
3.110 	39059.81264
3.115 	39064.44629
3.120 	39068.99619
3.125 	39073.4638
3.130 	39077.85052
3.135 	39082.15776
3.140 	39086.38689
3.145 	39090.53926
3.150 	39094.6162
3.155 	39098.61902
3.160 	39102.54901
3.165 	39106.40743
3.170 	39110.19553
3.175 	39113.91453
3.180 	39117.56564
3.185 	39121.15005
3.190 	39124.66891
3.195 	39128.12339
3.200 	39131.5146
3.205 	39134.84365
3.210 	39138.11164
3.215 	39141.31964
3.220 	39144.4687
3.225 	39147.55987
3.230 	39150.59416
3.235 	39153.57258
3.240 	39156.49611
3.245 	39159.36572
3.250 	39162.18237
3.255 	39164.947
3.260 	39167.66053
3.265 	39170.32386
3.270 	39172.93789
3.275 	39175.5035
3.280 	39178.02154
3.285 	39180.49287
3.290 	39182.91832
3.295 	39185.29871
3.300 	39187.63483
3.305 	39189.9275
3.310 	39192.17747
3.315 	39194.38553
3.320 	39196.55241
3.325 	39198.67887
3.330 	39200.76561
3.335 	39202.81337
3.340 	39204.82285
3.345 	39206.79472
3.350 	39208.72967
3.355 	39210.62838
3.360 	39212.49148
3.365 	39214.31963
3.370 	39216.11345
3.375 	39217.87358
3.380 	39219.60062
3.385 	39221.29517
3.390 	39222.95782
3.395 	39224.58916
3.400 	39226.18974
3.405 	39227.76014
3.410 	39229.3009
3.415 	39230.81256
3.420 	39232.29565
3.425 	39233.7507
3.430 	39235.17822
3.435 	39236.57871
3.440 	39237.95266
3.445 	39239.30057
3.450 	39240.62292
3.455 	39241.92016
3.460 	39243.19276
3.465 	39244.44118
3.470 	39245.66586
3.475 	39246.86723
3.480 	39248.04573
3.485 	39249.20178
3.490 	39250.33579
3.495 	39251.44818
3.500 	39252.53933
3.505 	39253.60965
3.510 	39254.65951
3.515 	39255.6893
3.520 	39256.69939
3.525 	39257.69015
3.530 	39258.66193
3.535 	39259.61509
3.540 	39260.54997
3.545 	39261.46691
3.550 	39262.36625
3.555 	39263.24832
3.560 	39264.11344
3.565 	39264.96192
3.570 	39265.79407
3.575 	39266.61021
3.580 	39267.41062
3.585 	39268.19561
3.590 	39268.96546
3.595 	39269.72046
3.600 	39270.46089
3.605 	39271.18701
3.610 	39271.8991
3.615 	39272.59742
3.620 	39273.28223
3.625 	39273.95379
3.630 	39274.61234
3.635 	39275.25813
3.640 	39275.8914
3.645 	39276.51239
3.650 	39277.12132
3.655 	39277.71843
3.660 	39278.30394
3.665 	39278.87806
3.670 	39279.44103
3.675 	39279.99303
3.680 	39280.5343
3.685 	39281.06501
3.690 	39281.58539
3.695 	39282.09562
3.700 	39282.5959
3.705 	39283.08641
3.710 	39283.56734
3.715 	39284.03888
3.720 	39284.5012
3.725 	39284.95448
3.730 	39285.39889
3.735 	39285.8346
3.740 	39286.26178
3.745 	39286.68059
3.750 	39287.09119
3.755 	39287.49373
3.760 	39287.88838
3.765 	39288.27528
3.770 	39288.65457
3.775 	39289.02642
3.780 	39289.39095
3.785 	39289.74832
3.790 	39290.09865
3.795 	39290.44208
3.800 	39290.77876
3.805 	39291.10879
3.810 	39291.43232
3.815 	39291.74947
3.820 	39292.06036
3.825 	39292.36511
3.830 	39292.66384
3.835 	39292.95667
3.840 	39293.24371
3.845 	39293.52508
3.850 	39293.80087
3.855 	39294.07121
3.860 	39294.33619
3.865 	39294.59593
3.870 	39294.85051
3.875 	39295.10005
3.880 	39295.34463
3.885 	39295.58436
3.890 	39295.81933
3.895 	39296.04964
3.900 	39296.27536
3.905 	39296.4966
3.910 	39296.71344
3.915 	39296.92596
3.920 	39297.13426
3.925 	39297.3384
3.930 	39297.53848
3.935 	39297.73456
3.940 	39297.92674
3.945 	39298.11509
3.950 	39298.29967
3.955 	39298.48057
3.960 	39298.65786
3.965 	39298.83161
3.970 	39299.00188
3.975 	39299.16874
3.980 	39299.33227
3.985 	39299.49253
3.990 	39299.64957
3.995 	39299.80347
4.000 	39299.95429
4.005 	39300.10208
4.010 	39300.24691
4.015 	39300.38884
4.020 	39300.52791
4.025 	39300.66419
4.030 	39300.79774
4.035 	39300.9286
4.040 	39301.05683
4.045 	39301.18248
4.050 	39301.30561
4.055 	39301.42626
4.060 	39301.54447
4.065 	39301.66031
4.070 	39301.77382
4.075 	39301.88503
4.080 	39301.994
4.085 	39302.10078
4.090 	39302.2054
4.095 	39302.30791
4.100 	39302.40835
4.105 	39302.50676
4.110 	39302.60318
4.115 	39302.69765
4.120 	39302.79021
4.125 	39302.8809
4.130 	39302.96975
4.135 	39303.05681
4.140 	39303.1421
4.145 	39303.22566
4.150 	39303.30753
4.155 	39303.38774
4.160 	39303.46632
4.165 	39303.54331
4.170 	39303.61874
4.175 	39303.69263
4.180 	39303.76503
4.185 	39303.83595
4.190 	39303.90543
4.195 	39303.9735
4.200 	39304.04019
4.205 	39304.10551
4.210 	39304.16951
4.215 	39304.23221
4.220 	39304.29363
4.225 	39304.35379
4.230 	39304.41273
4.235 	39304.47047
4.240 	39304.52703
4.245 	39304.58244
4.250 	39304.63672
4.255 	39304.68989
4.260 	39304.74197
4.265 	39304.79299
4.270 	39304.84297
4.275 	39304.89192
4.280 	39304.93987
4.285 	39304.98685
4.290 	39305.03286
4.295 	39305.07793
4.300 	39305.12207
4.305 	39305.16532
4.310 	39305.20767
4.315 	39305.24916
4.320 	39305.2898
4.325 	39305.32961
4.330 	39305.36859
4.335 	39305.40678
4.340 	39305.44419
4.345 	39305.48082
4.350 	39305.5167
4.355 	39305.55185
4.360 	39305.58627
4.365 	39305.61999
4.370 	39305.65301
4.375 	39305.68536
4.380 	39305.71703
4.385 	39305.74806
4.390 	39305.77845
4.395 	39305.80821
4.400 	39305.83735
4.405 	39305.8659
4.410 	39305.89386
4.415 	39305.92124
4.420 	39305.94806
4.425 	39305.97432
4.430 	39306.00004
4.435 	39306.02523
4.440 	39306.0499
4.445 	39306.07406
4.450 	39306.09772
4.455 	39306.1209
4.460 	39306.14359
4.465 	39306.16581
4.470 	39306.18758
4.475 	39306.20889
4.480 	39306.22976
4.485 	39306.2502
4.490 	39306.27022
4.495 	39306.28982
4.500 	39306.30901
4.505 	39306.32781
4.510 	39306.34622
4.515 	39306.36424
4.520 	39306.38189
4.525 	39306.39918
4.530 	39306.41611
4.535 	39306.43268
4.540 	39306.44891
4.545 	39306.46481
4.550 	39306.48037
4.555 	39306.49561
4.560 	39306.51053
4.565 	39306.52514
4.570 	39306.53945
4.575 	39306.55346
4.580 	39306.56718
4.585 	39306.58061
4.590 	39306.59377
4.595 	39306.60664
4.600 	39306.61925
4.605 	39306.6316
4.610 	39306.64369
4.615 	39306.65553
4.620 	39306.66712
4.625 	39306.67847
4.630 	39306.68958
4.635 	39306.70046
4.640 	39306.71112
4.645 	39306.72155
4.650 	39306.73176
4.655 	39306.74176
4.660 	39306.75155
4.665 	39306.76113
4.670 	39306.77052
4.675 	39306.77971
4.680 	39306.7887
4.685 	39306.79751
4.690 	39306.80613
4.695 	39306.81458
4.700 	39306.82284
4.705 	39306.83094
4.710 	39306.83886
4.715 	39306.84662
4.720 	39306.85421
4.725 	39306.86165
4.730 	39306.86892
4.735 	39306.87605
4.740 	39306.88303
4.745 	39306.88986
4.750 	39306.89654
4.755 	39306.90309
4.760 	39306.9095
4.765 	39306.91577
4.770 	39306.92191
4.775 	39306.92793
4.780 	39306.93381
4.785 	39306.93958
4.790 	39306.94522
4.795 	39306.95074
4.800 	39306.95615
4.805 	39306.96144
4.810 	39306.96662
4.815 	39306.97169
4.820 	39306.97666
4.825 	39306.98152
4.830 	39306.98628
4.835 	39306.99093
4.840 	39306.99549
4.845 	39306.99996
4.850 	39307.00432
4.855 	39307.0086
4.860 	39307.01279
4.865 	39307.01689
4.870 	39307.0209
4.875 	39307.02482
4.880 	39307.02867
4.885 	39307.03243
4.890 	39307.03611
4.895 	39307.03972
4.900 	39307.04325
4.905 	39307.0467
4.910 	39307.05008
4.915 	39307.05339
4.920 	39307.05663
4.925 	39307.0598
4.930 	39307.0629
4.935 	39307.06594
4.940 	39307.06892
4.945 	39307.07183
4.950 	39307.07467
4.955 	39307.07746
4.960 	39307.08019
4.965 	39307.08286
4.970 	39307.08548
4.975 	39307.08804
4.980 	39307.09054
4.985 	39307.09299
4.990 	39307.09539
4.995 	39307.09774
5.000 	39307.10004
5.005 	39307.10229
5.010 	39307.10449
5.015 	39307.10665
5.020 	39307.10876
5.025 	39307.11082
5.030 	39307.11284
5.035 	39307.11482
5.040 	39307.11676
5.045 	39307.11865
5.050 	39307.12051
5.055 	39307.12232
5.060 	39307.1241
5.065 	39307.12583
5.070 	39307.12753
5.075 	39307.1292
5.080 	39307.13083
5.085 	39307.13242
5.090 	39307.13398
5.095 	39307.13551
5.100 	39307.13701
5.105 	39307.13847
5.110 	39307.1399
5.115 	39307.1413
5.120 	39307.14267
5.125 	39307.14401
5.130 	39307.14533
5.135 	39307.14661
5.140 	39307.14787
5.145 	39307.1491
5.150 	39307.15031
5.155 	39307.15148
5.160 	39307.15264
5.165 	39307.15377
5.170 	39307.15487
5.175 	39307.15595
5.180 	39307.15701
5.185 	39307.15805
5.190 	39307.15906
5.195 	39307.16005
5.200 	39307.16102
5.205 	39307.16197
5.210 	39307.1629
5.215 	39307.16381
5.220 	39307.1647
5.225 	39307.16557
5.230 	39307.16642
5.235 	39307.16725
5.240 	39307.16807
5.245 	39307.16887
5.250 	39307.16965
5.255 	39307.17041
5.260 	39307.17116
5.265 	39307.17189
5.270 	39307.17261
5.275 	39307.17331
5.280 	39307.174
5.285 	39307.17467
5.290 	39307.17532
5.295 	39307.17597
5.300 	39307.1766
5.305 	39307.17721
5.310 	39307.17781
5.315 	39307.1784
5.320 	39307.17898
5.325 	39307.17954
5.330 	39307.18009
5.335 	39307.18063
5.340 	39307.18116
5.345 	39307.18168
5.350 	39307.18218
5.355 	39307.18268
5.360 	39307.18316
5.365 	39307.18364
5.370 	39307.1841
5.375 	39307.18455
5.380 	39307.185
5.385 	39307.18543
5.390 	39307.18586
5.395 	39307.18627
5.400 	39307.18668
5.405 	39307.18708
5.410 	39307.18747
5.415 	39307.18785
5.420 	39307.18822
5.425 	39307.18859
5.430 	39307.18894
5.435 	39307.18929
5.440 	39307.18963
5.445 	39307.18997
5.450 	39307.19029
5.455 	39307.19061
5.460 	39307.19093
5.465 	39307.19123
5.470 	39307.19153
5.475 	39307.19183
5.480 	39307.19211
5.485 	39307.19239
5.490 	39307.19267
5.495 	39307.19294
5.500 	39307.1932
5.505 	39307.19346
5.510 	39307.19371
5.515 	39307.19395
5.520 	39307.19419
5.525 	39307.19443
5.530 	39307.19466
5.535 	39307.19488
5.540 	39307.19511
5.545 	39307.19532
5.550 	39307.19553
5.555 	39307.19574
5.560 	39307.19594
5.565 	39307.19614
5.570 	39307.19633
5.575 	39307.19652
5.580 	39307.19671
5.585 	39307.19689
5.590 	39307.19706
5.595 	39307.19724
5.600 	39307.19741
5.605 	39307.19757
5.610 	39307.19773
5.615 	39307.19789
5.620 	39307.19805
5.625 	39307.1982
5.630 	39307.19835
5.635 	39307.19849
5.640 	39307.19864
5.645 	39307.19877
5.650 	39307.19891
5.655 	39307.19904
5.660 	39307.19917
5.665 	39307.1993
5.670 	39307.19943
5.675 	39307.19955
5.680 	39307.19967
5.685 	39307.19978
5.690 	39307.1999
5.695 	39307.20001
5.700 	39307.20012
5.705 	39307.20022
5.710 	39307.20033
5.715 	39307.20043
5.720 	39307.20053
5.725 	39307.20063
5.730 	39307.20072
5.735 	39307.20082
5.740 	39307.20091
5.745 	39307.201
5.750 	39307.20109
5.755 	39307.20117
5.760 	39307.20126
5.765 	39307.20134
5.770 	39307.20142
5.775 	39307.2015
5.780 	39307.20157
5.785 	39307.20165
5.790 	39307.20172
5.795 	
