0.800 	226043.6136
0.805 	216812.1716
0.810 	207953.0523
0.815 	199450.2341
0.820 	191288.4306
0.825 	183453.0565
0.830 	175930.195
0.835 	168706.5671
0.840 	161769.5016
0.845 	155106.9067
0.850 	148707.2434
0.855 	142559.4997
0.860 	136653.1652
0.865 	130978.2089
0.870 	125525.0554
0.875 	120284.5648
0.880 	115248.0114
0.885 	110407.0644
0.890 	105753.7698
0.895 	101280.5322
0.900 	96980.09808
0.905 	92845.5397
0.910 	88870.23975
0.915 	85047.87669
0.920 	81372.41079
0.925 	77838.07085
0.930 	74439.34147
0.935 	71170.95102
0.940 	68027.86006
0.945 	65005.25042
0.950 	62098.51467
0.955 	59303.24623
0.960 	56615.22982
0.965 	54030.43243
0.970 	51544.99471
0.975 	49155.22278
0.980 	46857.58037
0.985 	44648.68143
0.990 	42525.28302
0.995 	40484.27856
1.000 	38522.69141
1.005 	36637.66878
1.010 	34826.47587
1.015 	33086.49038
1.020 	31415.19719
1.025 	29810.18337
1.030 	28269.13343
1.035 	26789.82472
1.040 	25370.12315
1.045 	24007.97909
1.050 	22701.42342
1.055 	21448.56384
1.060 	20247.58132
1.065 	19096.72674
1.070 	17994.31769
1.075 	16938.73541
1.080 	15928.42193
1.085 	14961.87727
1.090 	14037.65688
1.095 	13154.3691
1.100 	12310.67282
1.105 	11505.27521
1.110 	10736.92963
1.115 	10004.43353
1.120 	9306.626563
1.125 	8642.388731
1.130 	8010.638638
1.135 	7410.331829
1.140 	6840.459209
1.145 	6300.045545
1.150 	5788.148035
1.155 	5303.85495
1.160 	4846.284344
1.165 	4414.582827
1.170 	4007.924395
1.175 	3625.509322
1.180 	3266.563103
1.185 	2930.33545
1.190 	2616.099336
1.195 	2323.150083
1.200 	2050.804505
1.205 	1798.400074
1.210 	1565.294147
1.215 	1350.86321
1.220 	1154.502177
1.225 	975.623708
1.230 	813.6575661
1.235 	668.050005
1.240 	538.263183
1.245 	423.7746067
1.250 	324.0765988
1.255 	238.6757921
1.260 	167.0926459
1.265 	108.8609845
1.270 	63.52755779
1.275 	30.65162021
1.280 	9.804529695
1.285 	0.569363985
1.290 	2.540553973
1.295 	15.3235331
1.300 	38.53440195
1.305 	71.79960721
1.310 	114.7556343
1.315 	167.0487132
1.320 	228.3345356
1.325 	298.2779852
1.330 	376.5528775
1.335 	462.841711
1.340 	556.8354279
1.345 	658.2331838
1.350 	766.7421276
1.355 	882.0771877
1.360 	1003.960869
1.365 	1132.123053
1.370 	1266.300812
1.375 	1406.238223
1.380 	1551.686191
1.385 	1702.402282
1.390 	1858.150552
1.395 	2018.701394
1.400 	2183.831383
1.405 	2353.323122
1.410 	2526.965106
1.415 	2704.551575
1.420 	2885.882383
1.425 	3070.762864
1.430 	3259.003708
1.435 	3450.420832
1.440 	3644.835266
1.445 	3842.073032
1.450 	4041.96503
1.455 	4244.34693
1.460 	4449.059063
1.465 	4655.946317
1.470 	4864.858031
1.475 	5075.647902
1.480 	5288.173882
1.485 	5502.298084
1.490 	5717.886693
1.495 	5934.80987
1.500 	6152.941671
1.505 	6372.159951
1.510 	6592.346287
1.515 	6813.385894
1.520 	7035.167541
1.525 	7257.583475
1.530 	7480.529341
1.535 	7703.90411
1.540 	7927.609999
1.545 	8151.552402
1.550 	8375.63982
1.555 	8599.783786
1.560 	8823.8988
1.565 	9047.902261
1.570 	9271.7144
1.575 	9495.258217
1.580 	9718.459415
1.585 	9941.24634
1.590 	10163.54992
1.595 	10385.3036
1.600 	10606.44329
1.605 	10826.90731
1.610 	11046.63631
1.615 	11265.57325
1.620 	11483.66332
1.625 	11700.85388
1.630 	11917.09444
1.635 	12132.33659
1.640 	12346.53392
1.645 	12559.64202
1.650 	12771.61841
1.655 	12982.42248
1.660 	13192.01547
1.665 	13400.36037
1.670 	13607.42195
1.675 	13813.16666
1.680 	14017.5626
1.685 	14220.57949
1.690 	14422.18861
1.695 	14622.36276
1.700 	14821.07624
1.705 	15018.30478
1.710 	15214.02552
1.715 	15408.21698
1.720 	15600.85898
1.725 	15791.93268
1.730 	15981.42044
1.735 	16169.30588
1.740 	16355.5738
1.745 	16540.21013
1.750 	16723.20196
1.755 	16904.53741
1.760 	17084.20571
1.765 	17262.19706
1.770 	17438.50269
1.775 	17613.11476
1.780 	17786.0264
1.785 	17957.23159
1.790 	18126.72523
1.795 	18294.50303
1.800 	18460.56155
1.805 	18624.89811
1.810 	18787.51081
1.815 	18948.3985
1.820 	19107.56073
1.825 	19264.99775
1.830 	19420.71046
1.835 	19574.70042
1.840 	19726.9698
1.845 	19877.52138
1.850 	20026.35851
1.855 	20173.48508
1.860 	20318.90554
1.865 	20462.62484
1.870 	20604.64842
1.875 	20744.9822
1.880 	20883.63256
1.885 	21020.6063
1.890 	21155.91067
1.895 	21289.55328
1.900 	21421.54217
1.905 	21551.88571
1.910 	21680.59265
1.915 	21807.67205
1.920 	21933.1333
1.925 	22056.98611
1.930 	22179.24046
1.935 	22299.90661
1.940 	22418.9951
1.945 	22536.5167
1.950 	22652.48241
1.955 	22766.90348
1.960 	22879.79134
1.965 	22991.15764
1.970 	23101.01421
1.975 	23209.37304
1.980 	23316.24632
1.985 	23421.64636
1.990 	23525.58562
1.995 	23628.0767
2.000 	23729.13231
2.005 	23828.7653
2.010 	23926.98859
2.015 	24023.81522
2.020 	24119.2583
2.025 	24213.33103
2.030 	24306.04666
2.035 	24397.41853
2.040 	24487.46001
2.045 	24576.18453
2.050 	24663.60556
2.055 	24749.73658
2.060 	24834.59112
2.065 	24918.18273
2.070 	25000.52496
2.075 	25081.63136
2.080 	25161.5155
2.085 	25240.19094
2.090 	25317.67123
2.095 	25393.96989
2.100 	25469.10044
2.105 	25543.07637
2.110 	25615.91113
2.115 	25687.61814
2.120 	25758.21079
2.125 	25827.70242
2.130 	25896.10633
2.135 	25963.43575
2.140 	26029.70388
2.145 	26094.92386
2.150 	26159.10875
2.155 	26222.27156
2.160 	26284.42524
2.165 	26345.58265
2.170 	26405.75659
2.175 	26464.95978
2.180 	26523.20488
2.185 	26580.50444
2.190 	26636.87094
2.195 	26692.31678
2.200 	26746.85428
2.205 	26800.49566
2.210 	26853.25304
2.215 	26905.13847
2.220 	26956.16389
2.225 	27006.34115
2.230 	27055.68201
2.235 	27104.19812
2.240 	27151.90104
2.245 	27198.80222
2.250 	27244.91302
2.255 	27290.2447
2.260 	27334.8084
2.265 	27378.61516
2.270 	27421.67593
2.275 	27464.00155
2.280 	27505.60274
2.285 	27546.49012
2.290 	27586.67421
2.295 	27626.16542
2.300 	27664.97404
2.305 	27703.11028
2.310 	27740.58421
2.315 	27777.40581
2.320 	27813.58495
2.325 	27849.13138
2.330 	27884.05476
2.335 	27918.36463
2.340 	27952.07041
2.345 	27985.18144
2.350 	28017.70692
2.355 	28049.65597
2.360 	28081.03759
2.365 	28111.86067
2.370 	28142.134
2.375 	28171.86625
2.380 	28201.066
2.385 	28229.74171
2.390 	28257.90174
2.395 	28285.55435
2.400 	28312.7077
2.405 	28339.36982
2.410 	28365.54866
2.415 	28391.25206
2.420 	28416.48776
2.425 	28441.2634
2.430 	28465.58651
2.435 	28489.46453
2.440 	28512.90479
2.445 	28535.91452
2.450 	28558.50087
2.455 	28580.67088
2.460 	28602.43148
2.465 	28623.78953
2.470 	28644.75178
2.475 	28665.32489
2.480 	28685.51542
2.485 	28705.32983
2.490 	28724.77452
2.495 	28743.85576
2.500 	28762.57976
2.505 	28780.95261
2.510 	28798.98035
2.515 	28816.6689
2.520 	28834.0241
2.525 	28851.05171
2.530 	28867.7574
2.535 	28884.14676
2.540 	28900.2253
2.545 	28915.99844
2.550 	28931.4715
2.555 	28946.64977
2.560 	28961.5384
2.565 	28976.1425
2.570 	28990.4671
2.575 	29004.51713
2.580 	29018.29746
2.585 	29031.81288
2.590 	29045.06812
2.595 	29058.0678
2.600 	29070.81651
2.605 	29083.31873
2.610 	29095.5789
2.615 	29107.60137
2.620 	29119.39043
2.625 	29130.95029
2.630 	29142.2851
2.635 	29153.39895
2.640 	29164.29585
2.645 	29174.97976
2.650 	29185.45456
2.655 	29195.72408
2.660 	29205.79207
2.665 	29215.66223
2.670 	29225.33821
2.675 	29234.82358
2.680 	29244.12186
2.685 	29253.23651
2.690 	29262.17092
2.695 	29270.92846
2.700 	29279.51239
2.705 	29287.92596
2.710 	29296.17235
2.715 	29304.25468
2.720 	29312.17601
2.725 	29319.93938
2.730 	29327.54775
2.735 	29335.00403
2.740 	29342.31109
2.745 	29349.47175
2.750 	29356.48877
2.755 	29363.36489
2.760 	29370.10276
2.765 	29376.70502
2.770 	29383.17425
2.775 	29389.51298
2.780 	29395.72371
2.785 	29401.80888
2.790 	29407.77089
2.795 	29413.61212
2.800 	29419.33487
2.805 	29424.94143
2.810 	29430.43404
2.815 	29435.81489
2.820 	29441.08615
2.825 	29446.24993
2.830 	29451.30831
2.835 	29456.26335
2.840 	29461.11705
2.845 	29465.87138
2.850 	29470.52828
2.855 	29475.08965
2.860 	29479.55735
2.865 	29483.93322
2.870 	29488.21906
2.875 	29492.41664
2.880 	29496.52768
2.885 	29500.55389
2.890 	29504.49695
2.895 	29508.35848
2.900 	29512.14011
2.905 	29515.8434
2.910 	29519.46992
2.915 	29523.02118
2.920 	29526.49868
2.925 	29529.90388
2.930 	29533.23822
2.935 	29536.50312
2.940 	29539.69995
2.945 	29542.83008
2.950 	29545.89484
2.955 	29548.89554
2.960 	29551.83346
2.965 	29554.70987
2.970 	29557.52599
2.975 	29560.28304
2.980 	29562.98221
2.985 	29565.62467
2.990 	29568.21156
2.995 	29570.744
3.000 	29573.2231
3.005 	29575.64993
3.010 	29578.02555
3.015 	29580.35101
3.020 	29582.62732
3.025 	29584.85548
3.030 	29587.03647
3.035 	29589.17126
3.040 	29591.26078
3.045 	29593.30596
3.050 	29595.30771
3.055 	29597.26691
3.060 	29599.18443
3.065 	29601.06114
3.070 	29602.89787
3.075 	29604.69544
3.080 	29606.45465
3.085 	29608.1763
3.090 	29609.86116
3.095 	29611.50999
3.100 	29613.12353
3.105 	29614.70252
3.110 	29616.24766
3.115 	29617.75966
3.120 	29619.2392
3.125 	29620.68696
3.130 	29622.1036
3.135 	29623.48977
3.140 	29624.84609
3.145 	29626.1732
3.150 	29627.4717
3.155 	29628.74218
3.160 	29629.98524
3.165 	29631.20144
3.170 	29632.39134
3.175 	29633.55551
3.180 	29634.69447
3.185 	29635.80876
3.190 	29636.8989
3.195 	29637.96538
3.200 	29639.00871
3.205 	29640.02938
3.210 	29641.02787
3.215 	29642.00463
3.220 	29642.96014
3.225 	29643.89483
3.230 	29644.80915
3.235 	29645.70354
3.240 	29646.5784
3.245 	29647.43416
3.250 	29648.27122
3.255 	29649.08998
3.260 	29649.89082
3.265 	29650.67414
3.270 	29651.44029
3.275 	29652.18965
3.280 	29652.92257
3.285 	29653.63941
3.290 	29654.3405
3.295 	29655.02619
3.300 	29655.6968
3.305 	29656.35265
3.310 	29656.99407
3.315 	29657.62136
3.320 	29658.23482
3.325 	29658.83475
3.330 	29659.42144
3.335 	29659.99518
3.340 	29660.55624
3.345 	29661.1049
3.350 	29661.64143
3.355 	29662.16608
3.360 	29662.67911
3.365 	29663.18077
3.370 	29663.67131
3.375 	29664.15097
3.380 	29664.61998
3.385 	29665.07858
3.390 	29665.52698
3.395 	29665.96542
3.400 	29666.39411
3.405 	29666.81325
3.410 	29667.22306
3.415 	29667.62373
3.420 	29668.01548
3.425 	29668.39848
3.430 	29668.77294
3.435 	29669.13903
3.440 	29669.49695
3.445 	29669.84686
3.450 	29670.18895
3.455 	29670.52338
3.460 	29670.85033
3.465 	29671.16995
3.470 	29671.48241
3.475 	29671.78786
3.480 	29672.08645
3.485 	29672.37835
3.490 	29672.66369
3.495 	29672.94261
3.500 	29673.21527
3.505 	29673.48179
3.510 	29673.74232
3.515 	29673.99697
3.520 	29674.24589
3.525 	29674.48921
3.530 	29674.72703
3.535 	29674.95949
3.540 	29675.1867
3.545 	29675.40878
3.550 	29675.62584
3.555 	29675.838
3.560 	29676.04535
3.565 	29676.24802
3.570 	29676.4461
3.575 	29676.63969
3.580 	29676.82889
3.585 	29677.01381
3.590 	29677.19453
3.595 	29677.37115
3.600 	29677.54376
3.605 	29677.71246
3.610 	29677.87731
3.615 	29678.03842
3.620 	29678.19587
3.625 	29678.34973
3.630 	29678.50009
3.635 	29678.64703
3.640 	29678.79062
3.645 	29678.93093
3.650 	29679.06805
3.655 	29679.20204
3.660 	29679.33297
3.665 	29679.4609
3.670 	29679.58592
3.675 	29679.70808
3.680 	29679.82744
3.685 	29679.94408
3.690 	29680.05805
3.695 	29680.1694
3.700 	29680.27821
3.705 	29680.38452
3.710 	29680.4884
3.715 	29680.58989
3.720 	29680.68905
3.725 	29680.78594
3.730 	29680.88061
3.735 	29680.9731
3.740 	29681.06346
3.745 	29681.15174
3.750 	29681.238
3.755 	29681.32227
3.760 	29681.4046
3.765 	29681.48503
3.770 	29681.56362
3.775 	29681.64039
3.780 	29681.71539
3.785 	29681.78866
3.790 	29681.86023
3.795 	29681.93016
3.800 	29681.99847
3.805 	29682.06521
3.810 	29682.1304
3.815 	29682.19408
3.820 	29682.25629
3.825 	29682.31707
3.830 	29682.37643
3.835 	29682.43442
3.840 	29682.49107
3.845 	29682.5464
3.850 	29682.60045
3.855 	29682.65325
3.860 	29682.70482
3.865 	29682.7552
3.870 	29682.80441
3.875 	29682.85247
3.880 	29682.89941
3.885 	29682.94527
3.890 	29682.99006
3.895 	29683.03381
3.900 	29683.07653
3.905 	29683.11827
3.910 	29683.15903
3.915 	29683.19884
3.920 	29683.23773
3.925 	29683.27571
3.930 	29683.3128
3.935 	29683.34903
3.940 	29683.38441
3.945 	29683.41897
3.950 	29683.45272
3.955 	29683.48568
3.960 	29683.51787
3.965 	29683.5493
3.970 	29683.58001
3.975 	29683.60999
3.980 	29683.63927
3.985 	29683.66787
3.990 	29683.6958
3.995 	29683.72307
4.000 	29683.74971
4.005 	29683.77572
4.010 	29683.80112
4.015 	29683.82592
4.020 	29683.85014
4.025 	29683.87379
4.030 	29683.89689
4.035 	29683.91945
4.040 	29683.94147
4.045 	29683.96298
4.050 	29683.98398
4.055 	29684.00449
4.060 	29684.02452
4.065 	29684.04407
4.070 	29684.06316
4.075 	29684.08181
4.080 	29684.10001
4.085 	29684.11779
4.090 	29684.13515
4.095 	29684.15209
4.100 	29684.16864
4.105 	29684.1848
4.110 	29684.20057
4.115 	29684.21598
4.120 	29684.23102
4.125 	29684.2457
4.130 	29684.26004
4.135 	29684.27404
4.140 	29684.2877
4.145 	29684.30105
4.150 	29684.31408
4.155 	29684.3268
4.160 	29684.33921
4.165 	29684.35134
4.170 	29684.36318
4.175 	29684.37473
4.180 	29684.38602
4.185 	29684.39703
4.190 	29684.40779
4.195 	29684.41828
4.200 	29684.42853
4.205 	29684.43854
4.210 	29684.44831
4.215 	29684.45785
4.220 	29684.46716
4.225 	29684.47624
4.230 	29684.48512
4.235 	29684.49378
4.240 	29684.50223
4.245 	29684.51049
4.250 	29684.51855
4.255 	29684.52641
4.260 	29684.53409
4.265 	29684.54159
4.270 	29684.54891
4.275 	29684.55605
4.280 	29684.56302
4.285 	29684.56983
4.290 	29684.57647
4.295 	29684.58296
4.300 	29684.58929
4.305 	29684.59547
4.310 	29684.6015
4.315 	29684.60739
4.320 	29684.61313
4.325 	29684.61874
4.330 	29684.62422
4.335 	29684.62956
4.340 	29684.63478
4.345 	29684.63987
4.350 	29684.64484
4.355 	29684.64969
4.360 	29684.65443
4.365 	29684.65905
4.370 	29684.66356
4.375 	29684.66796
4.380 	29684.67226
4.385 	29684.67645
4.390 	29684.68055
4.395 	29684.68454
4.400 	29684.68844
4.405 	29684.69225
4.410 	29684.69596
4.415 	29684.69959
4.420 	29684.70313
4.425 	29684.70658
4.430 	29684.70995
4.435 	29684.71324
4.440 	29684.71645
4.445 	29684.71958
4.450 	29684.72264
4.455 	29684.72562
4.460 	29684.72853
4.465 	29684.73138
4.470 	29684.73415
4.475 	29684.73686
4.480 	29684.7395
4.485 	29684.74208
4.490 	29684.74459
4.495 	29684.74705
4.500 	29684.74944
4.505 	29684.75178
4.510 	29684.75406
4.515 	29684.75629
4.520 	29684.75846
4.525 	29684.76058
4.530 	29684.76265
4.535 	29684.76467
4.540 	29684.76664
4.545 	29684.76856
4.550 	29684.77044
4.555 	29684.77227
4.560 	29684.77406
4.565 	29684.7758
4.570 	29684.7775
4.575 	29684.77916
4.580 	29684.78078
4.585 	29684.78236
4.590 	29684.7839
4.595 	29684.78541
4.600 	29684.78688
4.605 	29684.78831
4.610 	29684.78971
4.615 	29684.79107
4.620 	29684.7924
4.625 	29684.7937
4.630 	29684.79497
4.635 	29684.79621
4.640 	29684.79741
4.645 	29684.79859
4.650 	29684.79974
4.655 	29684.80086
4.660 	29684.80195
4.665 	29684.80302
4.670 	29684.80406
4.675 	29684.80508
4.680 	29684.80607
4.685 	29684.80703
4.690 	29684.80798
4.695 	29684.8089
4.700 	29684.8098
4.705 	29684.81067
4.710 	29684.81153
4.715 	29684.81236
4.720 	29684.81317
4.725 	29684.81397
4.730 	29684.81474
4.735 	29684.8155
4.740 	29684.81623
4.745 	29684.81695
4.750 	29684.81766
4.755 	29684.81834
4.760 	29684.81901
4.765 	29684.81966
4.770 	29684.8203
4.775 	29684.82092
4.780 	29684.82152
4.785 	29684.82211
4.790 	29684.82269
4.795 	29684.82325
4.800 	29684.8238
4.805 	29684.82433
4.810 	29684.82485
4.815 	29684.82536
4.820 	29684.82586
4.825 	29684.82634
4.830 	29684.82681
4.835 	29684.82727
4.840 	29684.82772
4.845 	29684.82816
4.850 	29684.82859
4.855 	29684.82901
4.860 	29684.82941
4.865 	29684.82981
4.870 	29684.8302
4.875 	29684.83058
4.880 	29684.83095
4.885 	29684.8313
4.890 	29684.83166
4.895 	29684.832
4.900 	29684.83233
4.905 	29684.83266
4.910 	29684.83297
4.915 	29684.83328
4.920 	29684.83359
4.925 	29684.83388
4.930 	29684.83417
4.935 	29684.83445
4.940 	29684.83472
4.945 	29684.83499
4.950 	29684.83525
4.955 	29684.8355
4.960 	29684.83575
4.965 	29684.83599
4.970 	29684.83623
4.975 	29684.83646
4.980 	29684.83668
4.985 	29684.8369
4.990 	29684.83711
4.995 	29684.83732
5.000 	29684.83752
5.005 	29684.83772
5.010 	29684.83791
5.015 	29684.8381
5.020 	29684.83829
5.025 	29684.83847
5.030 	29684.83864
5.035 	29684.83881
5.040 	29684.83898
5.045 	29684.83914
5.050 	29684.8393
5.055 	29684.83945
5.060 	29684.8396
5.065 	29684.83975
5.070 	29684.83989
5.075 	29684.84003
5.080 	29684.84017
5.085 	29684.8403
5.090 	29684.84043
5.095 	29684.84055
5.100 	29684.84068
5.105 	29684.8408
5.110 	29684.84091
5.115 	29684.84103
5.120 	29684.84114
5.125 	29684.84125
5.130 	29684.84135
5.135 	29684.84146
5.140 	29684.84156
5.145 	29684.84166
5.150 	29684.84175
5.155 	29684.84185
5.160 	29684.84194
5.165 	29684.84203
5.170 	29684.84211
5.175 	29684.8422
5.180 	29684.84228
5.185 	29684.84236
5.190 	29684.84244
5.195 	29684.84251
5.200 	29684.84259
5.205 	29684.84266
5.210 	29684.84273
5.215 	29684.8428
5.220 	29684.84287
5.225 	29684.84293
5.230 	29684.843
5.235 	29684.84306
5.240 	29684.84312
5.245 	29684.84318
5.250 	29684.84324
5.255 	29684.8433
5.260 	29684.84335
5.265 	29684.8434
5.270 	29684.84346
5.275 	29684.84351
5.280 	29684.84356
5.285 	29684.84361
5.290 	29684.84365
5.295 	29684.8437
5.300 	29684.84374
5.305 	29684.84379
5.310 	29684.84383
5.315 	29684.84387
5.320 	29684.84391
5.325 	29684.84395
5.330 	29684.84399
5.335 	29684.84403
5.340 	29684.84407
5.345 	29684.8441
5.350 	29684.84414
5.355 	29684.84417
5.360 	29684.84421
5.365 	29684.84424
5.370 	29684.84427
5.375 	29684.8443
5.380 	29684.84433
5.385 	29684.84436
5.390 	29684.84439
5.395 	29684.84442
5.400 	29684.84444
5.405 	29684.84447
5.410 	29684.8445
5.415 	29684.84452
5.420 	29684.84455
5.425 	29684.84457
5.430 	29684.84459
5.435 	29684.84462
5.440 	29684.84464
5.445 	29684.84466
5.450 	29684.84468
5.455 	29684.8447
5.460 	29684.84472
5.465 	29684.84474
5.470 	29684.84476
5.475 	29684.84478
5.480 	29684.8448
5.485 	29684.84481
5.490 	29684.84483
5.495 	29684.84485
5.500 	29684.84487
5.505 	29684.84488
5.510 	29684.8449
5.515 	29684.84491
5.520 	29684.84493
5.525 	29684.84494
5.530 	29684.84496
5.535 	29684.84497
5.540 	29684.84498
5.545 	29684.845
5.550 	29684.84501
5.555 	29684.84502
5.560 	29684.84503
5.565 	29684.84504
5.570 	29684.84506
5.575 	29684.84507
5.580 	29684.84508
5.585 	29684.84509
5.590 	29684.8451
5.595 	29684.84511
5.600 	29684.84512
5.605 	29684.84513
5.610 	29684.84514
5.615 	29684.84515
5.620 	29684.84516
5.625 	29684.84516
5.630 	29684.84517
5.635 	29684.84518
5.640 	29684.84519
5.645 	29684.8452
5.650 	29684.8452
5.655 	29684.84521
5.660 	29684.84522
5.665 	29684.84523
5.670 	29684.84523
5.675 	29684.84524
5.680 	29684.84525
5.685 	29684.84525
5.690 	29684.84526
5.695 	29684.84527
5.700 	29684.84527
5.705 	29684.84528
5.710 	29684.84528
5.715 	29684.84529
5.720 	29684.84529
5.725 	29684.8453
5.730 	29684.8453
5.735 	29684.84531
5.740 	29684.84531
5.745 	29684.84532
5.750 	29684.84532
5.755 	29684.84533
5.760 	29684.84533
5.765 	29684.84534
5.770 	29684.84534
5.775 	29684.84534
5.780 	29684.84535
5.785 	29684.84535
5.790 	29684.84536
5.795 	29684.84536
