0.800 	194608.419
0.805 	187603.1993
0.810 	180820.6387
0.815 	174253.9713
0.820 	167896.6422
0.825 	161742.3015
0.830 	155784.797
0.835 	150018.1686
0.840 	144436.6412
0.845 	139034.6197
0.850 	133806.6826
0.855 	128747.5766
0.860 	123852.2114
0.865 	119115.6541
0.870 	114533.1246
0.875 	110099.9901
0.880 	105811.7612
0.885 	101664.0864
0.890 	97652.74865
0.895 	93773.66011
0.900 	90022.85868
0.905 	86396.50375
0.910 	82890.87229
0.915 	79502.35521
0.920 	76227.45361
0.925 	73062.77538
0.930 	70005.03171
0.935 	67051.03387
0.940 	64197.68999
0.945 	61442.00201
0.950 	58781.06268
0.955 	56212.0527
0.960 	53732.23792
0.965 	51338.96665
0.970 	49029.66707
0.975 	46801.84467
0.980 	44653.07984
0.985 	42581.02551
0.990 	40583.40484
0.995 	38658.00904
1.000 	36802.69522
1.005 	35015.38431
1.010 	33294.05906
1.015 	31636.76215
1.020 	30041.59424
1.025 	28506.71222
1.030 	27030.32742
1.035 	25610.70396
1.040 	24246.15703
1.045 	22935.05139
1.050 	21675.79976
1.055 	20466.86139
1.060 	19306.74058
1.065 	18193.98531
1.070 	17127.1859
1.075 	16104.97367
1.080 	15126.01973
1.085 	14189.0337
1.090 	13292.76261
1.095 	12435.98966
1.100 	11617.53319
1.105 	10836.24557
1.110 	10091.01221
1.115 	9380.750475
1.120 	8704.408801
1.125 	8060.965707
1.130 	7449.4289
1.135 	6868.834395
1.140 	6318.245661
1.145 	5796.752801
1.150 	5303.47175
1.155 	4837.543503
1.160 	4398.133372
1.165 	3984.430256
1.170 	3595.645943
1.175 	3231.014433
1.180 	2889.791277
1.185 	2571.252947
1.190 	2274.696212
1.195 	1999.43755
1.200 	1744.812564
1.205 	1510.175425
1.210 	1294.898332
1.215 	1098.370984
1.220 	920.0000749
1.225 	759.2087985
1.230 	615.4363738
1.235 	488.1375818
1.240 	376.7823189
1.245 	280.8551624
1.250 	199.8549513
1.255 	133.2943788
1.260 	80.69959774
1.265 	41.6098389
1.270 	15.5770401
1.275 	2.165487418
1.280 	0.951467128
1.285 	11.52292844
1.290 	33.47915652
1.295 	66.43045547
1.300 	109.997841
1.305 	163.8127425
1.310 	227.5167141
1.315 	300.7611543
1.320 	383.2070344
1.325 	474.5246349
1.330 	574.3932899
1.335 	682.5011391
1.340 	798.5448871
1.345 	922.2295703
1.350 	1053.26833
1.355 	1191.382193
1.360 	1336.299859
1.365 	1487.757492
1.370 	1645.49852
1.375 	1809.273441
1.380 	1978.839635
1.385 	2153.961175
1.390 	2334.408653
1.395 	2519.959007
1.400 	2710.39535
1.405 	2905.506809
1.410 	3105.088365
1.415 	3308.940699
1.420 	3516.870042
1.425 	3728.68803
1.430 	3944.211563
1.435 	4163.262668
1.440 	4385.668362
1.445 	4611.260528
1.450 	4839.875782
1.455 	5071.355357
1.460 	5305.544979
1.465 	5542.294755
1.470 	5781.459056
1.475 	6022.89641
1.480 	6266.469396
1.485 	6512.044539
1.490 	6759.492208
1.495 	7008.68652
1.500 	7259.505244
1.505 	7511.829708
1.510 	7765.544707
1.515 	8020.538417
1.520 	8276.70231
1.525 	8533.931067
1.530 	8792.122501
1.535 	9051.177474
1.540 	9310.999824
1.545 	9571.496286
1.550 	9832.576424
1.555 	10094.15255
1.560 	10356.13968
1.565 	10618.45542
1.570 	10881.01995
1.575 	11143.75593
1.580 	11406.58844
1.585 	11669.44495
1.590 	11932.25521
1.595 	12194.95123
1.600 	12457.4672
1.605 	12719.73946
1.610 	12981.70643
1.615 	13243.30856
1.620 	13504.48827
1.625 	13765.18993
1.630 	14025.35978
1.635 	14284.94589
1.640 	14543.89813
1.645 	14802.1681
1.650 	15059.70912
1.655 	15316.47615
1.660 	15572.42577
1.665 	15827.51614
1.670 	16081.70694
1.675 	16334.95937
1.680 	16587.23606
1.685 	16838.50108
1.690 	17088.71987
1.695 	17337.85925
1.700 	17585.88732
1.705 	17832.77349
1.710 	18078.48838
1.715 	18323.00388
1.720 	18566.29303
1.725 	18808.33002
1.730 	19049.0902
1.735 	19288.54998
1.740 	19526.68686
1.745 	19763.47937
1.750 	19998.90706
1.755 	20232.95046
1.760 	20465.59107
1.765 	20696.8113
1.770 	20926.59451
1.775 	21154.92491
1.780 	21381.78759
1.785 	21607.16849
1.790 	21831.05434
1.795 	22053.43269
1.800 	22274.29185
1.805 	22493.62088
1.810 	22711.4096
1.815 	22927.6485
1.820 	23142.3288
1.825 	23355.44236
1.830 	23566.98174
1.835 	23776.94008
1.840 	23985.31118
1.845 	24192.08943
1.850 	24397.26981
1.855 	24600.84785
1.860 	24802.81964
1.865 	25003.18181
1.870 	25201.93152
1.875 	25399.0664
1.880 	25594.58461
1.885 	25788.48476
1.890 	25980.76592
1.895 	26171.42762
1.900 	26360.46982
1.905 	26547.89291
1.910 	26733.69765
1.915 	26917.88524
1.920 	27100.45725
1.925 	27281.41559
1.930 	27460.76258
1.935 	27638.50084
1.940 	27814.63335
1.945 	27989.16342
1.950 	28162.09466
1.955 	28333.43099
1.960 	28503.17663
1.965 	28671.33606
1.970 	28837.91407
1.975 	29002.91568
1.980 	29166.34618
1.985 	29328.21112
1.990 	29488.51626
1.995 	29647.26761
2.000 	29804.47138
2.005 	29960.13401
2.010 	30114.26214
2.015 	30266.86259
2.020 	30417.9424
2.025 	30567.50876
2.030 	30715.56904
2.035 	30862.13078
2.040 	31007.2017
2.045 	31150.78963
2.050 	31292.90258
2.055 	31433.54868
2.060 	31572.7362
2.065 	31710.47355
2.070 	31846.76924
2.075 	31981.6319
2.080 	32115.07028
2.085 	32247.09323
2.090 	32377.70968
2.095 	32506.92869
2.100 	32634.75936
2.105 	32761.21092
2.110 	32886.29265
2.115 	33010.01392
2.120 	33132.38415
2.125 	33253.41283
2.130 	33373.10952
2.135 	33491.48384
2.140 	33608.54543
2.145 	33724.30401
2.150 	33838.76934
2.155 	33951.95119
2.160 	34063.85941
2.165 	34174.50385
2.170 	34283.89439
2.175 	34392.04096
2.180 	34498.95348
2.185 	34604.64192
2.190 	34709.11623
2.195 	34812.38642
2.200 	34914.46246
2.205 	35015.35436
2.210 	35115.07212
2.215 	35213.62574
2.220 	35311.02523
2.225 	35407.28059
2.230 	35502.40181
2.235 	35596.39887
2.240 	35689.28174
2.245 	35781.0604
2.250 	35871.74477
2.255 	35961.34478
2.260 	36049.87035
2.265 	36137.33136
2.270 	36223.73766
2.275 	36309.0991
2.280 	36393.42547
2.285 	36476.72657
2.290 	36559.01214
2.295 	36640.2919
2.300 	36720.57552
2.305 	36799.87266
2.310 	36878.19293
2.315 	36955.5459
2.320 	37031.94111
2.325 	37107.38803
2.330 	37181.89614
2.335 	37255.47482
2.340 	37328.13345
2.345 	37399.88135
2.350 	37470.72778
2.355 	37540.68196
2.360 	37609.75308
2.365 	37677.95025
2.370 	37745.28256
2.375 	37811.75902
2.380 	37877.38861
2.385 	37942.18025
2.390 	38006.14281
2.395 	38069.28508
2.400 	38131.61584
2.405 	38193.14378
2.410 	38253.87756
2.415 	38313.82574
2.420 	38372.99688
2.425 	38431.39944
2.430 	38489.04184
2.435 	38545.93244
2.440 	38602.07953
2.445 	38657.49136
2.450 	38712.1761
2.455 	38766.14187
2.460 	38819.39674
2.465 	38871.94869
2.470 	38923.80568
2.475 	38974.97556
2.480 	39025.46617
2.485 	39075.28525
2.490 	39124.4405
2.495 	39172.93954
2.500 	39220.78995
2.505 	39267.99922
2.510 	39314.57481
2.515 	39360.5241
2.520 	39405.8544
2.525 	39450.57298
2.530 	39494.68702
2.535 	39538.20367
2.540 	39581.12999
2.545 	39623.47299
2.550 	39665.23961
2.555 	39706.43675
2.560 	39747.07122
2.565 	39787.14979
2.570 	39826.67915
2.575 	39865.66594
2.580 	39904.11673
2.585 	39942.03804
2.590 	39979.43633
2.595 	40016.31798
2.600 	40052.68932
2.605 	40088.55663
2.610 	40123.92611
2.615 	40158.80391
2.620 	40193.19612
2.625 	40227.10878
2.630 	40260.54785
2.635 	40293.51924
2.640 	40326.02881
2.645 	40358.08234
2.650 	40389.68557
2.655 	40420.84417
2.660 	40451.56377
2.665 	40481.84993
2.670 	40511.70813
2.675 	40541.14385
2.680 	40570.16245
2.685 	40598.76927
2.690 	40626.96959
2.695 	40654.76863
2.700 	40682.17156
2.705 	40709.18348
2.710 	40735.80945
2.715 	40762.05446
2.720 	40787.92347
2.725 	40813.42137
2.730 	40838.553
2.735 	40863.32314
2.740 	40887.73652
2.745 	40911.79783
2.750 	40935.5117
2.755 	40958.88271
2.760 	40981.91537
2.765 	41004.61417
2.770 	41026.98352
2.775 	41049.02782
2.780 	41070.75137
2.785 	41092.15847
2.790 	41113.25332
2.795 	41134.04012
2.800 	41154.52299
2.805 	41174.70602
2.810 	41194.59323
2.815 	41214.18863
2.820 	41233.49614
2.825 	41252.51967
2.830 	41271.26306
2.835 	41289.73013
2.840 	41307.92462
2.845 	41325.85025
2.850 	41343.5107
2.855 	41360.90959
2.860 	41378.0505
2.865 	41394.93697
2.870 	41411.57249
2.875 	41427.96054
2.880 	41444.10451
2.885 	41460.00777
2.890 	41475.67367
2.895 	41491.10548
2.900 	41506.30646
2.905 	41521.27982
2.910 	41536.02872
2.915 	41550.55629
2.920 	41564.86564
2.925 	41578.9598
2.930 	41592.8418
2.935 	41606.51461
2.940 	41619.98118
2.945 	41633.2444
2.950 	41646.30714
2.955 	41659.17223
2.960 	41671.84247
2.965 	41684.32062
2.970 	41696.60939
2.975 	41708.71148
2.980 	41720.62955
2.985 	41732.36621
2.990 	41743.92405
2.995 	41755.30562
3.000 	41766.51345
3.005 	41777.55002
3.010 	41788.41778
3.015 	41799.11918
3.020 	41809.65658
3.025 	41820.03237
3.030 	41830.24885
3.035 	41840.30835
3.040 	41850.21312
3.045 	41859.96541
3.050 	41869.56742
3.055 	41879.02134
3.060 	41888.32931
3.065 	41897.49347
3.070 	41906.5159
3.075 	41915.39868
3.080 	41924.14385
3.085 	41932.75341
3.090 	41941.22935
3.095 	41949.57363
3.100 	41957.78818
3.105 	41965.87492
3.110 	41973.83571
3.115 	41981.67242
3.120 	41989.38688
3.125 	41996.98088
3.130 	42004.45622
3.135 	42011.81464
3.140 	42019.05789
3.145 	42026.18766
3.150 	42033.20565
3.155 	42040.11351
3.160 	42046.91289
3.165 	42053.6054
3.170 	42060.19263
3.175 	42066.67617
3.180 	42073.05755
3.185 	42079.33831
3.190 	42085.51996
3.195 	42091.60398
3.200 	42097.59184
3.205 	42103.48499
3.210 	42109.28484
3.215 	42114.99281
3.220 	42120.61028
3.225 	42126.13863
3.230 	42131.57918
3.235 	42136.93328
3.240 	42142.20223
3.245 	42147.38733
3.250 	42152.48984
3.255 	42157.51102
3.260 	42162.45211
3.265 	42167.31433
3.270 	42172.09887
3.275 	42176.80693
3.280 	42181.43967
3.285 	42185.99824
3.290 	42190.48377
3.295 	42194.89739
3.300 	42199.2402
3.305 	42203.51329
3.310 	42207.71771
3.315 	42211.85454
3.320 	42215.9248
3.325 	42219.92953
3.330 	42223.86974
3.335 	42227.74641
3.340 	42231.56054
3.345 	42235.31308
3.350 	42239.005
3.355 	42242.63722
3.360 	42246.21068
3.365 	42249.72629
3.370 	42253.18494
3.375 	42256.58752
3.380 	42259.93491
3.385 	42263.22795
3.390 	42266.4675
3.395 	42269.6544
3.400 	42272.78946
3.405 	42275.8735
3.410 	42278.9073
3.415 	42281.89167
3.420 	42284.82736
3.425 	42287.71516
3.430 	42290.5558
3.435 	42293.35003
3.440 	42296.09857
3.445 	42298.80215
3.450 	42301.46147
3.455 	42304.07724
3.460 	42306.65013
3.465 	42309.18082
3.470 	42311.66998
3.475 	42314.11828
3.480 	42316.52634
3.485 	42318.89481
3.490 	42321.22432
3.495 	42323.51549
3.500 	42325.76892
3.505 	42327.98521
3.510 	42330.16496
3.515 	42332.30874
3.520 	42334.41712
3.525 	42336.49068
3.530 	42338.52996
3.535 	42340.53551
3.540 	42342.50788
3.545 	42344.44759
3.550 	42346.35516
3.555 	42348.2311
3.560 	42350.07594
3.565 	42351.89015
3.570 	42353.67424
3.575 	42355.42868
3.580 	42357.15396
3.585 	42358.85054
3.590 	42360.51889
3.595 	42362.15945
3.600 	42363.77268
3.605 	42365.35901
3.610 	42366.91889
3.615 	42368.45273
3.620 	42369.96096
3.625 	42371.44399
3.630 	42372.90223
3.635 	42374.33607
3.640 	42375.74593
3.645 	42377.13218
3.650 	42378.4952
3.655 	42379.83538
3.660 	42381.15309
3.665 	42382.44868
3.670 	42383.72253
3.675 	42384.97498
3.680 	42386.20638
3.685 	42387.41707
3.690 	42388.6074
3.695 	42389.7777
3.700 	42390.92828
3.705 	42392.05948
3.710 	42393.17161
3.715 	42394.26499
3.720 	42395.33991
3.725 	42396.39669
3.730 	42397.43562
3.735 	42398.45698
3.740 	42399.46108
3.745 	42400.4482
3.750 	42401.4186
3.755 	42402.37258
3.760 	42403.31039
3.765 	42404.23231
3.770 	42405.13859
3.775 	42406.0295
3.780 	42406.90528
3.785 	42407.76619
3.790 	42408.61247
3.795 	42409.44437
3.800 	42410.26212
3.805 	42411.06595
3.810 	42411.8561
3.815 	42412.6328
3.820 	42413.39626
3.825 	42414.1467
3.830 	42414.88435
3.835 	42415.60941
3.840 	42416.32209
3.845 	42417.0226
3.850 	42417.71114
3.855 	42418.38791
3.860 	42419.05311
3.865 	42419.70693
3.870 	42420.34955
3.875 	42420.98117
3.880 	42421.60197
3.885 	42422.21212
3.890 	42422.81181
3.895 	42423.40122
3.900 	42423.98051
3.905 	42424.54985
3.910 	42425.10941
3.915 	42425.65935
3.920 	42426.19984
3.925 	42426.73103
3.930 	42427.25308
3.935 	42427.76614
3.940 	42428.27037
3.945 	42428.76591
3.950 	42429.2529
3.955 	42429.7315
3.960 	42430.20184
3.965 	42430.66406
3.970 	42431.1183
3.975 	42431.56469
3.980 	42432.00337
3.985 	42432.43446
3.990 	42432.8581
3.995 	42433.27441
4.000 	42433.68351
4.005 	42434.08553
4.010 	42434.48058
4.015 	42434.86878
4.020 	42435.25025
4.025 	42435.62511
4.030 	42435.99346
4.035 	42436.35542
4.040 	42436.71109
4.045 	42437.06058
4.050 	42437.40399
4.055 	42437.74144
4.060 	42438.07301
4.065 	42438.39882
4.070 	42438.71895
4.075 	42439.03351
4.080 	42439.34259
4.085 	42439.64628
4.090 	42439.94468
4.095 	42440.23787
4.100 	42440.52594
4.105 	42440.80899
4.110 	42441.08709
4.115 	42441.36034
4.120 	42441.62881
4.125 	42441.89259
4.130 	42442.15175
4.135 	42442.40638
4.140 	42442.65655
4.145 	42442.90235
4.150 	42443.14383
4.155 	42443.38109
4.160 	42443.61419
4.165 	42443.8432
4.170 	42444.06819
4.175 	42444.28924
4.180 	42444.5064
4.185 	42444.71975
4.190 	42444.92936
4.195 	42445.13528
4.200 	42445.33758
4.205 	42445.53632
4.210 	42445.73156
4.215 	42445.92337
4.220 	42446.11181
4.225 	42446.29692
4.230 	42446.47877
4.235 	42446.65742
4.240 	42446.83292
4.245 	42447.00532
4.250 	42447.17469
4.255 	42447.34106
4.260 	42447.50449
4.265 	42447.66504
4.270 	42447.82276
4.275 	42447.97768
4.280 	42448.12987
4.285 	42448.27936
4.290 	42448.42622
4.295 	42448.57047
4.300 	42448.71217
4.305 	42448.85135
4.310 	42448.98808
4.315 	42449.12238
4.320 	42449.2543
4.325 	42449.38388
4.330 	42449.51116
4.335 	42449.63618
4.340 	42449.75899
4.345 	42449.87961
4.350 	42449.99809
4.355 	42450.11447
4.360 	42450.22877
4.365 	42450.34105
4.370 	42450.45133
4.375 	42450.55964
4.380 	42450.66603
4.385 	42450.77052
4.390 	42450.87316
4.395 	42450.97396
4.400 	42451.07297
4.405 	42451.17022
4.410 	42451.26573
4.415 	42451.35953
4.420 	42451.45167
4.425 	42451.54215
4.430 	42451.63103
4.435 	42451.71831
4.440 	42451.80404
4.445 	42451.88823
4.450 	42451.97092
4.455 	42452.05213
4.460 	42452.13189
4.465 	42452.21022
4.470 	42452.28715
4.475 	42452.3627
4.480 	42452.4369
4.485 	42452.50977
4.490 	42452.58134
4.495 	42452.65162
4.500 	42452.72064
4.505 	42452.78842
4.510 	42452.85499
4.515 	42452.92036
4.520 	42452.98456
4.525 	42453.04761
4.530 	42453.10952
4.535 	42453.17032
4.540 	42453.23003
4.545 	42453.28866
4.550 	42453.34624
4.555 	42453.40279
4.560 	42453.45832
4.565 	42453.51284
4.570 	42453.56639
4.575 	42453.61897
4.580 	42453.67061
4.585 	42453.72131
4.590 	42453.7711
4.595 	42453.81999
4.600 	42453.868
4.605 	42453.91515
4.610 	42453.96144
4.615 	42454.0069
4.620 	42454.05154
4.625 	42454.09537
4.630 	42454.13841
4.635 	42454.18067
4.640 	42454.22217
4.645 	42454.26292
4.650 	42454.30293
4.655 	42454.34221
4.660 	42454.38079
4.665 	42454.41867
4.670 	42454.45586
4.675 	42454.49238
4.680 	42454.52823
4.685 	42454.56344
4.690 	42454.59801
4.695 	42454.63195
4.700 	42454.66528
4.705 	42454.698
4.710 	42454.73013
4.715 	42454.76167
4.720 	42454.79265
4.725 	42454.82306
4.730 	42454.85291
4.735 	42454.88223
4.740 	42454.91101
4.745 	42454.93927
4.750 	42454.96702
4.755 	42454.99426
4.760 	42455.021
4.765 	42455.04726
4.770 	42455.07304
4.775 	42455.09836
4.780 	42455.12321
4.785 	42455.1476
4.790 	42455.17156
4.795 	42455.19507
4.800 	42455.21816
4.805 	42455.24083
4.810 	42455.26308
4.815 	42455.28493
4.820 	42455.30638
4.825 	42455.32744
4.830 	42455.34811
4.835 	42455.3684
4.840 	42455.38833
4.845 	42455.40789
4.850 	42455.42709
4.855 	42455.44595
4.860 	42455.46445
4.865 	42455.48262
4.870 	42455.50046
4.875 	42455.51797
4.880 	42455.53516
4.885 	42455.55204
4.890 	42455.5686
4.895 	42455.58486
4.900 	42455.60083
4.905 	42455.6165
4.910 	42455.63189
4.915 	42455.64699
4.920 	42455.66182
4.925 	42455.67637
4.930 	42455.69066
4.935 	42455.70468
4.940 	42455.71845
4.945 	42455.73196
4.950 	42455.74523
4.955 	42455.75825
4.960 	42455.77104
4.965 	42455.78359
4.970 	42455.79591
4.975 	42455.808
4.980 	42455.81987
4.985 	42455.83152
4.990 	42455.84295
4.995 	42455.85418
5.000 	42455.8652
5.005 	42455.87602
5.010 	42455.88663
5.015 	42455.89706
5.020 	42455.90729
5.025 	42455.91733
5.030 	42455.92718
5.035 	42455.93686
5.040 	42455.94636
5.045 	42455.95568
5.050 	42455.96483
5.055 	42455.97381
5.060 	42455.98262
5.065 	42455.99127
5.070 	42455.99977
5.075 	42456.0081
5.080 	42456.01628
5.085 	42456.02431
5.090 	42456.03219
5.095 	42456.03993
5.100 	42456.04752
5.105 	42456.05498
5.110 	42456.06229
5.115 	42456.06947
5.120 	42456.07652
5.125 	42456.08343
5.130 	42456.09022
5.135 	42456.09689
5.140 	42456.10342
5.145 	42456.10984
5.150 	42456.11614
5.155 	42456.12232
5.160 	42456.12839
5.165 	42456.13435
5.170 	42456.14019
5.175 	42456.14593
5.180 	42456.15156
5.185 	42456.15709
5.190 	42456.16251
5.195 	42456.16783
5.200 	42456.17305
5.205 	42456.17818
5.210 	42456.18321
5.215 	42456.18815
5.220 	42456.193
5.225 	42456.19775
5.230 	42456.20242
5.235 	42456.207
5.240 	42456.2115
5.245 	42456.21591
5.250 	42456.22024
5.255 	42456.22449
5.260 	42456.22866
5.265 	42456.23275
5.270 	42456.23677
5.275 	42456.24071
5.280 	42456.24458
5.285 	42456.24838
5.290 	42456.2521
5.295 	42456.25576
5.300 	42456.25934
5.305 	42456.26287
5.310 	42456.26632
5.315 	42456.26971
5.320 	42456.27304
5.325 	42456.27631
5.330 	42456.27951
5.335 	42456.28266
5.340 	42456.28574
5.345 	42456.28877
5.350 	42456.29174
5.355 	42456.29466
5.360 	42456.29752
5.365 	42456.30033
5.370 	42456.30308
5.375 	42456.30579
5.380 	42456.30844
5.385 	42456.31105
5.390 	42456.3136
5.395 	42456.31611
5.400 	42456.31857
5.405 	42456.32099
5.410 	42456.32336
5.415 	42456.32568
5.420 	42456.32796
5.425 	42456.3302
5.430 	42456.3324
5.435 	42456.33455
5.440 	42456.33667
5.445 	42456.33874
5.450 	42456.34078
5.455 	42456.34278
5.460 	42456.34474
5.465 	42456.34667
5.470 	42456.34855
5.475 	42456.35041
5.480 	42456.35222
5.485 	42456.35401
5.490 	42456.35576
5.495 	42456.35748
5.500 	42456.35916
5.505 	42456.36082
5.510 	42456.36244
5.515 	42456.36403
5.520 	42456.36559
5.525 	42456.36712
5.530 	42456.36863
5.535 	42456.3701
5.540 	42456.37155
5.545 	42456.37297
5.550 	42456.37437
5.555 	42456.37573
5.560 	42456.37708
5.565 	42456.37839
5.570 	42456.37969
5.575 	42456.38095
5.580 	42456.3822
5.585 	42456.38342
5.590 	42456.38461
5.595 	42456.38579
5.600 	42456.38694
5.605 	42456.38807
5.610 	42456.38918
5.615 	42456.39027
5.620 	42456.39134
5.625 	42456.39239
5.630 	42456.39341
5.635 	42456.39442
5.640 	42456.39541
5.645 	42456.39638
5.650 	42456.39734
5.655 	42456.39827
5.660 	42456.39919
5.665 	42456.40009
5.670 	42456.40097
5.675 	42456.40184
5.680 	42456.40269
5.685 	42456.40352
5.690 	42456.40434
5.695 	42456.40514
5.700 	42456.40593
5.705 	42456.4067
5.710 	42456.40746
5.715 	42456.4082
5.720 	42456.40893
5.725 	42456.40965
5.730 	42456.41035
5.735 	42456.41104
5.740 	42456.41171
5.745 	42456.41238
5.750 	42456.41303
5.755 	42456.41366
5.760 	42456.41429
5.765 	42456.4149
5.770 	42456.41551
5.775 	42456.4161
5.780 	42456.41668
5.785 	42456.41725
5.790 	42456.4178
5.795 	42456.41835
