v' v'' PQR Aul(S-1)
0	0	R(0)	0.00E+00
0	0	Q(1)	2.52E+06
0	0	P(2)	2.52E+06
0	0	R(1)	5.03E+05
0	0	Q(2)	2.52E+06
0	0	P(3)	2.02E+06
0	0	R(2)	7.17E+05
0	0	Q(3)	2.51E+06
0	0	P(4)	1.80E+06
0	0	R(3)	8.36E+05
0	0	Q(4)	2.51E+06
0	0	P(5)	1.68E+06
0	0	R(4)	9.10E+05
0	0	Q(5)	2.51E+06
0	0	P(6)	1.60E+06
0	0	R(5)	9.60E+05
0	0	Q(6)	2.50E+06
0	0	P(7)	1.54E+06
0	0	R(6)	9.96E+05
0	0	Q(7)	2.50E+06
0	0	P(8)	1.50E+06
0	0	R(7)	1.02E+06
0	0	Q(8)	2.49E+06
0	0	P(9)	1.47E+06
0	0	R(8)	1.04E+06
0	0	Q(9)	2.48E+06
0	0	P(10)	1.44E+06
0	0	R(9)	1.06E+06
0	0	Q(10)	2.48E+06
0	0	P(11)	1.42E+06
0	0	R(10)	1.07E+06
0	0	Q(11)	2.47E+06
0	0	P(12)	1.40E+06
0	0	R(11)	1.08E+06
0	0	Q(12)	2.46E+06
0	0	P(13)	1.38E+06
0	0	R(12)	1.08E+06
0	0	Q(13)	2.45E+06
0	0	P(14)	1.37E+06
0	0	R(13)	1.09E+06
0	0	Q(14)	2.44E+06
0	0	P(15)	1.35E+06
0	0	R(14)	1.09E+06
0	0	Q(15)	2.43E+06
0	0	P(16)	1.34E+06
0	0	R(15)	1.09E+06
0	0	Q(16)	2.42E+06
0	0	P(17)	1.33E+06
0	0	R(16)	1.09E+06
0	0	Q(17)	2.40E+06
0	0	P(18)	1.31E+06
0	0	R(17)	1.09E+06
0	0	Q(18)	2.39E+06
0	0	P(19)	1.30E+06
0	0	R(18)	1.09E+06
0	0	Q(19)	2.38E+06
0	0	P(20)	1.29E+06
0	0	R(19)	1.09E+06
0	0	Q(20)	2.36E+06
0	0	P(21)	1.28E+06
0	0	R(20)	1.08E+06
0	0	Q(21)	2.35E+06
0	0	P(22)	1.27E+06
0	0	R(21)	1.08E+06
0	0	Q(22)	2.33E+06
0	0	P(23)	1.25E+06
0	0	R(22)	1.07E+06
0	0	Q(23)	2.31E+06
0	0	P(24)	1.24E+06
0	0	R(23)	1.07E+06
0	0	Q(24)	2.30E+06
0	0	P(25)	1.23E+06
0	0	R(24)	1.06E+06
0	0	Q(25)	2.28E+06
0	0	P(26)	1.22E+06
0	0	R(25)	1.05E+06
0	0	Q(26)	2.26E+06
0	0	P(27)	1.21E+06
0	0	R(26)	1.05E+06
0	0	Q(27)	2.24E+06
0	0	P(28)	1.20E+06
0	0	R(27)	1.04E+06
0	0	Q(28)	2.22E+06
0	0	P(29)	1.18E+06
0	0	R(28)	1.03E+06
0	0	Q(29)	2.20E+06
0	0	P(30)	1.17E+06
0	0	R(29)	1.02E+06
0	0	Q(30)	2.18E+06
0	0	P(31)	1.16E+06
0	0	R(30)	1.02E+06
0	0	Q(31)	2.16E+06
0	0	P(32)	1.15E+06
0	0	R(31)	1.01E+06
0	0	Q(32)	2.14E+06
0	0	P(33)	1.13E+06
0	0	R(32)	9.97E+05
0	0	Q(33)	2.12E+06
0	0	P(34)	1.12E+06
0	0	R(33)	9.87E+05
0	0	Q(34)	2.09E+06
0	0	P(35)	1.11E+06
0	0	R(34)	9.77E+05
0	0	Q(35)	2.07E+06
0	0	P(36)	1.10E+06
0	0	R(35)	9.66E+05
0	0	Q(36)	2.05E+06
0	0	P(37)	1.08E+06
0	0	R(36)	9.56E+05
0	0	Q(37)	2.02E+06
0	0	P(38)	1.07E+06
0	0	R(37)	9.45E+05
0	0	Q(38)	2.00E+06
0	0	P(39)	1.06E+06
0	0	R(38)	9.33E+05
0	0	Q(39)	1.97E+06
0	0	P(40)	1.04E+06
0	0	R(39)	9.22E+05
0	0	Q(40)	1.95E+06
0	0	P(41)	1.03E+06
0	0	R(40)	9.10E+05
0	0	Q(41)	1.92E+06
0	0	P(42)	1.01E+06
0	0	R(41)	8.98E+05
0	0	Q(42)	1.90E+06
0	0	P(43)	1.00E+06
0	0	R(42)	8.86E+05
0	0	Q(43)	1.87E+06
0	0	P(44)	9.85E+05
0	0	R(43)	8.74E+05
0	0	Q(44)	1.84E+06
0	0	P(45)	9.71E+05
0	0	R(44)	8.61E+05
0	0	Q(45)	1.82E+06
0	0	P(46)	9.56E+05
0	0	R(45)	8.48E+05
0	0	Q(46)	1.79E+06
0	0	P(47)	9.42E+05
0	0	R(46)	8.35E+05
0	0	Q(47)	1.76E+06
0	0	P(48)	9.27E+05
0	0	R(47)	8.22E+05
0	0	Q(48)	1.73E+06
0	0	P(49)	9.12E+05
0	0	R(48)	8.09E+05
0	0	Q(49)	1.70E+06
0	0	P(50)	8.98E+05
0	0	R(49)	7.96E+05
0	0	Q(50)	1.68E+06
0	0	P(51)	8.83E+05
0	0	R(50)	7.82E+05
0	0	Q(51)	1.65E+06
0	0	P(52)	8.67E+05
0	0	R(51)	7.69E+05
0	0	Q(52)	1.62E+06
0	0	P(53)	8.52E+05
0	0	R(52)	7.55E+05
0	0	Q(53)	1.59E+06
0	0	P(54)	8.37E+05
0	0	R(53)	7.42E+05
0	0	Q(54)	1.56E+06
0	0	P(55)	8.22E+05
0	0	R(54)	7.28E+05
0	0	Q(55)	1.53E+06
0	0	P(56)	8.07E+05
0	0	R(55)	7.14E+05
0	0	Q(56)	1.50E+06
0	0	P(57)	7.91E+05
0	0	R(56)	7.00E+05
0	0	Q(57)	1.47E+06
0	0	P(58)	7.76E+05
0	0	R(57)	6.86E+05
0	0	Q(58)	1.44E+06
0	0	P(59)	7.61E+05
0	0	R(58)	6.72E+05
0	0	Q(59)	1.42E+06
0	0	P(60)	7.45E+05
0	0	R(59)	6.58E+05
0	0	Q(60)	1.39E+06
0	0	P(61)	7.30E+05
0	0	R(60)	6.44E+05
0	0	Q(61)	1.36E+06
0	0	P(62)	7.14E+05
0	0	R(61)	6.30E+05
0	0	Q(62)	1.33E+06
0	0	P(63)	6.99E+05
0	0	R(62)	6.16E+05
0	0	Q(63)	1.30E+06
0	0	P(64)	6.84E+05
0	0	R(63)	6.02E+05
0	0	Q(64)	1.27E+06
0	0	P(65)	6.68E+05
0	0	R(64)	5.88E+05
0	0	Q(65)	1.24E+06
0	0	P(66)	6.53E+05
0	0	R(65)	5.74E+05
0	0	Q(66)	1.21E+06
0	0	P(67)	6.38E+05
0	0	R(66)	5.60E+05
0	0	Q(67)	1.18E+06
0	0	P(68)	6.23E+05
0	0	R(67)	5.46E+05
0	0	Q(68)	1.15E+06
0	0	P(69)	6.07E+05
0	0	R(68)	5.32E+05
0	0	Q(69)	1.12E+06
0	0	P(70)	5.92E+05
0	0	R(69)	5.19E+05
0	0	Q(70)	1.09E+06
0	0	P(71)	5.77E+05
0	0	R(70)	5.05E+05
0	0	Q(71)	1.07E+06
0	0	P(72)	5.62E+05
0	0	R(71)	4.91E+05
0	0	Q(72)	1.04E+06
0	0	P(73)	5.48E+05
0	0	R(72)	4.78E+05
0	0	Q(73)	1.01E+06
0	0	P(74)	5.33E+05
0	0	R(73)	4.64E+05
0	0	Q(74)	9.81E+05
0	0	P(75)	5.18E+05
0	0	R(74)	4.51E+05
0	0	Q(75)	9.54E+05
0	0	P(76)	5.04E+05
0	0	R(75)	4.38E+05
0	0	Q(76)	9.26E+05
0	0	P(77)	4.90E+05
0	0	R(76)	4.25E+05
0	0	Q(77)	8.99E+05
0	0	P(78)	4.75E+05
0	0	R(77)	4.12E+05
0	0	Q(78)	8.72E+05
0	0	P(79)	4.61E+05
0	0	R(78)	3.99E+05
0	0	Q(79)	8.46E+05
0	0	P(80)	4.47E+05
0	0	R(79)	3.87E+05
0	0	Q(80)	8.19E+05
0	0	P(81)	4.34E+05
0	0	R(80)	3.74E+05
0	0	Q(81)	7.93E+05
0	0	P(82)	4.20E+05
0	0	R(81)	3.62E+05
0	0	Q(82)	7.67E+05
0	0	P(83)	4.07E+05
0	0	R(82)	3.50E+05
0	0	Q(83)	7.42E+05
0	0	P(84)	3.93E+05
0	0	R(83)	3.38E+05
0	0	Q(84)	7.17E+05
0	0	P(85)	3.80E+05
0	0	R(84)	3.26E+05
0	0	Q(85)	6.92E+05
0	0	P(86)	3.67E+05
0	0	R(85)	3.15E+05
0	0	Q(86)	6.68E+05
0	0	P(87)	3.55E+05
0	0	R(86)	3.03E+05
0	0	Q(87)	6.44E+05
0	0	P(88)	3.42E+05
0	0	R(87)	2.92E+05
0	0	Q(88)	6.21E+05
0	0	P(89)	3.30E+05
0	0	R(88)	2.81E+05
0	0	Q(89)	5.98E+05
0	0	P(90)	3.18E+05
0	0	R(89)	2.70E+05
0	0	Q(90)	5.75E+05
0	0	P(91)	3.06E+05
0	0	R(90)	2.60E+05
0	0	Q(91)	5.53E+05
0	0	P(92)	2.94E+05
0	0	R(91)	2.49E+05
0	0	Q(92)	5.31E+05
0	0	P(93)	2.83E+05
0	0	R(92)	2.39E+05
0	0	Q(93)	5.10E+05
0	0	P(94)	2.71E+05
0	0	R(93)	2.29E+05
0	0	Q(94)	4.89E+05
0	0	P(95)	2.60E+05
0	0	R(94)	2.20E+05
0	0	Q(95)	4.68E+05
0	0	P(96)	2.50E+05
0	0	R(95)	2.10E+05
0	0	Q(96)	4.48E+05
0	0	P(97)	2.39E+05
0	0	R(96)	2.01E+05
0	0	Q(97)	4.29E+05
0	0	P(98)	2.29E+05
0	0	R(97)	1.92E+05
0	0	Q(98)	4.10E+05
0	0	P(99)	2.19E+05
0	0	R(98)	1.83E+05
0	0	Q(99)	3.91E+05
1	1	R(0)	0.00E+00
1	1	Q(1)	4.33E+06
1	1	P(2)	4.32E+06
1	1	R(1)	8.67E+05
1	1	Q(2)	4.33E+06
1	1	P(3)	3.46E+06
1	1	R(2)	1.24E+06
1	1	Q(3)	4.33E+06
1	1	P(4)	3.09E+06
1	1	R(3)	1.45E+06
1	1	Q(4)	4.33E+06
1	1	P(5)	2.88E+06
1	1	R(4)	1.58E+06
1	1	Q(5)	4.33E+06
1	1	P(6)	2.75E+06
1	1	R(5)	1.67E+06
1	1	Q(6)	4.34E+06
1	1	P(7)	2.66E+06
1	1	R(6)	1.74E+06
1	1	Q(7)	4.34E+06
1	1	P(8)	2.59E+06
1	1	R(7)	1.80E+06
1	1	Q(8)	4.34E+06
1	1	P(9)	2.54E+06
1	1	R(8)	1.84E+06
1	1	Q(9)	4.34E+06
1	1	P(10)	2.50E+06
1	1	R(9)	1.87E+06
1	1	Q(10)	4.35E+06
1	1	P(11)	2.47E+06
1	1	R(10)	1.90E+06
1	1	Q(11)	4.35E+06
1	1	P(12)	2.44E+06
1	1	R(11)	1.93E+06
1	1	Q(12)	4.35E+06
1	1	P(13)	2.42E+06
1	1	R(12)	1.95E+06
1	1	Q(13)	4.36E+06
1	1	P(14)	2.40E+06
1	1	R(13)	1.97E+06
1	1	Q(14)	4.36E+06
1	1	P(15)	2.38E+06
1	1	R(14)	1.99E+06
1	1	Q(15)	4.36E+06
1	1	P(16)	2.37E+06
1	1	R(15)	2.00E+06
1	1	Q(16)	4.37E+06
1	1	P(17)	2.36E+06
1	1	R(16)	2.02E+06
1	1	Q(17)	4.37E+06
1	1	P(18)	2.35E+06
1	1	R(17)	2.03E+06
1	1	Q(18)	4.38E+06
1	1	P(19)	2.34E+06
1	1	R(18)	2.05E+06
1	1	Q(19)	4.38E+06
1	1	P(20)	2.33E+06
1	1	R(19)	2.06E+06
1	1	Q(20)	4.39E+06
1	1	P(21)	2.33E+06
1	1	R(20)	2.07E+06
1	1	Q(21)	4.40E+06
1	1	P(22)	2.32E+06
1	1	R(21)	2.08E+06
1	1	Q(22)	4.40E+06
1	1	P(23)	2.32E+06
1	1	R(22)	2.09E+06
1	1	Q(23)	4.41E+06
1	1	P(24)	2.31E+06
1	1	R(23)	2.10E+06
1	1	Q(24)	4.41E+06
1	1	P(25)	2.31E+06
1	1	R(24)	2.11E+06
1	1	Q(25)	4.42E+06
1	1	P(26)	2.31E+06
1	1	R(25)	2.12E+06
1	1	Q(26)	4.43E+06
1	1	P(27)	2.30E+06
1	1	R(26)	2.13E+06
1	1	Q(27)	4.44E+06
1	1	P(28)	2.30E+06
1	1	R(27)	2.14E+06
1	1	Q(28)	4.44E+06
1	1	P(29)	2.30E+06
1	1	R(28)	2.15E+06
1	1	Q(29)	4.45E+06
1	1	P(30)	2.30E+06
1	1	R(29)	2.15E+06
1	1	Q(30)	4.46E+06
1	1	P(31)	2.30E+06
1	1	R(30)	2.16E+06
1	1	Q(31)	4.47E+06
1	1	P(32)	2.30E+06
1	1	R(31)	2.17E+06
1	1	Q(32)	4.47E+06
1	1	P(33)	2.30E+06
1	1	R(32)	2.18E+06
1	1	Q(33)	4.48E+06
1	1	P(34)	2.30E+06
1	1	R(33)	2.19E+06
1	1	Q(34)	4.49E+06
1	1	P(35)	2.30E+06
1	1	R(34)	2.19E+06
1	1	Q(35)	4.50E+06
1	1	P(36)	2.30E+06
1	1	R(35)	2.20E+06
1	1	Q(36)	4.51E+06
1	1	P(37)	2.30E+06
1	1	R(36)	2.21E+06
1	1	Q(37)	4.51E+06
1	1	P(38)	2.30E+06
1	1	R(37)	2.22E+06
1	1	Q(38)	4.52E+06
1	1	P(39)	2.30E+06
1	1	R(38)	2.22E+06
1	1	Q(39)	4.53E+06
1	1	P(40)	2.30E+06
1	1	R(39)	2.23E+06
1	1	Q(40)	4.54E+06
1	1	P(41)	2.30E+06
1	1	R(40)	2.24E+06
1	1	Q(41)	4.55E+06
1	1	P(42)	2.30E+06
1	1	R(41)	2.25E+06
1	1	Q(42)	4.56E+06
1	1	P(43)	2.31E+06
1	1	R(42)	2.25E+06
1	1	Q(43)	4.56E+06
1	1	P(44)	2.31E+06
1	1	R(43)	2.26E+06
1	1	Q(44)	4.57E+06
1	1	P(45)	2.31E+06
1	1	R(44)	2.27E+06
1	1	Q(45)	4.58E+06
1	1	P(46)	2.31E+06
1	1	R(45)	2.27E+06
1	1	Q(46)	4.59E+06
1	1	P(47)	2.31E+06
1	1	R(46)	2.28E+06
1	1	Q(47)	4.60E+06
1	1	P(48)	2.31E+06
1	1	R(47)	2.28E+06
1	1	Q(48)	4.60E+06
1	1	P(49)	2.32E+06
1	1	R(48)	2.29E+06
1	1	Q(49)	4.61E+06
1	1	P(50)	2.32E+06
1	1	R(49)	2.30E+06
1	1	Q(50)	4.62E+06
1	1	P(51)	2.32E+06
1	1	R(50)	2.30E+06
1	1	Q(51)	4.63E+06
1	1	P(52)	2.32E+06
1	1	R(51)	2.31E+06
1	1	Q(52)	4.63E+06
1	1	P(53)	2.32E+06
1	1	R(52)	2.31E+06
1	1	Q(53)	4.64E+06
1	1	P(54)	2.32E+06
1	1	R(53)	2.32E+06
1	1	Q(54)	4.65E+06
1	1	P(55)	2.33E+06
1	1	R(54)	2.32E+06
1	1	Q(55)	4.65E+06
1	1	P(56)	2.33E+06
1	1	R(55)	2.33E+06
1	1	Q(56)	4.66E+06
1	1	P(57)	2.33E+06
1	1	R(56)	2.33E+06
1	1	Q(57)	4.67E+06
1	1	P(58)	2.33E+06
1	1	R(57)	2.34E+06
1	1	Q(58)	4.67E+06
1	1	P(59)	2.33E+06
1	1	R(58)	2.34E+06
1	1	Q(59)	4.68E+06
1	1	P(60)	2.33E+06
1	1	R(59)	2.34E+06
1	1	Q(60)	4.68E+06
1	1	P(61)	2.33E+06
1	1	R(60)	2.35E+06
1	1	Q(61)	4.69E+06
1	1	P(62)	2.33E+06
1	1	R(61)	2.35E+06
1	1	Q(62)	4.69E+06
1	1	P(63)	2.33E+06
1	1	R(62)	2.35E+06
1	1	Q(63)	4.69E+06
1	1	P(64)	2.34E+06
1	1	R(63)	2.35E+06
1	1	Q(64)	4.69E+06
1	1	P(65)	2.34E+06
1	1	R(64)	2.36E+06
1	1	Q(65)	4.70E+06
1	1	P(66)	2.34E+06
1	1	R(65)	2.36E+06
1	1	Q(66)	4.70E+06
1	1	P(67)	2.34E+06
1	1	R(66)	2.36E+06
1	1	Q(67)	4.70E+06
1	1	P(68)	2.33E+06
1	1	R(67)	2.36E+06
1	1	Q(68)	4.70E+06
1	1	P(69)	2.33E+06
1	1	R(68)	2.36E+06
1	1	Q(69)	4.70E+06
1	1	P(70)	2.33E+06
1	1	R(69)	2.36E+06
1	1	Q(70)	4.70E+06
1	1	P(71)	2.33E+06
1	1	R(70)	2.36E+06
1	1	Q(71)	4.69E+06
1	1	P(72)	2.33E+06
1	1	R(71)	2.36E+06
1	1	Q(72)	4.69E+06
1	1	P(73)	2.33E+06
1	1	R(72)	2.36E+06
1	1	Q(73)	4.69E+06
1	1	P(74)	2.32E+06
1	1	R(73)	2.36E+06
1	1	Q(74)	4.68E+06
1	1	P(75)	2.32E+06
1	1	R(74)	2.35E+06
1	1	Q(75)	4.67E+06
1	1	P(76)	2.32E+06
1	1	R(75)	2.35E+06
1	1	Q(76)	4.67E+06
1	1	P(77)	2.31E+06
1	1	R(76)	2.35E+06
1	1	Q(77)	4.66E+06
1	1	P(78)	2.31E+06
1	1	R(77)	2.34E+06
1	1	Q(78)	4.65E+06
1	1	P(79)	2.30E+06
1	1	R(78)	2.34E+06
1	1	Q(79)	4.64E+06
1	1	P(80)	2.30E+06
1	1	R(79)	2.33E+06
1	1	Q(80)	4.63E+06
1	1	P(81)	2.29E+06
1	1	R(80)	2.32E+06
1	1	Q(81)	4.62E+06
1	1	P(82)	2.29E+06
1	1	R(81)	2.32E+06
1	1	Q(82)	4.60E+06
1	1	P(83)	2.28E+06
1	1	R(82)	2.31E+06
1	1	Q(83)	4.59E+06
1	1	P(84)	2.27E+06
1	1	R(83)	2.30E+06
1	1	Q(84)	4.57E+06
1	1	P(85)	2.26E+06
1	1	R(84)	2.29E+06
1	1	Q(85)	4.55E+06
1	1	P(86)	2.25E+06
1	1	R(85)	2.28E+06
1	1	Q(86)	4.53E+06
1	1	P(87)	2.24E+06
1	1	R(86)	2.27E+06
1	1	Q(87)	4.51E+06
1	1	P(88)	2.23E+06
1	1	R(87)	2.26E+06
1	1	Q(88)	4.49E+06
1	1	P(89)	2.22E+06
1	1	R(88)	2.25E+06
1	1	Q(89)	4.46E+06
1	1	P(90)	2.21E+06
1	1	R(89)	2.23E+06
1	1	Q(90)	4.44E+06
1	1	P(91)	2.20E+06
1	1	R(90)	2.22E+06
1	1	Q(91)	4.41E+06
1	1	P(92)	2.19E+06
1	1	R(91)	2.20E+06
1	1	Q(92)	4.38E+06
1	1	P(93)	2.17E+06
1	1	R(92)	2.19E+06
1	1	Q(93)	4.35E+06
1	1	P(94)	2.16E+06
1	1	R(93)	2.17E+06
1	1	Q(94)	4.32E+06
1	1	P(95)	2.14E+06
1	1	R(94)	2.15E+06
1	1	Q(95)	4.28E+06
1	1	P(96)	2.12E+06
1	1	R(95)	2.13E+06
1	1	Q(96)	4.25E+06
1	1	P(97)	2.11E+06
1	1	R(96)	2.11E+06
1	1	Q(97)	4.21E+06
1	1	P(98)	2.09E+06
1	1	R(97)	2.09E+06
1	1	Q(98)	4.17E+06
1	1	P(99)	2.07E+06
1	1	R(98)	2.07E+06
1	1	Q(99)	4.12E+06
2	2	R(0)	0.00E+00
2	2	Q(1)	1.37E+06
2	2	P(2)	1.37E+06
2	2	R(1)	2.73E+05
2	2	Q(2)	1.37E+06
2	2	P(3)	1.10E+06
2	2	R(2)	3.89E+05
2	2	Q(3)	1.36E+06
2	2	P(4)	9.77E+05
2	2	R(3)	4.52E+05
2	2	Q(4)	1.36E+06
2	2	P(5)	9.11E+05
2	2	R(4)	4.92E+05
2	2	Q(5)	1.36E+06
2	2	P(6)	8.68E+05
2	2	R(5)	5.18E+05
2	2	Q(6)	1.35E+06
2	2	P(7)	8.38E+05
2	2	R(6)	5.37E+05
2	2	Q(7)	1.35E+06
2	2	P(8)	8.15E+05
2	2	R(7)	5.50E+05
2	2	Q(8)	1.34E+06
2	2	P(9)	7.96E+05
2	2	R(8)	5.59E+05
2	2	Q(9)	1.34E+06
2	2	P(10)	7.81E+05
2	2	R(9)	5.66E+05
2	2	Q(10)	1.33E+06
2	2	P(11)	7.68E+05
2	2	R(10)	5.71E+05
2	2	Q(11)	1.32E+06
2	2	P(12)	7.56E+05
2	2	R(11)	5.74E+05
2	2	Q(12)	1.32E+06
2	2	P(13)	7.45E+05
2	2	R(12)	5.75E+05
2	2	Q(13)	1.31E+06
2	2	P(14)	7.35E+05
2	2	R(13)	5.76E+05
2	2	Q(14)	1.30E+06
2	2	P(15)	7.25E+05
2	2	R(14)	5.75E+05
2	2	Q(15)	1.29E+06
2	2	P(16)	7.16E+05
2	2	R(15)	5.74E+05
2	2	Q(16)	1.28E+06
2	2	P(17)	7.07E+05
2	2	R(16)	5.72E+05
2	2	Q(17)	1.27E+06
2	2	P(18)	6.99E+05
2	2	R(17)	5.69E+05
2	2	Q(18)	1.26E+06
2	2	P(19)	6.90E+05
2	2	R(18)	5.65E+05
2	2	Q(19)	1.24E+06
2	2	P(20)	6.81E+05
2	2	R(19)	5.61E+05
2	2	Q(20)	1.23E+06
2	2	P(21)	6.73E+05
2	2	R(20)	5.57E+05
2	2	Q(21)	1.22E+06
2	2	P(22)	6.64E+05
2	2	R(21)	5.52E+05
2	2	Q(22)	1.20E+06
2	2	P(23)	6.55E+05
2	2	R(22)	5.46E+05
2	2	Q(23)	1.19E+06
2	2	P(24)	6.46E+05
2	2	R(23)	5.40E+05
2	2	Q(24)	1.18E+06
2	2	P(25)	6.37E+05
2	2	R(24)	5.34E+05
2	2	Q(25)	1.16E+06
2	2	P(26)	6.28E+05
2	2	R(25)	5.28E+05
2	2	Q(26)	1.14E+06
2	2	P(27)	6.19E+05
2	2	R(26)	5.21E+05
2	2	Q(27)	1.13E+06
2	2	P(28)	6.10E+05
2	2	R(27)	5.13E+05
2	2	Q(28)	1.11E+06
2	2	P(29)	6.00E+05
2	2	R(28)	5.06E+05
2	2	Q(29)	1.09E+06
2	2	P(30)	5.90E+05
2	2	R(29)	4.98E+05
2	2	Q(30)	1.08E+06
2	2	P(31)	5.81E+05
2	2	R(30)	4.90E+05
2	2	Q(31)	1.06E+06
2	2	P(32)	5.71E+05
2	2	R(31)	4.82E+05
2	2	Q(32)	1.04E+06
2	2	P(33)	5.61E+05
2	2	R(32)	4.73E+05
2	2	Q(33)	1.02E+06
2	2	P(34)	5.50E+05
2	2	R(33)	4.64E+05
2	2	Q(34)	1.00E+06
2	2	P(35)	5.40E+05
2	2	R(34)	4.55E+05
2	2	Q(35)	9.82E+05
2	2	P(36)	5.29E+05
2	2	R(35)	4.46E+05
2	2	Q(36)	9.62E+05
2	2	P(37)	5.19E+05
2	2	R(36)	4.36E+05
2	2	Q(37)	9.42E+05
2	2	P(38)	5.08E+05
2	2	R(37)	4.27E+05
2	2	Q(38)	9.21E+05
2	2	P(39)	4.97E+05
2	2	R(38)	4.17E+05
2	2	Q(39)	9.01E+05
2	2	P(40)	4.86E+05
2	2	R(39)	4.07E+05
2	2	Q(40)	8.80E+05
2	2	P(41)	4.75E+05
2	2	R(40)	3.97E+05
2	2	Q(41)	8.58E+05
2	2	P(42)	4.63E+05
2	2	R(41)	3.87E+05
2	2	Q(42)	8.37E+05
2	2	P(43)	4.52E+05
2	2	R(42)	3.76E+05
2	2	Q(43)	8.15E+05
2	2	P(44)	4.41E+05
2	2	R(43)	3.66E+05
2	2	Q(44)	7.93E+05
2	2	P(45)	4.29E+05
2	2	R(44)	3.55E+05
2	2	Q(45)	7.71E+05
2	2	P(46)	4.18E+05
2	2	R(45)	3.45E+05
2	2	Q(46)	7.49E+05
2	2	P(47)	4.06E+05
2	2	R(46)	3.34E+05
2	2	Q(47)	7.27E+05
2	2	P(48)	3.94E+05
2	2	R(47)	3.24E+05
2	2	Q(48)	7.04E+05
2	2	P(49)	3.83E+05
2	2	R(48)	3.13E+05
2	2	Q(49)	6.82E+05
2	2	P(50)	3.71E+05
2	2	R(49)	3.02E+05
2	2	Q(50)	6.60E+05
2	2	P(51)	3.59E+05
2	2	R(50)	2.92E+05
2	2	Q(51)	6.37E+05
2	2	P(52)	3.48E+05
2	2	R(51)	2.81E+05
2	2	Q(52)	6.15E+05
2	2	P(53)	3.36E+05
2	2	R(52)	2.71E+05
2	2	Q(53)	5.93E+05
2	2	P(54)	3.24E+05
2	2	R(53)	2.60E+05
2	2	Q(54)	5.71E+05
2	2	P(55)	3.13E+05
2	2	R(54)	2.50E+05
2	2	Q(55)	5.49E+05
2	2	P(56)	3.01E+05
2	2	R(55)	2.39E+05
2	2	Q(56)	5.27E+05
2	2	P(57)	2.90E+05
2	2	R(56)	2.29E+05
2	2	Q(57)	5.05E+05
2	2	P(58)	2.78E+05
2	2	R(57)	2.19E+05
2	2	Q(58)	4.84E+05
2	2	P(59)	2.67E+05
2	2	R(58)	2.09E+05
2	2	Q(59)	4.62E+05
2	2	P(60)	2.56E+05
2	2	R(59)	1.99E+05
2	2	Q(60)	4.41E+05
2	2	P(61)	2.44E+05
2	2	R(60)	1.89E+05
2	2	Q(61)	4.21E+05
2	2	P(62)	2.33E+05
2	2	R(61)	1.79E+05
2	2	Q(62)	4.00E+05
2	2	P(63)	2.23E+05
2	2	R(62)	1.70E+05
2	2	Q(63)	3.80E+05
2	2	P(64)	2.12E+05
2	2	R(63)	1.61E+05
2	2	Q(64)	3.60E+05
2	2	P(65)	2.01E+05
2	2	R(64)	1.52E+05
2	2	Q(65)	3.41E+05
2	2	P(66)	1.91E+05
2	2	R(65)	1.43E+05
2	2	Q(66)	3.22E+05
2	2	P(67)	1.81E+05
2	2	R(66)	1.34E+05
2	2	Q(67)	3.03E+05
2	2	P(68)	1.71E+05
2	2	R(67)	1.26E+05
2	2	Q(68)	2.85E+05
2	2	P(69)	1.61E+05
2	2	R(68)	1.17E+05
2	2	Q(69)	2.68E+05
2	2	P(70)	1.52E+05
2	2	R(69)	1.10E+05
2	2	Q(70)	2.51E+05
2	2	P(71)	1.43E+05
2	2	R(70)	1.02E+05
2	2	Q(71)	2.34E+05
2	2	P(72)	1.34E+05
2	2	R(71)	9.45E+04
2	2	Q(72)	2.18E+05
2	2	P(73)	1.25E+05
2	2	R(72)	8.74E+04
2	2	Q(73)	2.02E+05
2	2	P(74)	1.17E+05
2	2	R(73)	8.05E+04
2	2	Q(74)	1.87E+05
2	2	P(75)	1.08E+05
2	2	R(74)	7.40E+04
2	2	Q(75)	1.73E+05
2	2	P(76)	1.01E+05
2	2	R(75)	6.77E+04
2	2	Q(76)	1.59E+05
2	2	P(77)	9.29E+04
2	2	R(76)	6.18E+04
2	2	Q(77)	1.46E+05
2	2	P(78)	8.56E+04
2	2	R(77)	5.61E+04
2	2	Q(78)	1.33E+05
2	2	P(79)	7.87E+04
2	2	R(78)	5.08E+04
2	2	Q(79)	1.21E+05
2	2	P(80)	7.20E+04
2	2	R(79)	4.57E+04
2	2	Q(80)	1.10E+05
2	2	P(81)	6.57E+04
2	2	R(80)	4.10E+04
2	2	Q(81)	9.93E+04
2	2	P(82)	5.97E+04
2	2	R(81)	3.65E+04
2	2	Q(82)	8.92E+04
2	2	P(83)	5.40E+04
2	2	R(82)	3.24E+04
2	2	Q(83)	7.97E+04
2	2	P(84)	4.86E+04
2	2	R(83)	2.86E+04
2	2	Q(84)	7.09E+04
2	2	P(85)	4.36E+04
2	2	R(84)	2.50E+04
2	2	Q(85)	6.27E+04
2	2	P(86)	3.88E+04
2	2	R(85)	2.18E+04
2	2	Q(86)	5.51E+04
2	2	P(87)	3.44E+04
2	2	R(86)	1.88E+04
2	2	Q(87)	4.81E+04
2	2	P(88)	3.04E+04
2	2	R(87)	1.61E+04
2	2	Q(88)	4.17E+04
2	2	P(89)	2.66E+04
2	2	R(88)	1.37E+04
2	2	Q(89)	3.58E+04
2	2	P(90)	2.31E+04
2	2	R(89)	1.15E+04
2	2	Q(90)	3.05E+04
2	2	P(91)	2.00E+04
2	2	R(90)	9.53E+03
2	2	Q(91)	2.58E+04
2	2	P(92)	1.71E+04
2	2	R(91)	7.83E+03
2	2	Q(92)	2.15E+04
2	2	P(93)	1.45E+04
2	2	R(92)	6.34E+03
2	2	Q(93)	1.78E+04
2	2	P(94)	1.22E+04
2	2	R(93)	5.06E+03
2	2	Q(94)	1.45E+04
2	2	P(95)	1.01E+04
2	2	R(94)	3.97E+03
2	2	Q(95)	1.17E+04
2	2	P(96)	8.30E+03
2	2	R(95)	3.05E+03
2	2	Q(96)	9.23E+03
2	2	P(97)	6.72E+03
2	2	R(96)	2.30E+03
2	2	Q(97)	7.17E+03
2	2	P(98)	5.36E+03
2	2	R(97)	1.68E+03
2	2	Q(98)	5.45E+03
2	2	P(99)	4.20E+03
2	2	R(98)	1.19E+03
2	2	Q(99)	4.04E+03
3	3	R(0)	0.00E+00
3	3	Q(1)	6.54E+01
3	3	P(2)	6.30E+01
3	3	R(1)	1.38E+01
3	3	Q(2)	6.65E+01
3	3	P(3)	5.02E+01
3	3	R(2)	2.06E+01
3	3	Q(3)	6.81E+01
3	3	P(4)	4.51E+01
3	3	R(3)	2.52E+01
3	3	Q(4)	7.02E+01
3	3	P(5)	4.26E+01
3	3	R(4)	2.91E+01
3	3	Q(5)	7.30E+01
3	3	P(6)	4.15E+01
3	3	R(5)	3.28E+01
3	3	Q(6)	7.65E+01
3	3	P(7)	4.13E+01
3	3	R(6)	3.65E+01
3	3	Q(7)	8.07E+01
3	3	P(8)	4.18E+01
3	3	R(7)	4.05E+01
3	3	Q(8)	8.57E+01
3	3	P(9)	4.28E+01
3	3	R(8)	4.50E+01
3	3	Q(9)	9.15E+01
3	3	P(10)	4.44E+01
3	3	R(9)	4.99E+01
3	3	Q(10)	9.84E+01
3	3	P(11)	4.64E+01
3	3	R(10)	5.54E+01
3	3	Q(11)	1.06E+02
3	3	P(12)	4.89E+01
3	3	R(11)	6.17E+01
3	3	Q(12)	1.16E+02
3	3	P(13)	5.20E+01
3	3	R(12)	6.89E+01
3	3	Q(13)	1.26E+02
3	3	P(14)	5.57E+01
3	3	R(13)	7.70E+01
3	3	Q(14)	1.39E+02
3	3	P(15)	6.01E+01
3	3	R(14)	8.64E+01
3	3	Q(15)	1.53E+02
3	3	P(16)	6.52E+01
3	3	R(15)	9.70E+01
3	3	Q(16)	1.69E+02
3	3	P(17)	7.11E+01
3	3	R(16)	1.09E+02
3	3	Q(17)	1.88E+02
3	3	P(18)	7.80E+01
3	3	R(17)	1.23E+02
3	3	Q(18)	2.10E+02
3	3	P(19)	8.59E+01
3	3	R(18)	1.39E+02
3	3	Q(19)	2.34E+02
3	3	P(20)	9.50E+01
3	3	R(19)	1.57E+02
3	3	Q(20)	2.62E+02
3	3	P(21)	1.05E+02
3	3	R(20)	1.78E+02
3	3	Q(21)	2.95E+02
3	3	P(22)	1.17E+02
3	3	R(21)	2.02E+02
3	3	Q(22)	3.32E+02
3	3	P(23)	1.31E+02
3	3	R(22)	2.29E+02
3	3	Q(23)	3.74E+02
3	3	P(24)	1.47E+02
3	3	R(23)	2.60E+02
3	3	Q(24)	4.22E+02
3	3	P(25)	1.65E+02
3	3	R(24)	2.95E+02
3	3	Q(25)	4.76E+02
3	3	P(26)	1.85E+02
3	3	R(25)	3.35E+02
3	3	Q(26)	5.39E+02
3	3	P(27)	2.09E+02
3	3	R(26)	3.81E+02
3	3	Q(27)	6.10E+02
3	3	P(28)	2.36E+02
3	3	R(27)	4.33E+02
3	3	Q(28)	6.91E+02
3	3	P(29)	2.66E+02
3	3	R(28)	4.91E+02
3	3	Q(29)	7.82E+02
3	3	P(30)	3.01E+02
3	3	R(29)	5.58E+02
3	3	Q(30)	8.86E+02
3	3	P(31)	3.40E+02
3	3	R(30)	6.33E+02
3	3	Q(31)	1.00E+03
3	3	P(32)	3.85E+02
3	3	R(31)	7.19E+02
3	3	Q(32)	1.14E+03
3	3	P(33)	4.36E+02
3	3	R(32)	8.15E+02
3	3	Q(33)	1.29E+03
3	3	P(34)	4.94E+02
3	3	R(33)	9.23E+02
3	3	Q(34)	1.46E+03
3	3	P(35)	5.59E+02
3	3	R(34)	1.05E+03
3	3	Q(35)	1.65E+03
3	3	P(36)	6.33E+02
3	3	R(35)	1.18E+03
3	3	Q(36)	1.87E+03
3	3	P(37)	7.17E+02
3	3	R(36)	1.34E+03
3	3	Q(37)	2.12E+03
3	3	P(38)	8.12E+02
3	3	R(37)	1.51E+03
3	3	Q(38)	2.39E+03
3	3	P(39)	9.18E+02
3	3	R(38)	1.70E+03
3	3	Q(39)	2.70E+03
3	3	P(40)	1.04E+03
3	3	R(39)	1.92E+03
3	3	Q(40)	3.05E+03
3	3	P(41)	1.17E+03
3	3	R(40)	2.16E+03
3	3	Q(41)	3.43E+03
3	3	P(42)	1.32E+03
3	3	R(41)	2.43E+03
3	3	Q(42)	3.87E+03
3	3	P(43)	1.49E+03
3	3	R(42)	2.73E+03
3	3	Q(43)	4.35E+03
3	3	P(44)	1.69E+03
3	3	R(43)	3.07E+03
3	3	Q(44)	4.89E+03
3	3	P(45)	1.90E+03
3	3	R(44)	3.44E+03
3	3	Q(45)	5.49E+03
3	3	P(46)	2.14E+03
3	3	R(45)	3.85E+03
3	3	Q(46)	6.16E+03
3	3	P(47)	2.40E+03
3	3	R(46)	4.31E+03
3	3	Q(47)	6.91E+03
3	3	P(48)	2.70E+03
3	3	R(47)	4.81E+03
3	3	Q(48)	7.73E+03
3	3	P(49)	3.03E+03
3	3	R(48)	5.37E+03
3	3	Q(49)	8.64E+03
3	3	P(50)	3.39E+03
3	3	R(49)	5.99E+03
3	3	Q(50)	9.65E+03
3	3	P(51)	3.80E+03
3	3	R(50)	6.66E+03
3	3	Q(51)	1.08E+04
3	3	P(52)	4.25E+03
3	3	R(51)	7.41E+03
3	3	Q(52)	1.20E+04
3	3	P(53)	4.75E+03
3	3	R(52)	8.23E+03
3	3	Q(53)	1.33E+04
3	3	P(54)	5.30E+03
3	3	R(53)	9.12E+03
3	3	Q(54)	1.48E+04
3	3	P(55)	5.90E+03
3	3	R(54)	1.01E+04
3	3	Q(55)	1.65E+04
3	3	P(56)	6.57E+03
3	3	R(55)	1.12E+04
3	3	Q(56)	1.83E+04
3	3	P(57)	7.31E+03
3	3	R(56)	1.23E+04
3	3	Q(57)	2.02E+04
3	3	P(58)	8.12E+03
3	3	R(57)	1.36E+04
3	3	Q(58)	2.24E+04
3	3	P(59)	9.00E+03
3	3	R(58)	1.50E+04
3	3	Q(59)	2.47E+04
3	3	P(60)	9.97E+03
3	3	R(59)	1.65E+04
3	3	Q(60)	2.73E+04
3	3	P(61)	1.10E+04
3	3	R(60)	1.82E+04
3	3	Q(61)	3.00E+04
3	3	P(62)	1.22E+04
3	3	R(61)	1.99E+04
3	3	Q(62)	3.31E+04
3	3	P(63)	1.35E+04
3	3	R(62)	2.19E+04
3	3	Q(63)	3.63E+04
3	3	P(64)	1.48E+04
3	3	R(63)	2.39E+04
3	3	Q(64)	3.99E+04
3	3	P(65)	1.63E+04
3	3	R(64)	2.62E+04
3	3	Q(65)	4.37E+04
3	3	P(66)	1.80E+04
3	3	R(65)	2.86E+04
3	3	Q(66)	4.79E+04
3	3	P(67)	1.97E+04
3	3	R(66)	3.12E+04
3	3	Q(67)	5.24E+04
3	3	P(68)	2.16E+04
3	3	R(67)	3.40E+04
3	3	Q(68)	5.72E+04
3	3	P(69)	2.37E+04
3	3	R(68)	3.70E+04
3	3	Q(69)	6.24E+04
3	3	P(70)	2.59E+04
3	3	R(69)	4.02E+04
3	3	Q(70)	6.80E+04
3	3	P(71)	2.83E+04
3	3	R(70)	4.36E+04
3	3	Q(71)	7.39E+04
3	3	P(72)	3.09E+04
3	3	R(71)	4.72E+04
3	3	Q(72)	8.04E+04
3	3	P(73)	3.37E+04
3	3	R(72)	5.11E+04
3	3	Q(73)	8.72E+04
3	3	P(74)	3.67E+04
3	3	R(73)	5.53E+04
3	3	Q(74)	9.45E+04
3	3	P(75)	3.98E+04
3	3	R(74)	5.97E+04
3	3	Q(75)	1.02E+05
3	3	P(76)	4.33E+04
3	3	R(75)	6.43E+04
3	3	Q(76)	1.11E+05
3	3	P(77)	4.69E+04
3	3	R(76)	6.92E+04
3	3	Q(77)	1.19E+05
3	3	P(78)	5.08E+04
3	3	R(77)	7.44E+04
3	3	Q(78)	1.29E+05
3	3	P(79)	5.49E+04
3	3	R(78)	7.99E+04
3	3	Q(79)	1.38E+05
3	3	P(80)	5.93E+04
3	3	R(79)	8.57E+04
3	3	Q(80)	1.49E+05
3	3	P(81)	6.39E+04
3	3	R(80)	9.18E+04
3	3	Q(81)	1.60E+05
3	3	P(82)	6.88E+04
3	3	R(81)	9.81E+04
3	3	Q(82)	1.71E+05
3	3	P(83)	7.40E+04
3	3	R(82)	1.05E+05
3	3	Q(83)	1.83E+05
3	3	P(84)	7.95E+04
3	3	R(83)	1.12E+05
3	3	Q(84)	1.96E+05
3	3	P(85)	8.52E+04
3	3	R(84)	1.19E+05
3	3	Q(85)	2.09E+05
3	3	P(86)	9.12E+04
3	3	R(85)	1.26E+05
3	3	Q(86)	2.23E+05
3	3	P(87)	9.75E+04
3	3	R(86)	1.34E+05
3	3	Q(87)	2.38E+05
3	3	P(88)	1.04E+05
3	3	R(87)	1.42E+05
3	3	Q(88)	2.52E+05
3	3	P(89)	1.11E+05
3	3	R(88)	1.50E+05
3	3	Q(89)	2.68E+05
3	3	P(90)	1.18E+05
3	3	R(89)	1.59E+05
3	3	Q(90)	2.84E+05
3	3	P(91)	1.26E+05
3	3	R(90)	1.67E+05
3	3	Q(91)	3.00E+05
3	3	P(92)	1.33E+05
3	3	R(91)	1.76E+05
3	3	Q(92)	3.17E+05
3	3	P(93)	1.41E+05
3	3	R(92)	1.85E+05
3	3	Q(93)	3.34E+05
3	3	P(94)	1.49E+05
3	3	R(93)	1.94E+05
3	3	Q(94)	3.52E+05
3	3	P(95)	1.58E+05
3	3	R(94)	2.04E+05
3	3	Q(95)	3.69E+05
3	3	P(96)	1.66E+05
3	3	R(95)	2.13E+05
3	3	Q(96)	3.87E+05
3	3	P(97)	1.75E+05
3	3	R(96)	2.22E+05
3	3	Q(97)	4.06E+05
3	3	P(98)	1.83E+05
3	3	R(97)	2.31E+05
3	3	Q(98)	4.24E+05
3	3	P(99)	1.92E+05
3	3	R(98)	2.40E+05
3	3	Q(99)	4.42E+05
4	4	R(0)	0.00E+00
4	4	Q(1)	6.28E+05
4	4	P(2)	6.27E+05
4	4	R(1)	1.26E+05
4	4	Q(2)	6.29E+05
4	4	P(3)	5.01E+05
4	4	R(2)	1.80E+05
4	4	Q(3)	6.29E+05
4	4	P(4)	4.47E+05
4	4	R(3)	2.11E+05
4	4	Q(4)	6.30E+05
4	4	P(5)	4.18E+05
4	4	R(4)	2.31E+05
4	4	Q(5)	6.32E+05
4	4	P(6)	3.99E+05
4	4	R(5)	2.45E+05
4	4	Q(6)	6.33E+05
4	4	P(7)	3.86E+05
4	4	R(6)	2.56E+05
4	4	Q(7)	6.34E+05
4	4	P(8)	3.77E+05
4	4	R(7)	2.64E+05
4	4	Q(8)	6.36E+05
4	4	P(9)	3.70E+05
4	4	R(8)	2.72E+05
4	4	Q(9)	6.38E+05
4	4	P(10)	3.65E+05
4	4	R(9)	2.78E+05
4	4	Q(10)	6.41E+05
4	4	P(11)	3.61E+05
4	4	R(10)	2.83E+05
4	4	Q(11)	6.43E+05
4	4	P(12)	3.58E+05
4	4	R(11)	2.88E+05
4	4	Q(12)	6.46E+05
4	4	P(13)	3.56E+05
4	4	R(12)	2.93E+05
4	4	Q(13)	6.49E+05
4	4	P(14)	3.54E+05
4	4	R(13)	2.97E+05
4	4	Q(14)	6.52E+05
4	4	P(15)	3.53E+05
4	4	R(14)	3.01E+05
4	4	Q(15)	6.55E+05
4	4	P(16)	3.53E+05
4	4	R(15)	3.05E+05
4	4	Q(16)	6.59E+05
4	4	P(17)	3.52E+05
4	4	R(16)	3.09E+05
4	4	Q(17)	6.62E+05
4	4	P(18)	3.52E+05
4	4	R(17)	3.12E+05
4	4	Q(18)	6.66E+05
4	4	P(19)	3.53E+05
4	4	R(18)	3.16E+05
4	4	Q(19)	6.71E+05
4	4	P(20)	3.53E+05
4	4	R(19)	3.20E+05
4	4	Q(20)	6.75E+05
4	4	P(21)	3.54E+05
4	4	R(20)	3.24E+05
4	4	Q(21)	6.80E+05
4	4	P(22)	3.55E+05
4	4	R(21)	3.27E+05
4	4	Q(22)	6.84E+05
4	4	P(23)	3.56E+05
4	4	R(22)	3.31E+05
4	4	Q(23)	6.89E+05
4	4	P(24)	3.57E+05
4	4	R(23)	3.35E+05
4	4	Q(24)	6.95E+05
4	4	P(25)	3.59E+05
4	4	R(24)	3.38E+05
4	4	Q(25)	7.00E+05
4	4	P(26)	3.60E+05
4	4	R(25)	3.42E+05
4	4	Q(26)	7.06E+05
4	4	P(27)	3.62E+05
4	4	R(26)	3.46E+05
4	4	Q(27)	7.11E+05
4	4	P(28)	3.64E+05
4	4	R(27)	3.50E+05
4	4	Q(28)	7.17E+05
4	4	P(29)	3.66E+05
4	4	R(28)	3.53E+05
4	4	Q(29)	7.23E+05
4	4	P(30)	3.68E+05
4	4	R(29)	3.57E+05
4	4	Q(30)	7.29E+05
4	4	P(31)	3.71E+05
4	4	R(30)	3.61E+05
4	4	Q(31)	7.36E+05
4	4	P(32)	3.73E+05
4	4	R(31)	3.65E+05
4	4	Q(32)	7.42E+05
4	4	P(33)	3.76E+05
4	4	R(32)	3.69E+05
4	4	Q(33)	7.49E+05
4	4	P(34)	3.78E+05
4	4	R(33)	3.73E+05
4	4	Q(34)	7.55E+05
4	4	P(35)	3.81E+05
4	4	R(34)	3.77E+05
4	4	Q(35)	7.62E+05
4	4	P(36)	3.84E+05
4	4	R(35)	3.81E+05
4	4	Q(36)	7.69E+05
4	4	P(37)	3.86E+05
4	4	R(36)	3.85E+05
4	4	Q(37)	7.76E+05
4	4	P(38)	3.89E+05
4	4	R(37)	3.89E+05
4	4	Q(38)	7.83E+05
4	4	P(39)	3.92E+05
4	4	R(38)	3.93E+05
4	4	Q(39)	7.90E+05
4	4	P(40)	3.95E+05
4	4	R(39)	3.97E+05
4	4	Q(40)	7.97E+05
4	4	P(41)	3.98E+05
4	4	R(40)	4.01E+05
4	4	Q(41)	8.04E+05
4	4	P(42)	4.02E+05
4	4	R(41)	4.05E+05
4	4	Q(42)	8.11E+05
4	4	P(43)	4.05E+05
4	4	R(42)	4.09E+05
4	4	Q(43)	8.18E+05
4	4	P(44)	4.08E+05
4	4	R(43)	4.13E+05
4	4	Q(44)	8.25E+05
4	4	P(45)	4.11E+05
4	4	R(44)	4.16E+05
4	4	Q(45)	8.32E+05
4	4	P(46)	4.14E+05
4	4	R(45)	4.20E+05
4	4	Q(46)	8.39E+05
4	4	P(47)	4.17E+05
4	4	R(46)	4.24E+05
4	4	Q(47)	8.46E+05
4	4	P(48)	4.20E+05
4	4	R(47)	4.27E+05
4	4	Q(48)	8.52E+05
4	4	P(49)	4.23E+05
4	4	R(48)	4.31E+05
4	4	Q(49)	8.59E+05
4	4	P(50)	4.26E+05
4	4	R(49)	4.34E+05
4	4	Q(50)	8.65E+05
4	4	P(51)	4.29E+05
4	4	R(50)	4.37E+05
4	4	Q(51)	8.71E+05
4	4	P(52)	4.32E+05
4	4	R(51)	4.40E+05
4	4	Q(52)	8.77E+05
4	4	P(53)	4.35E+05
4	4	R(52)	4.43E+05
4	4	Q(53)	8.82E+05
4	4	P(54)	4.38E+05
4	4	R(53)	4.45E+05
4	4	Q(54)	8.87E+05
4	4	P(55)	4.40E+05
4	4	R(54)	4.48E+05
4	4	Q(55)	8.92E+05
4	4	P(56)	4.42E+05
4	4	R(55)	4.50E+05
4	4	Q(56)	8.96E+05
4	4	P(57)	4.45E+05
4	4	R(56)	4.52E+05
4	4	Q(57)	9.00E+05
4	4	P(58)	4.47E+05
4	4	R(57)	4.54E+05
4	4	Q(58)	9.04E+05
4	4	P(59)	4.48E+05
4	4	R(58)	4.55E+05
4	4	Q(59)	9.07E+05
4	4	P(60)	4.50E+05
4	4	R(59)	4.56E+05
4	4	Q(60)	9.09E+05
4	4	P(61)	4.51E+05
4	4	R(60)	4.57E+05
4	4	Q(61)	9.11E+05
4	4	P(62)	4.53E+05
4	4	R(61)	4.57E+05
4	4	Q(62)	9.12E+05
4	4	P(63)	4.53E+05
4	4	R(62)	4.57E+05
4	4	Q(63)	9.13E+05
4	4	P(64)	4.54E+05
4	4	R(63)	4.57E+05
4	4	Q(64)	9.13E+05
4	4	P(65)	4.54E+05
4	4	R(64)	4.56E+05
4	4	Q(65)	9.12E+05
4	4	P(66)	4.54E+05
4	4	R(65)	4.55E+05
4	4	Q(66)	9.10E+05
4	4	P(67)	4.54E+05
4	4	R(66)	4.53E+05
4	4	Q(67)	9.08E+05
4	4	P(68)	4.53E+05
4	4	R(67)	4.51E+05
4	4	Q(68)	9.04E+05
4	4	P(69)	4.52E+05
4	4	R(68)	4.48E+05
4	4	Q(69)	9.00E+05
4	4	P(70)	4.50E+05
4	4	R(69)	4.45E+05
4	4	Q(70)	8.95E+05
4	4	P(71)	4.48E+05
4	4	R(70)	4.41E+05
4	4	Q(71)	8.89E+05
4	4	P(72)	4.45E+05
4	4	R(71)	4.37E+05
4	4	Q(72)	8.82E+05
4	4	P(73)	4.42E+05
4	4	R(72)	4.33E+05
4	4	Q(73)	8.73E+05
4	4	P(74)	4.39E+05
4	4	R(73)	4.27E+05
4	4	Q(74)	8.64E+05
4	4	P(75)	4.35E+05
4	4	R(74)	4.21E+05
4	4	Q(75)	8.54E+05
4	4	P(76)	4.31E+05
4	4	R(75)	4.15E+05
4	4	Q(76)	8.42E+05
4	4	P(77)	4.25E+05
4	4	R(76)	4.08E+05
4	4	Q(77)	8.30E+05
4	4	P(78)	4.20E+05
4	4	R(77)	4.00E+05
4	4	Q(78)	8.16E+05
4	4	P(79)	4.14E+05
4	4	R(78)	3.92E+05
4	4	Q(79)	8.01E+05
4	4	P(80)	4.07E+05
4	4	R(79)	3.84E+05
4	4	Q(80)	7.85E+05
4	4	P(81)	4.00E+05
4	4	R(80)	3.74E+05
4	4	Q(81)	7.68E+05
4	4	P(82)	3.92E+05
4	4	R(81)	3.64E+05
4	4	Q(82)	7.50E+05
4	4	P(83)	3.84E+05
4	4	R(82)	3.54E+05
4	4	Q(83)	7.30E+05
4	4	P(84)	3.75E+05
4	4	R(83)	3.43E+05
4	4	Q(84)	7.10E+05
4	4	P(85)	3.65E+05
4	4	R(84)	3.32E+05
4	4	Q(85)	6.88E+05
4	4	P(86)	3.55E+05
4	4	R(85)	3.20E+05
4	4	Q(86)	6.66E+05
4	4	P(87)	3.45E+05
4	4	R(86)	3.08E+05
4	4	Q(87)	6.42E+05
4	4	P(88)	3.33E+05
4	4	R(87)	2.95E+05
4	4	Q(88)	6.18E+05
4	4	P(89)	3.22E+05
4	4	R(88)	2.82E+05
4	4	Q(89)	5.93E+05
4	4	P(90)	3.10E+05
4	4	R(89)	2.68E+05
4	4	Q(90)	5.67E+05
4	4	P(91)	2.97E+05
4	4	R(90)	2.55E+05
4	4	Q(91)	5.40E+05
4	4	P(92)	2.85E+05
4	4	R(91)	2.41E+05
4	4	Q(92)	5.13E+05
4	4	P(93)	2.71E+05
4	4	R(92)	2.27E+05
4	4	Q(93)	4.85E+05
4	4	P(94)	2.58E+05
4	4	R(93)	2.13E+05
4	4	Q(94)	4.57E+05
4	4	P(95)	2.44E+05
4	4	R(94)	1.99E+05
4	4	Q(95)	4.29E+05
4	4	P(96)	2.30E+05
4	4	R(95)	1.85E+05
4	4	Q(96)	4.01E+05
4	4	P(97)	2.16E+05
4	4	R(96)	1.71E+05
4	4	Q(97)	3.73E+05
4	4	P(98)	2.02E+05
4	4	R(97)	1.57E+05
4	4	Q(98)	3.45E+05
4	4	P(99)	1.88E+05
4	4	R(98)	1.43E+05
4	4	Q(99)	3.17E+05
5	5	R(0)	0.00E+00
5	5	Q(1)	8.32E+05
5	5	P(2)	8.33E+05
5	5	R(1)	1.66E+05
5	5	Q(2)	8.31E+05
5	5	P(3)	6.66E+05
5	5	R(2)	2.37E+05
5	5	Q(3)	8.31E+05
5	5	P(4)	5.94E+05
5	5	R(3)	2.76E+05
5	5	Q(4)	8.29E+05
5	5	P(5)	5.54E+05
5	5	R(4)	3.00E+05
5	5	Q(5)	8.28E+05
5	5	P(6)	5.28E+05
5	5	R(5)	3.17E+05
5	5	Q(6)	8.26E+05
5	5	P(7)	5.10E+05
5	5	R(6)	3.29E+05
5	5	Q(7)	8.24E+05
5	5	P(8)	4.96E+05
5	5	R(7)	3.37E+05
5	5	Q(8)	8.21E+05
5	5	P(9)	4.85E+05
5	5	R(8)	3.43E+05
5	5	Q(9)	8.18E+05
5	5	P(10)	4.76E+05
5	5	R(9)	3.48E+05
5	5	Q(10)	8.15E+05
5	5	P(11)	4.68E+05
5	5	R(10)	3.51E+05
5	5	Q(11)	8.12E+05
5	5	P(12)	4.61E+05
5	5	R(11)	3.54E+05
5	5	Q(12)	8.08E+05
5	5	P(13)	4.55E+05
5	5	R(12)	3.55E+05
5	5	Q(13)	8.04E+05
5	5	P(14)	4.49E+05
5	5	R(13)	3.56E+05
5	5	Q(14)	7.99E+05
5	5	P(15)	4.44E+05
5	5	R(14)	3.56E+05
5	5	Q(15)	7.94E+05
5	5	P(16)	4.38E+05
5	5	R(15)	3.56E+05
5	5	Q(16)	7.89E+05
5	5	P(17)	4.34E+05
5	5	R(16)	3.56E+05
5	5	Q(17)	7.84E+05
5	5	P(18)	4.29E+05
5	5	R(17)	3.54E+05
5	5	Q(18)	7.78E+05
5	5	P(19)	4.24E+05
5	5	R(18)	3.53E+05
5	5	Q(19)	7.72E+05
5	5	P(20)	4.19E+05
5	5	R(19)	3.51E+05
5	5	Q(20)	7.65E+05
5	5	P(21)	4.14E+05
5	5	R(20)	3.49E+05
5	5	Q(21)	7.58E+05
5	5	P(22)	4.10E+05
5	5	R(21)	3.47E+05
5	5	Q(22)	7.51E+05
5	5	P(23)	4.05E+05
5	5	R(22)	3.44E+05
5	5	Q(23)	7.44E+05
5	5	P(24)	4.00E+05
5	5	R(23)	3.41E+05
5	5	Q(24)	7.36E+05
5	5	P(25)	3.95E+05
5	5	R(24)	3.38E+05
5	5	Q(25)	7.27E+05
5	5	P(26)	3.90E+05
5	5	R(25)	3.34E+05
5	5	Q(26)	7.19E+05
5	5	P(27)	3.85E+05
5	5	R(26)	3.31E+05
5	5	Q(27)	7.10E+05
5	5	P(28)	3.80E+05
5	5	R(27)	3.27E+05
5	5	Q(28)	7.00E+05
5	5	P(29)	3.74E+05
5	5	R(28)	3.22E+05
5	5	Q(29)	6.91E+05
5	5	P(30)	3.69E+05
5	5	R(29)	3.18E+05
5	5	Q(30)	6.81E+05
5	5	P(31)	3.63E+05
5	5	R(30)	3.13E+05
5	5	Q(31)	6.70E+05
5	5	P(32)	3.58E+05
5	5	R(31)	3.08E+05
5	5	Q(32)	6.60E+05
5	5	P(33)	3.52E+05
5	5	R(32)	3.03E+05
5	5	Q(33)	6.48E+05
5	5	P(34)	3.46E+05
5	5	R(33)	2.98E+05
5	5	Q(34)	6.37E+05
5	5	P(35)	3.40E+05
5	5	R(34)	2.92E+05
5	5	Q(35)	6.25E+05
5	5	P(36)	3.33E+05
5	5	R(35)	2.87E+05
5	5	Q(36)	6.13E+05
5	5	P(37)	3.27E+05
5	5	R(36)	2.81E+05
5	5	Q(37)	6.01E+05
5	5	P(38)	3.20E+05
5	5	R(37)	2.75E+05
5	5	Q(38)	5.88E+05
5	5	P(39)	3.14E+05
5	5	R(38)	2.69E+05
5	5	Q(39)	5.75E+05
5	5	P(40)	3.07E+05
5	5	R(39)	2.62E+05
5	5	Q(40)	5.62E+05
5	5	P(41)	3.00E+05
5	5	R(40)	2.56E+05
5	5	Q(41)	5.48E+05
5	5	P(42)	2.93E+05
5	5	R(41)	2.49E+05
5	5	Q(42)	5.34E+05
5	5	P(43)	2.86E+05
5	5	R(42)	2.42E+05
5	5	Q(43)	5.20E+05
5	5	P(44)	2.78E+05
5	5	R(43)	2.35E+05
5	5	Q(44)	5.05E+05
5	5	P(45)	2.71E+05
5	5	R(44)	2.28E+05
5	5	Q(45)	4.91E+05
5	5	P(46)	2.63E+05
5	5	R(45)	2.21E+05
5	5	Q(46)	4.76E+05
5	5	P(47)	2.56E+05
5	5	R(46)	2.13E+05
5	5	Q(47)	4.61E+05
5	5	P(48)	2.48E+05
5	5	R(47)	2.06E+05
5	5	Q(48)	4.45E+05
5	5	P(49)	2.40E+05
5	5	R(48)	1.99E+05
5	5	Q(49)	4.30E+05
5	5	P(50)	2.32E+05
5	5	R(49)	1.91E+05
5	5	Q(50)	4.14E+05
5	5	P(51)	2.24E+05
5	5	R(50)	1.83E+05
5	5	Q(51)	3.99E+05
5	5	P(52)	2.16E+05
5	5	R(51)	1.76E+05
5	5	Q(52)	3.83E+05
5	5	P(53)	2.08E+05
5	5	R(52)	1.68E+05
5	5	Q(53)	3.67E+05
5	5	P(54)	2.00E+05
5	5	R(53)	1.60E+05
5	5	Q(54)	3.51E+05
5	5	P(55)	1.92E+05
5	5	R(54)	1.53E+05
5	5	Q(55)	3.35E+05
5	5	P(56)	1.84E+05
5	5	R(55)	1.45E+05
5	5	Q(56)	3.20E+05
5	5	P(57)	1.75E+05
5	5	R(56)	1.37E+05
5	5	Q(57)	3.04E+05
5	5	P(58)	1.67E+05
5	5	R(57)	1.30E+05
5	5	Q(58)	2.88E+05
5	5	P(59)	1.59E+05
5	5	R(58)	1.22E+05
5	5	Q(59)	2.72E+05
5	5	P(60)	1.51E+05
5	5	R(59)	1.15E+05
5	5	Q(60)	2.57E+05
5	5	P(61)	1.43E+05
5	5	R(60)	1.08E+05
5	5	Q(61)	2.42E+05
5	5	P(62)	1.35E+05
5	5	R(61)	1.01E+05
5	5	Q(62)	2.27E+05
5	5	P(63)	1.27E+05
5	5	R(62)	9.37E+04
5	5	Q(63)	2.12E+05
5	5	P(64)	1.19E+05
5	5	R(63)	8.69E+04
5	5	Q(64)	1.98E+05
5	5	P(65)	1.12E+05
5	5	R(64)	8.03E+04
5	5	Q(65)	1.83E+05
5	5	P(66)	1.04E+05
5	5	R(65)	7.39E+04
5	5	Q(66)	1.70E+05
5	5	P(67)	9.68E+04
5	5	R(66)	6.77E+04
5	5	Q(67)	1.56E+05
5	5	P(68)	8.97E+04
5	5	R(67)	6.17E+04
5	5	Q(68)	1.43E+05
5	5	P(69)	8.28E+04
5	5	R(68)	5.60E+04
5	5	Q(69)	1.31E+05
5	5	P(70)	7.61E+04
5	5	R(69)	5.05E+04
5	5	Q(70)	1.19E+05
5	5	P(71)	6.96E+04
5	5	R(70)	4.53E+04
5	5	Q(71)	1.08E+05
5	5	P(72)	6.34E+04
5	5	R(71)	4.04E+04
5	5	Q(72)	9.67E+04
5	5	P(73)	5.74E+04
5	5	R(72)	3.57E+04
5	5	Q(73)	8.64E+04
5	5	P(74)	5.17E+04
5	5	R(73)	3.14E+04
5	5	Q(74)	7.67E+04
5	5	P(75)	4.63E+04
5	5	R(74)	2.74E+04
5	5	Q(75)	6.76E+04
5	5	P(76)	4.12E+04
5	5	R(75)	2.37E+04
5	5	Q(76)	5.91E+04
5	5	P(77)	3.64E+04
5	5	R(76)	2.03E+04
5	5	Q(77)	5.12E+04
5	5	P(78)	3.19E+04
5	5	R(77)	1.72E+04
5	5	Q(78)	4.40E+04
5	5	P(79)	2.77E+04
5	5	R(78)	1.44E+04
5	5	Q(79)	3.74E+04
5	5	P(80)	2.39E+04
5	5	R(79)	1.19E+04
5	5	Q(80)	3.14E+04
5	5	P(81)	2.04E+04
5	5	R(80)	9.67E+03
5	5	Q(81)	2.61E+04
5	5	P(82)	1.72E+04
5	5	R(81)	7.75E+03
5	5	Q(82)	2.14E+04
5	5	P(83)	1.44E+04
5	5	R(82)	6.09E+03
5	5	Q(83)	1.72E+04
5	5	P(84)	1.18E+04
5	5	R(83)	4.69E+03
5	5	Q(84)	1.36E+04
5	5	P(85)	9.58E+03
5	5	R(84)	3.52E+03
5	5	Q(85)	1.06E+04
5	5	P(86)	7.63E+03
5	5	R(85)	2.57E+03
5	5	Q(86)	8.00E+03
5	5	P(87)	5.96E+03
5	5	R(86)	1.81E+03
5	5	Q(87)	5.90E+03
5	5	P(88)	4.55E+03
5	5	R(87)	1.23E+03
5	5	Q(88)	4.20E+03
5	5	P(89)	3.39E+03
5	5	R(88)	7.88E+02
5	5	Q(89)	2.88E+03
5	5	P(90)	2.44E+03
5	5	R(89)	4.74E+02
5	5	Q(90)	1.88E+03
5	5	P(91)	1.70E+03
5	5	R(90)	2.62E+02
5	5	Q(91)	1.16E+03
5	5	P(92)	1.13E+03
5	5	R(91)	1.29E+02
5	5	Q(92)	6.60E+02
5	5	P(93)	7.09E+02
5	5	R(92)	5.36E+01
5	5	Q(93)	3.38E+02
5	5	P(94)	4.14E+02
5	5	R(93)	1.70E+01
5	5	Q(94)	1.49E+02
5	5	P(95)	2.20E+02
5	5	R(94)	3.26E+00
5	5	Q(95)	5.21E+01
5	5	P(96)	1.02E+02
5	5	R(95)	1.68E-01
5	5	Q(96)	1.21E+01
5	5	P(97)	3.90E+01
5	5	R(96)	7.01E-04
5	5	Q(97)	1.12E+00
5	5	P(98)	1.06E+01
5	5	R(97)	2.79E-01
5	5	Q(98)	3.94E-06
5	5	P(99)	1.45E+00
5	5	R(98)	4.43E+00
5	5	Q(99)	1.32E-01
6	6	R(0)	0.00E+00
6	6	Q(1)	3.94E+04
6	6	P(2)	3.97E+04
6	6	R(1)	7.79E+03
6	6	Q(2)	3.92E+04
6	6	P(3)	3.17E+04
6	6	R(2)	1.10E+04
6	6	Q(3)	3.90E+04
6	6	P(4)	2.83E+04
6	6	R(3)	1.27E+04
6	6	Q(4)	3.87E+04
6	6	P(5)	2.63E+04
6	6	R(4)	1.37E+04
6	6	Q(5)	3.83E+04
6	6	P(6)	2.49E+04
6	6	R(5)	1.43E+04
6	6	Q(6)	3.79E+04
6	6	P(7)	2.39E+04
6	6	R(6)	1.46E+04
6	6	Q(7)	3.73E+04
6	6	P(8)	2.30E+04
6	6	R(7)	1.47E+04
6	6	Q(8)	3.67E+04
6	6	P(9)	2.23E+04
6	6	R(8)	1.47E+04
6	6	Q(9)	3.61E+04
6	6	P(10)	2.16E+04
6	6	R(9)	1.46E+04
6	6	Q(10)	3.53E+04
6	6	P(11)	2.10E+04
6	6	R(10)	1.44E+04
6	6	Q(11)	3.46E+04
6	6	P(12)	2.04E+04
6	6	R(11)	1.42E+04
6	6	Q(12)	3.37E+04
6	6	P(13)	1.98E+04
6	6	R(12)	1.39E+04
6	6	Q(13)	3.28E+04
6	6	P(14)	1.92E+04
6	6	R(13)	1.36E+04
6	6	Q(14)	3.19E+04
6	6	P(15)	1.86E+04
6	6	R(14)	1.32E+04
6	6	Q(15)	3.09E+04
6	6	P(16)	1.80E+04
6	6	R(15)	1.27E+04
6	6	Q(16)	2.98E+04
6	6	P(17)	1.73E+04
6	6	R(16)	1.23E+04
6	6	Q(17)	2.87E+04
6	6	P(18)	1.67E+04
6	6	R(17)	1.18E+04
6	6	Q(18)	2.76E+04
6	6	P(19)	1.61E+04
6	6	R(18)	1.13E+04
6	6	Q(19)	2.65E+04
6	6	P(20)	1.54E+04
6	6	R(19)	1.08E+04
6	6	Q(20)	2.53E+04
6	6	P(21)	1.48E+04
6	6	R(20)	1.03E+04
6	6	Q(21)	2.41E+04
6	6	P(22)	1.41E+04
6	6	R(21)	9.77E+03
6	6	Q(22)	2.29E+04
6	6	P(23)	1.34E+04
6	6	R(22)	9.23E+03
6	6	Q(23)	2.17E+04
6	6	P(24)	1.28E+04
6	6	R(23)	8.69E+03
6	6	Q(24)	2.05E+04
6	6	P(25)	1.21E+04
6	6	R(24)	8.15E+03
6	6	Q(25)	1.93E+04
6	6	P(26)	1.14E+04
6	6	R(25)	7.61E+03
6	6	Q(26)	1.81E+04
6	6	P(27)	1.07E+04
6	6	R(26)	7.07E+03
6	6	Q(27)	1.69E+04
6	6	P(28)	1.01E+04
6	6	R(27)	6.54E+03
6	6	Q(28)	1.57E+04
6	6	P(29)	9.43E+03
6	6	R(28)	6.03E+03
6	6	Q(29)	1.46E+04
6	6	P(30)	8.79E+03
6	6	R(29)	5.52E+03
6	6	Q(30)	1.35E+04
6	6	P(31)	8.16E+03
6	6	R(30)	5.04E+03
6	6	Q(31)	1.23E+04
6	6	P(32)	7.54E+03
6	6	R(31)	4.56E+03
6	6	Q(32)	1.13E+04
6	6	P(33)	6.93E+03
6	6	R(32)	4.11E+03
6	6	Q(33)	1.03E+04
6	6	P(34)	6.35E+03
6	6	R(33)	3.68E+03
6	6	Q(34)	9.26E+03
6	6	P(35)	5.79E+03
6	6	R(34)	3.27E+03
6	6	Q(35)	8.32E+03
6	6	P(36)	5.25E+03
6	6	R(35)	2.89E+03
6	6	Q(36)	7.42E+03
6	6	P(37)	4.73E+03
6	6	R(36)	2.53E+03
6	6	Q(37)	6.57E+03
6	6	P(38)	4.23E+03
6	6	R(37)	2.19E+03
6	6	Q(38)	5.78E+03
6	6	P(39)	3.77E+03
6	6	R(38)	1.88E+03
6	6	Q(39)	5.04E+03
6	6	P(40)	3.33E+03
6	6	R(39)	1.60E+03
6	6	Q(40)	4.35E+03
6	6	P(41)	2.92E+03
6	6	R(40)	1.35E+03
6	6	Q(41)	3.73E+03
6	6	P(42)	2.54E+03
6	6	R(41)	1.12E+03
6	6	Q(42)	3.15E+03
6	6	P(43)	2.18E+03
6	6	R(42)	9.13E+02
6	6	Q(43)	2.64E+03
6	6	P(44)	1.86E+03
6	6	R(43)	7.34E+02
6	6	Q(44)	2.17E+03
6	6	P(45)	1.57E+03
6	6	R(44)	5.80E+02
6	6	Q(45)	1.77E+03
6	6	P(46)	1.31E+03
6	6	R(45)	4.48E+02
6	6	Q(46)	1.41E+03
6	6	P(47)	1.07E+03
6	6	R(46)	3.38E+02
6	6	Q(47)	1.11E+03
6	6	P(48)	8.68E+02
6	6	R(47)	2.48E+02
6	6	Q(48)	8.49E+02
6	6	P(49)	6.90E+02
6	6	R(48)	1.75E+02
6	6	Q(49)	6.34E+02
6	6	P(50)	5.37E+02
6	6	R(49)	1.19E+02
6	6	Q(50)	4.59E+02
6	6	P(51)	4.09E+02
6	6	R(50)	7.69E+01
6	6	Q(51)	3.21E+02
6	6	P(52)	3.03E+02
6	6	R(51)	4.65E+01
6	6	Q(52)	2.14E+02
6	6	P(53)	2.17E+02
6	6	R(52)	2.59E+01
6	6	Q(53)	1.36E+02
6	6	P(54)	1.50E+02
6	6	R(53)	1.28E+01
6	6	Q(54)	7.99E+01
6	6	P(55)	9.88E+01
6	6	R(54)	5.33E+00
6	6	Q(55)	4.28E+01
6	6	P(56)	6.14E+01
6	6	R(55)	1.70E+00
6	6	Q(56)	2.01E+01
6	6	P(57)	3.53E+01
6	6	R(56)	3.25E-01
6	6	Q(57)	7.77E+00
6	6	P(58)	1.83E+01
6	6	R(57)	1.64E-02
6	6	Q(58)	2.16E+00
6	6	P(59)	8.21E+00
6	6	R(58)	5.72E-05
6	6	Q(59)	3.07E-01
6	6	P(60)	2.94E+00
6	6	R(59)	3.20E-02
6	6	Q(60)	4.27E-03
6	6	P(61)	7.12E-01
6	6	R(60)	4.94E-01
6	6	Q(61)	6.29E-04
6	6	P(62)	7.17E-02
6	6	R(61)	2.50E+00
6	6	Q(62)	2.08E-01
6	6	P(63)	1.66E-05
6	6	R(62)	7.97E+00
6	6	Q(63)	1.90E+00
6	6	P(64)	4.68E-03
6	6	R(63)	1.98E+01
6	6	Q(64)	7.94E+00
6	6	P(65)	2.27E-01
6	6	R(64)	4.19E+01
6	6	Q(65)	2.29E+01
6	6	P(66)	1.55E+00
6	6	R(65)	7.92E+01
6	6	Q(66)	5.36E+01
6	6	P(67)	5.70E+00
6	6	R(66)	1.38E+02
6	6	Q(67)	1.09E+02
6	6	P(68)	1.54E+01
6	6	R(67)	2.26E+02
6	6	Q(68)	1.99E+02
6	6	P(69)	3.43E+01
6	6	R(68)	3.52E+02
6	6	Q(69)	3.40E+02
6	6	P(70)	6.75E+01
6	6	R(69)	5.26E+02
6	6	Q(70)	5.46E+02
6	6	P(71)	1.21E+02
6	6	R(70)	7.60E+02
6	6	Q(71)	8.37E+02
6	6	P(72)	2.02E+02
6	6	R(71)	1.07E+03
6	6	Q(72)	1.24E+03
6	6	P(73)	3.21E+02
6	6	R(72)	1.46E+03
6	6	Q(73)	1.77E+03
6	6	P(74)	4.86E+02
6	6	R(73)	1.96E+03
6	6	Q(74)	2.46E+03
6	6	P(75)	7.11E+02
6	6	R(74)	2.58E+03
6	6	Q(75)	3.34E+03
6	6	P(76)	1.01E+03
6	6	R(75)	3.33E+03
6	6	Q(76)	4.45E+03
6	6	P(77)	1.39E+03
6	6	R(76)	4.25E+03
6	6	Q(77)	5.82E+03
6	6	P(78)	1.88E+03
6	6	R(77)	5.34E+03
6	6	Q(78)	7.48E+03
6	6	P(79)	2.49E+03
6	6	R(78)	6.63E+03
6	6	Q(79)	9.49E+03
6	6	P(80)	3.24E+03
6	6	R(79)	8.13E+03
6	6	Q(80)	1.19E+04
6	6	P(81)	4.15E+03
6	6	R(80)	9.87E+03
6	6	Q(81)	1.47E+04
6	6	P(82)	5.24E+03
6	6	R(81)	1.19E+04
6	6	Q(82)	1.79E+04
6	6	P(83)	6.53E+03
6	6	R(82)	1.41E+04
6	6	Q(83)	2.17E+04
6	6	P(84)	8.04E+03
6	6	R(83)	1.67E+04
6	6	Q(84)	2.59E+04
6	6	P(85)	9.78E+03
6	6	R(84)	1.95E+04
6	6	Q(85)	3.07E+04
6	6	P(86)	1.18E+04
6	6	R(85)	2.26E+04
6	6	Q(86)	3.62E+04
6	6	P(87)	1.41E+04
6	6	R(86)	2.61E+04
6	6	Q(87)	4.21E+04
6	6	P(88)	1.66E+04
6	6	R(87)	2.98E+04
6	6	Q(88)	4.87E+04
6	6	P(89)	1.95E+04
6	6	R(88)	3.38E+04
6	6	Q(89)	5.59E+04
6	6	P(90)	2.26E+04
6	6	R(89)	3.81E+04
6	6	Q(90)	6.37E+04
6	6	P(91)	2.61E+04
6	6	R(90)	4.26E+04
6	6	Q(91)	7.20E+04
6	6	P(92)	2.99E+04
6	6	R(91)	4.74E+04
6	6	Q(92)	8.09E+04
6	6	P(93)	3.39E+04
6	6	R(92)	5.23E+04
6	6	Q(93)	9.01E+04
6	6	P(94)	3.82E+04
6	6	R(93)	5.73E+04
6	6	Q(94)	9.97E+04
6	6	P(95)	4.27E+04
6	6	R(94)	6.23E+04
6	6	Q(95)	1.10E+05
6	6	P(96)	4.74E+04
6	6	R(95)	6.74E+04
6	6	Q(96)	1.20E+05
6	6	P(97)	5.22E+04
6	6	R(96)	7.23E+04
6	6	Q(97)	1.29E+05
6	6	P(98)	5.71E+04
6	6	R(97)	7.70E+04
6	6	Q(98)	1.39E+05
6	6	P(99)	6.20E+04
6	6	R(98)	8.14E+04
6	6	Q(99)	1.48E+05
7	7	R(0)	0.00E+00
7	7	Q(1)	3.02E+03
7	7	P(2)	2.97E+03
7	7	R(1)	6.17E+02
7	7	Q(2)	3.04E+03
7	7	P(3)	2.38E+03
7	7	R(2)	8.98E+02
7	7	Q(3)	3.07E+03
7	7	P(4)	2.13E+03
7	7	R(3)	1.07E+03
7	7	Q(4)	3.12E+03
7	7	P(5)	2.00E+03
7	7	R(4)	1.20E+03
7	7	Q(5)	3.18E+03
7	7	P(6)	1.94E+03
7	7	R(5)	1.31E+03
7	7	Q(6)	3.25E+03
7	7	P(7)	1.90E+03
7	7	R(6)	1.41E+03
7	7	Q(7)	3.34E+03
7	7	P(8)	1.89E+03
7	7	R(7)	1.50E+03
7	7	Q(8)	3.44E+03
7	7	P(9)	1.89E+03
7	7	R(8)	1.60E+03
7	7	Q(9)	3.56E+03
7	7	P(10)	1.92E+03
7	7	R(9)	1.70E+03
7	7	Q(10)	3.69E+03
7	7	P(11)	1.95E+03
7	7	R(10)	1.80E+03
7	7	Q(11)	3.84E+03
7	7	P(12)	1.99E+03
7	7	R(11)	1.92E+03
7	7	Q(12)	4.01E+03
7	7	P(13)	2.05E+03
7	7	R(12)	2.04E+03
7	7	Q(13)	4.20E+03
7	7	P(14)	2.12E+03
7	7	R(13)	2.17E+03
7	7	Q(14)	4.41E+03
7	7	P(15)	2.19E+03
7	7	R(14)	2.32E+03
7	7	Q(15)	4.64E+03
7	7	P(16)	2.28E+03
7	7	R(15)	2.47E+03
7	7	Q(16)	4.90E+03
7	7	P(17)	2.39E+03
7	7	R(16)	2.65E+03
7	7	Q(17)	5.19E+03
7	7	P(18)	2.50E+03
7	7	R(17)	2.83E+03
7	7	Q(18)	5.51E+03
7	7	P(19)	2.63E+03
7	7	R(18)	3.04E+03
7	7	Q(19)	5.85E+03
7	7	P(20)	2.77E+03
7	7	R(19)	3.26E+03
7	7	Q(20)	6.24E+03
7	7	P(21)	2.93E+03
7	7	R(20)	3.51E+03
7	7	Q(21)	6.66E+03
7	7	P(22)	3.11E+03
7	7	R(21)	3.78E+03
7	7	Q(22)	7.12E+03
7	7	P(23)	3.30E+03
7	7	R(22)	4.07E+03
7	7	Q(23)	7.63E+03
7	7	P(24)	3.52E+03
7	7	R(23)	4.39E+03
7	7	Q(24)	8.19E+03
7	7	P(25)	3.76E+03
7	7	R(24)	4.74E+03
7	7	Q(25)	8.80E+03
7	7	P(26)	4.02E+03
7	7	R(25)	5.13E+03
7	7	Q(26)	9.46E+03
7	7	P(27)	4.30E+03
7	7	R(26)	5.55E+03
7	7	Q(27)	1.02E+04
7	7	P(28)	4.61E+03
7	7	R(27)	6.00E+03
7	7	Q(28)	1.10E+04
7	7	P(29)	4.96E+03
7	7	R(28)	6.50E+03
7	7	Q(29)	1.19E+04
7	7	P(30)	5.33E+03
7	7	R(29)	7.04E+03
7	7	Q(30)	1.28E+04
7	7	P(31)	5.74E+03
7	7	R(30)	7.63E+03
7	7	Q(31)	1.38E+04
7	7	P(32)	6.19E+03
7	7	R(31)	8.27E+03
7	7	Q(32)	1.50E+04
7	7	P(33)	6.67E+03
7	7	R(32)	8.97E+03
7	7	Q(33)	1.62E+04
7	7	P(34)	7.21E+03
7	7	R(33)	9.73E+03
7	7	Q(34)	1.75E+04
7	7	P(35)	7.78E+03
7	7	R(34)	1.05E+04
7	7	Q(35)	1.90E+04
7	7	P(36)	8.41E+03
7	7	R(35)	1.14E+04
7	7	Q(36)	2.05E+04
7	7	P(37)	9.10E+03
7	7	R(36)	1.24E+04
7	7	Q(37)	2.22E+04
7	7	P(38)	9.84E+03
7	7	R(37)	1.34E+04
7	7	Q(38)	2.41E+04
7	7	P(39)	1.06E+04
7	7	R(38)	1.45E+04
7	7	Q(39)	2.61E+04
7	7	P(40)	1.15E+04
7	7	R(39)	1.58E+04
7	7	Q(40)	2.82E+04
7	7	P(41)	1.25E+04
7	7	R(40)	1.71E+04
7	7	Q(41)	3.05E+04
7	7	P(42)	1.35E+04
7	7	R(41)	1.84E+04
7	7	Q(42)	3.30E+04
7	7	P(43)	1.46E+04
7	7	R(42)	1.99E+04
7	7	Q(43)	3.57E+04
7	7	P(44)	1.58E+04
7	7	R(43)	2.16E+04
7	7	Q(44)	3.86E+04
7	7	P(45)	1.70E+04
7	7	R(44)	2.33E+04
7	7	Q(45)	4.17E+04
7	7	P(46)	1.84E+04
7	7	R(45)	2.51E+04
7	7	Q(46)	4.50E+04
7	7	P(47)	1.99E+04
7	7	R(46)	2.70E+04
7	7	Q(47)	4.85E+04
7	7	P(48)	2.15E+04
7	7	R(47)	2.91E+04
7	7	Q(48)	5.23E+04
7	7	P(49)	2.32E+04
7	7	R(48)	3.13E+04
7	7	Q(49)	5.63E+04
7	7	P(50)	2.50E+04
7	7	R(49)	3.37E+04
7	7	Q(50)	6.05E+04
7	7	P(51)	2.69E+04
7	7	R(50)	3.61E+04
7	7	Q(51)	6.50E+04
7	7	P(52)	2.89E+04
7	7	R(51)	3.87E+04
7	7	Q(52)	6.98E+04
7	7	P(53)	3.11E+04
7	7	R(52)	4.15E+04
7	7	Q(53)	7.49E+04
7	7	P(54)	3.34E+04
7	7	R(53)	4.43E+04
7	7	Q(54)	8.02E+04
7	7	P(55)	3.58E+04
7	7	R(54)	4.73E+04
7	7	Q(55)	8.58E+04
7	7	P(56)	3.84E+04
7	7	R(55)	5.05E+04
7	7	Q(56)	9.16E+04
7	7	P(57)	4.11E+04
7	7	R(56)	5.37E+04
7	7	Q(57)	9.77E+04
7	7	P(58)	4.40E+04
7	7	R(57)	5.71E+04
7	7	Q(58)	1.04E+05
7	7	P(59)	4.69E+04
7	7	R(58)	6.06E+04
7	7	Q(59)	1.11E+05
7	7	P(60)	5.00E+04
7	7	R(59)	6.42E+04
7	7	Q(60)	1.18E+05
7	7	P(61)	5.32E+04
7	7	R(60)	6.79E+04
7	7	Q(61)	1.25E+05
7	7	P(62)	5.66E+04
7	7	R(61)	7.17E+04
7	7	Q(62)	1.32E+05
7	7	P(63)	6.00E+04
7	7	R(62)	7.55E+04
7	7	Q(63)	1.39E+05
7	7	P(64)	6.36E+04
7	7	R(63)	7.94E+04
7	7	Q(64)	1.47E+05
7	7	P(65)	6.72E+04
7	7	R(64)	8.33E+04
7	7	Q(65)	1.54E+05
7	7	P(66)	7.09E+04
7	7	R(65)	8.71E+04
7	7	Q(66)	1.62E+05
7	7	P(67)	7.46E+04
7	7	R(66)	9.10E+04
7	7	Q(67)	1.70E+05
7	7	P(68)	7.84E+04
7	7	R(67)	9.48E+04
7	7	Q(68)	1.77E+05
7	7	P(69)	8.23E+04
7	7	R(68)	9.85E+04
7	7	Q(69)	1.85E+05
7	7	P(70)	8.60E+04
7	7	R(69)	1.02E+05
7	7	Q(70)	1.92E+05
7	7	P(71)	8.98E+04
7	7	R(70)	1.06E+05
7	7	Q(71)	2.00E+05
7	7	P(72)	9.35E+04
7	7	R(71)	1.64E-60
7	7	Q(72)	3.08E-60
7	7	P(73)	1.43E-60
7	7	R(72)	1.12E+05
7	7	Q(73)	2.13E+05
7	7	P(74)	1.01E+05
7	7	R(73)	1.14E+05
7	7	Q(74)	2.19E+05
7	7	P(75)	1.04E+05
7	7	R(74)	1.17E+05
7	7	Q(75)	2.24E+05
7	7	P(76)	1.07E+05
7	7	R(75)	1.19E+05
7	7	Q(76)	2.29E+05
7	7	P(77)	1.10E+05
7	7	R(76)	1.20E+05
7	7	Q(77)	2.33E+05
7	7	P(78)	1.12E+05
7	7	R(77)	5.99E-62
7	7	Q(78)	1.36E-61
7	7	P(79)	7.66E-62
7	7	R(78)	1.22E+05
7	7	Q(79)	2.39E+05
7	7	P(80)	1.16E+05
7	7	R(79)	1.22E+05
7	7	Q(80)	2.41E+05
7	7	P(81)	1.17E+05
7	7	R(80)	1.22E+05
7	7	Q(81)	2.41E+05
7	7	P(82)	1.18E+05
7	7	R(81)	1.21E+05
7	7	Q(82)	2.41E+05
7	7	P(83)	1.19E+05
7	7	R(82)	1.19E+05
7	7	Q(83)	2.39E+05
7	7	P(84)	1.18E+05
7	7	R(83)	1.17E+05
7	7	Q(84)	2.36E+05
7	7	P(85)	1.17E+05
7	7	R(84)	1.14E+05
7	7	Q(85)	2.32E+05
7	7	P(86)	1.16E+05
7	7	R(85)	1.11E+05
7	7	Q(86)	2.26E+05
7	7	P(87)	1.14E+05
7	7	R(86)	1.07E+05
7	7	Q(87)	2.19E+05
7	7	P(88)	1.11E+05
7	7	R(87)	1.02E+05
7	7	Q(88)	2.11E+05
7	7	P(89)	1.08E+05
7	7	R(88)	9.70E+04
7	7	Q(89)	2.02E+05
7	7	P(90)	1.04E+05
7	7	R(89)	9.13E+04
7	7	Q(90)	1.92E+05
7	7	P(91)	9.97E+04
7	7	R(90)	8.52E+04
7	7	Q(91)	1.80E+05
7	7	P(92)	9.46E+04
7	7	R(91)	7.87E+04
7	7	Q(92)	1.68E+05
7	7	P(93)	8.90E+04
7	7	R(92)	7.19E+04
7	7	Q(93)	1.55E+05
7	7	P(94)	8.29E+04
7	7	R(93)	6.49E+04
7	7	Q(94)	1.42E+05
7	7	P(95)	7.65E+04
7	7	R(94)	5.79E+04
7	7	Q(95)	1.28E+05
7	7	P(96)	6.98E+04
7	7	R(95)	5.09E+04
7	7	Q(96)	1.14E+05
7	7	P(97)	6.28E+04
7	7	R(96)	4.40E+04
7	7	Q(97)	9.98E+04
7	7	P(98)	5.58E+04
7	7	R(97)	3.74E+04
7	7	Q(98)	8.61E+04
7	7	P(99)	4.88E+04
7	7	R(98)	3.11E+04
7	7	Q(99)	7.29E+04
8	8	R(0)	0.00E+00
8	8	Q(1)	2.22E+05
8	8	P(2)	2.21E+05
8	8	R(1)	4.46E+04
8	8	Q(2)	2.22E+05
8	8	P(3)	1.77E+05
8	8	R(2)	6.39E+04
8	8	Q(3)	2.23E+05
8	8	P(4)	1.58E+05
8	8	R(3)	7.48E+04
8	8	Q(4)	2.23E+05
8	8	P(5)	1.48E+05
8	8	R(4)	8.19E+04
8	8	Q(5)	2.24E+05
8	8	P(6)	1.41E+05
8	8	R(5)	8.70E+04
8	8	Q(6)	2.24E+05
8	8	P(7)	1.37E+05
8	8	R(6)	9.09E+04
8	8	Q(7)	2.25E+05
8	8	P(8)	1.34E+05
8	8	R(7)	9.41E+04
8	8	Q(8)	2.26E+05
8	8	P(9)	1.31E+05
8	8	R(8)	9.68E+04
8	8	Q(9)	2.27E+05
8	8	P(10)	1.30E+05
8	8	R(9)	9.92E+04
8	8	Q(10)	2.28E+05
8	8	P(11)	1.29E+05
8	8	R(10)	1.01E+05
8	8	Q(11)	2.30E+05
8	8	P(12)	1.28E+05
8	8	R(11)	1.03E+05
8	8	Q(12)	2.31E+05
8	8	P(13)	1.27E+05
8	8	R(12)	1.05E+05
8	8	Q(13)	2.33E+05
8	8	P(14)	1.27E+05
8	8	R(13)	1.07E+05
8	8	Q(14)	2.34E+05
8	8	P(15)	1.27E+05
8	8	R(14)	1.08E+05
8	8	Q(15)	2.36E+05
8	8	P(16)	1.27E+05
8	8	R(15)	1.10E+05
8	8	Q(16)	2.38E+05
8	8	P(17)	1.27E+05
8	8	R(16)	1.12E+05
8	8	Q(17)	2.40E+05
8	8	P(18)	1.27E+05
8	8	R(17)	1.13E+05
8	8	Q(18)	2.41E+05
8	8	P(19)	1.28E+05
8	8	R(18)	1.15E+05
8	8	Q(19)	2.44E+05
8	8	P(20)	1.28E+05
8	8	R(19)	1.16E+05
8	8	Q(20)	2.46E+05
8	8	P(21)	1.29E+05
8	8	R(20)	1.18E+05
8	8	Q(21)	2.48E+05
8	8	P(22)	1.29E+05
8	8	R(21)	1.20E+05
8	8	Q(22)	2.50E+05
8	8	P(23)	1.30E+05
8	8	R(22)	1.21E+05
8	8	Q(23)	2.52E+05
8	8	P(24)	1.31E+05
8	8	R(23)	1.23E+05
8	8	Q(24)	2.55E+05
8	8	P(25)	1.32E+05
8	8	R(24)	1.24E+05
8	8	Q(25)	2.57E+05
8	8	P(26)	1.32E+05
8	8	R(25)	1.26E+05
8	8	Q(26)	2.60E+05
8	8	P(27)	1.33E+05
8	8	R(26)	1.27E+05
8	8	Q(27)	2.62E+05
8	8	P(28)	1.34E+05
8	8	R(27)	1.29E+05
8	8	Q(28)	2.65E+05
8	8	P(29)	1.35E+05
8	8	R(28)	1.30E+05
8	8	Q(29)	2.67E+05
8	8	P(30)	1.36E+05
8	8	R(29)	1.32E+05
8	8	Q(30)	2.69E+05
8	8	P(31)	1.37E+05
8	8	R(30)	1.33E+05
8	8	Q(31)	2.72E+05
8	8	P(32)	1.38E+05
8	8	R(31)	1.34E+05
8	8	Q(32)	2.74E+05
8	8	P(33)	1.39E+05
8	8	R(32)	1.36E+05
8	8	Q(33)	2.77E+05
8	8	P(34)	1.40E+05
8	8	R(33)	1.37E+05
8	8	Q(34)	2.79E+05
8	8	P(35)	1.41E+05
8	8	R(34)	1.38E+05
8	8	Q(35)	2.81E+05
8	8	P(36)	1.42E+05
8	8	R(35)	1.39E+05
8	8	Q(36)	2.83E+05
8	8	P(37)	1.43E+05
8	8	R(36)	1.40E+05
8	8	Q(37)	2.85E+05
8	8	P(38)	1.44E+05
8	8	R(37)	1.41E+05
8	8	Q(38)	2.87E+05
8	8	P(39)	1.45E+05
8	8	R(38)	1.42E+05
8	8	Q(39)	2.88E+05
8	8	P(40)	1.46E+05
8	8	R(39)	1.43E+05
8	8	Q(40)	2.90E+05
8	8	P(41)	1.46E+05
8	8	R(40)	1.43E+05
8	8	Q(41)	2.91E+05
8	8	P(42)	1.47E+05
8	8	R(41)	1.44E+05
8	8	Q(42)	2.92E+05
8	8	P(43)	1.48E+05
8	8	R(42)	1.44E+05
8	8	Q(43)	2.93E+05
8	8	P(44)	1.48E+05
8	8	R(43)	1.44E+05
8	8	Q(44)	2.93E+05
8	8	P(45)	1.48E+05
8	8	R(44)	1.44E+05
8	8	Q(45)	2.93E+05
8	8	P(46)	1.48E+05
8	8	R(45)	1.44E+05
8	8	Q(46)	2.93E+05
8	8	P(47)	1.48E+05
8	8	R(46)	1.43E+05
8	8	Q(47)	2.92E+05
8	8	P(48)	1.48E+05
8	8	R(47)	1.43E+05
8	8	Q(48)	2.91E+05
8	8	P(49)	1.48E+05
8	8	R(48)	1.42E+05
8	8	Q(49)	2.90E+05
8	8	P(50)	1.47E+05
8	8	R(49)	1.41E+05
8	8	Q(50)	2.88E+05
8	8	P(51)	1.47E+05
8	8	R(50)	1.40E+05
8	8	Q(51)	2.86E+05
8	8	P(52)	1.46E+05
8	8	R(51)	1.38E+05
8	8	Q(52)	2.83E+05
8	8	P(53)	1.44E+05
8	8	R(52)	1.36E+05
8	8	Q(53)	2.80E+05
8	8	P(54)	1.43E+05
8	8	R(53)	1.34E+05
8	8	Q(54)	2.76E+05
8	8	P(55)	1.41E+05
8	8	R(54)	1.32E+05
8	8	Q(55)	2.72E+05
8	8	P(56)	1.39E+05
8	8	R(55)	1.29E+05
8	8	Q(56)	2.67E+05
8	8	P(57)	1.37E+05
8	8	R(56)	1.26E+05
8	8	Q(57)	2.61E+05
8	8	P(58)	1.35E+05
8	8	R(57)	1.23E+05
8	8	Q(58)	2.55E+05
8	8	P(59)	1.32E+05
8	8	R(58)	1.19E+05
8	8	Q(59)	2.49E+05
8	8	P(60)	1.29E+05
8	8	R(59)	1.16E+05
8	8	Q(60)	2.42E+05
8	8	P(61)	1.26E+05
8	8	R(60)	1.11E+05
8	8	Q(61)	2.34E+05
8	8	P(62)	1.22E+05
8	8	R(61)	1.07E+05
8	8	Q(62)	2.26E+05
8	8	P(63)	1.19E+05
8	8	R(62)	1.03E+05
8	8	Q(63)	2.18E+05
8	8	P(64)	1.15E+05
8	8	R(63)	9.80E+04
8	8	Q(64)	2.08E+05
8	8	P(65)	1.10E+05
8	8	R(65)	8.80E+04
8	8	Q(66)	1.89E+05
8	8	P(67)	1.01E+05
8	8	R(66)	8.28E+04
8	8	Q(67)	1.79E+05
8	8	P(68)	9.59E+04
8	8	R(67)	7.74E+04
8	8	Q(68)	1.68E+05
8	8	P(69)	9.07E+04
8	8	R(68)	7.20E+04
8	8	Q(69)	1.57E+05
8	8	P(70)	8.54E+04
8	8	R(69)	6.65E+04
8	8	Q(70)	1.46E+05
8	8	P(71)	8.00E+04
8	8	R(70)	4.49E-63
8	8	Q(71)	2.08E-62
8	8	P(72)	2.10E-62
8	8	R(71)	5.56E+04
8	8	Q(72)	1.24E+05
8	8	P(73)	6.88E+04
8	8	R(72)	5.03E+04
8	8	Q(73)	1.13E+05
8	8	P(74)	6.32E+04
8	8	R(73)	4.50E+04
8	8	Q(74)	1.02E+05
8	8	P(75)	5.76E+04
8	8	R(74)	3.99E+04
8	8	Q(75)	9.17E+04
8	8	P(76)	5.21E+04
8	8	R(75)	3.50E+04
8	8	Q(76)	8.13E+04
8	8	P(77)	4.67E+04
8	8	R(76)	3.04E+04
8	8	Q(77)	7.14E+04
8	8	P(78)	4.14E+04
8	8	R(77)	2.60E+04
8	8	Q(78)	6.19E+04
8	8	P(79)	3.64E+04
8	8	R(78)	2.20E+04
8	8	Q(79)	5.30E+04
8	8	P(80)	3.15E+04
8	8	R(79)	1.82E+04
8	8	Q(80)	4.47E+04
8	8	P(81)	2.70E+04
8	8	R(80)	1.49E+04
8	8	Q(81)	3.71E+04
8	8	P(82)	2.28E+04
8	8	R(81)	1.19E+04
8	8	Q(82)	3.02E+04
8	8	P(83)	1.89E+04
8	8	R(82)	9.25E+03
8	8	Q(83)	2.41E+04
8	8	P(84)	1.54E+04
8	8	R(83)	7.01E+03
8	8	Q(84)	1.88E+04
8	8	P(85)	1.23E+04
8	8	R(84)	5.14E+03
8	8	Q(85)	1.42E+04
8	8	P(86)	9.56E+03
8	8	R(85)	3.63E+03
8	8	Q(86)	1.04E+04
8	8	P(87)	7.23E+03
8	8	R(86)	2.44E+03
8	8	Q(87)	7.34E+03
8	8	P(88)	5.29E+03
8	8	R(87)	1.55E+03
8	8	Q(88)	4.93E+03
8	8	P(89)	3.72E+03
8	8	R(88)	9.11E+02
8	8	Q(89)	3.11E+03
8	8	P(90)	2.49E+03
8	8	R(89)	4.85E+02
8	8	Q(90)	1.82E+03
8	8	P(91)	1.57E+03
8	8	R(90)	2.24E+02
8	8	Q(91)	9.62E+02
8	8	P(92)	9.12E+02
8	8	R(91)	8.39E+01
8	8	Q(92)	4.40E+02
8	8	P(93)	4.78E+02
8	8	R(92)	2.20E+01
8	8	Q(93)	1.62E+02
8	8	P(94)	2.16E+02
8	8	R(93)	2.72E+00
8	8	Q(94)	4.09E+01
8	8	P(95)	7.78E+01
8	8	R(94)	1.83E-02
8	8	Q(95)	4.66E+00
8	8	P(96)	1.90E+01
8	8	R(95)	4.35E-02
8	8	Q(96)	1.68E-02
8	8	P(97)	1.98E+00
8	8	R(96)	3.67E+00
8	8	Q(97)	1.60E-01
8	8	P(98)	3.03E-03
8	8	R(97)	2.78E+01
8	8	Q(98)	9.19E+00
8	8	P(99)	1.36E-01
8	8	R(98)	1.05E+02
8	8	Q(99)	6.47E+01
9	9	R(0)	0.00E+00
9	9	Q(1)	2.33E+05
9	9	P(2)	2.34E+05
9	9	R(1)	4.65E+04
9	9	Q(2)	2.33E+05
9	9	P(3)	1.87E+05
9	9	R(2)	6.63E+04
9	9	Q(3)	2.33E+05
9	9	P(4)	1.67E+05
9	9	R(3)	7.71E+04
9	9	Q(4)	2.32E+05
9	9	P(5)	1.55E+05
9	9	R(4)	8.38E+04
9	9	Q(5)	2.31E+05
9	9	P(6)	1.48E+05
9	9	R(5)	8.82E+04
9	9	Q(6)	2.30E+05
9	9	P(7)	1.42E+05
9	9	R(6)	9.12E+04
9	9	Q(7)	2.29E+05
9	9	P(8)	1.38E+05
9	9	R(7)	9.33E+04
9	9	Q(8)	2.28E+05
9	9	P(9)	1.35E+05
9	9	R(8)	9.47E+04
9	9	Q(9)	2.26E+05
9	9	P(10)	1.32E+05
9	9	R(9)	9.56E+04
9	9	Q(10)	2.25E+05
9	9	P(11)	1.29E+05
9	9	R(10)	9.62E+04
9	9	Q(11)	2.23E+05
9	9	P(12)	1.27E+05
9	9	R(11)	9.64E+04
9	9	Q(12)	2.21E+05
9	9	P(13)	1.25E+05
9	9	R(12)	9.64E+04
9	9	Q(13)	2.19E+05
9	9	P(14)	1.23E+05
9	9	R(13)	9.61E+04
9	9	Q(14)	2.17E+05
9	9	P(15)	1.21E+05
9	9	R(14)	9.57E+04
9	9	Q(15)	2.14E+05
9	9	P(16)	1.19E+05
9	9	R(15)	9.50E+04
9	9	Q(16)	2.12E+05
9	9	P(17)	1.17E+05
9	9	R(16)	9.42E+04
9	9	Q(17)	2.09E+05
9	9	P(18)	1.15E+05
9	9	R(17)	9.32E+04
9	9	Q(18)	2.06E+05
9	9	P(19)	1.13E+05
9	9	R(18)	9.21E+04
9	9	Q(19)	2.03E+05
9	9	P(20)	1.11E+05
9	9	R(19)	9.09E+04
9	9	Q(20)	2.00E+05
9	9	P(21)	1.09E+05
9	9	R(20)	8.95E+04
9	9	Q(21)	1.96E+05
9	9	P(22)	1.07E+05
9	9	R(21)	8.80E+04
9	9	Q(22)	1.93E+05
9	9	P(23)	1.05E+05
9	9	R(22)	8.64E+04
9	9	Q(23)	1.89E+05
9	9	P(24)	1.03E+05
9	9	R(23)	8.47E+04
9	9	Q(24)	1.85E+05
9	9	P(25)	1.00E+05
9	9	R(24)	8.28E+04
9	9	Q(25)	1.81E+05
9	9	P(26)	9.82E+04
9	9	R(25)	8.09E+04
9	9	Q(26)	1.76E+05
9	9	P(27)	9.58E+04
9	9	R(26)	7.89E+04
9	9	Q(27)	1.72E+05
9	9	P(28)	9.34E+04
9	9	R(27)	7.68E+04
9	9	Q(28)	1.67E+05
9	9	P(29)	9.09E+04
9	9	R(28)	7.45E+04
9	9	Q(29)	1.63E+05
9	9	P(30)	8.83E+04
9	9	R(29)	7.22E+04
9	9	Q(30)	1.58E+05
9	9	P(31)	8.57E+04
9	9	R(30)	6.99E+04
9	9	Q(31)	1.53E+05
9	9	P(32)	8.30E+04
9	9	R(31)	6.74E+04
9	9	Q(32)	1.47E+05
9	9	P(33)	8.03E+04
9	9	R(32)	6.49E+04
9	9	Q(33)	1.42E+05
9	9	P(34)	7.75E+04
9	9	R(33)	6.23E+04
9	9	Q(34)	1.37E+05
9	9	P(35)	7.47E+04
9	9	R(34)	5.97E+04
9	9	Q(35)	1.31E+05
9	9	P(36)	7.18E+04
9	9	R(35)	5.70E+04
9	9	Q(36)	1.25E+05
9	9	P(37)	6.88E+04
9	9	R(36)	5.43E+04
9	9	Q(37)	1.20E+05
9	9	P(38)	6.59E+04
9	9	R(37)	5.16E+04
9	9	Q(38)	1.14E+05
9	9	P(39)	6.29E+04
9	9	R(38)	4.88E+04
9	9	Q(39)	1.08E+05
9	9	P(40)	5.98E+04
9	9	R(39)	4.60E+04
9	9	Q(40)	1.02E+05
9	9	P(41)	5.68E+04
9	9	R(40)	4.32E+04
9	9	Q(41)	9.66E+04
9	9	P(42)	5.37E+04
9	9	R(41)	4.05E+04
9	9	Q(42)	9.07E+04
9	9	P(43)	5.07E+04
9	9	R(42)	3.77E+04
9	9	Q(43)	8.49E+04
9	9	P(44)	4.76E+04
9	9	R(43)	3.50E+04
9	9	Q(44)	7.92E+04
9	9	P(45)	4.46E+04
9	9	R(44)	3.23E+04
9	9	Q(45)	7.35E+04
9	9	P(46)	4.16E+04
9	9	R(45)	2.97E+04
9	9	Q(46)	6.79E+04
9	9	P(47)	3.86E+04
9	9	R(46)	2.71E+04
9	9	Q(47)	6.24E+04
9	9	P(48)	3.57E+04
9	9	R(47)	2.46E+04
9	9	Q(48)	5.70E+04
9	9	P(49)	3.28E+04
9	9	R(48)	2.22E+04
9	9	Q(49)	5.18E+04
9	9	P(50)	3.00E+04
9	9	R(49)	1.99E+04
9	9	Q(50)	4.68E+04
9	9	P(51)	2.73E+04
9	9	R(50)	1.77E+04
9	9	Q(51)	4.20E+04
9	9	P(52)	2.47E+04
9	9	R(51)	1.56E+04
9	9	Q(52)	3.74E+04
9	9	P(53)	2.22E+04
9	9	R(52)	1.37E+04
9	9	Q(53)	3.30E+04
9	9	P(54)	1.97E+04
9	9	R(53)	1.18E+04
9	9	Q(54)	2.89E+04
9	9	P(55)	1.75E+04
9	9	R(54)	1.01E+04
9	9	Q(55)	2.50E+04
9	9	P(56)	1.53E+04
9	9	R(56)	1.92E-54
9	9	Q(57)	5.29E-54
9	9	P(58)	3.57E-54
9	9	R(57)	5.89E+03
9	9	Q(58)	1.52E+04
9	9	P(59)	9.70E+03
9	9	R(58)	4.76E+03
9	9	Q(59)	1.26E+04
9	9	P(60)	8.13E+03
9	9	R(59)	3.78E+03
9	9	Q(60)	1.02E+04
9	9	P(61)	6.72E+03
9	9	R(60)	2.93E+03
9	9	Q(61)	8.10E+03
9	9	P(62)	5.46E+03
9	9	R(61)	2.22E+03
9	9	Q(62)	6.30E+03
9	9	P(63)	4.36E+03
9	9	R(62)	1.63E+03
9	9	Q(63)	4.78E+03
9	9	P(64)	3.41E+03
9	9	R(63)	7.82E-56
9	9	Q(64)	1.30E-55
9	9	P(65)	5.26E-56
9	9	R(65)	5.02E+02
9	9	Q(66)	1.71E+03
9	9	P(67)	1.38E+03
9	9	R(66)	3.01E+02
9	9	Q(67)	1.11E+03
9	9	P(68)	9.48E+02
9	9	R(67)	1.65E+02
9	9	Q(68)	6.74E+02
9	9	P(69)	6.20E+02
9	9	R(68)	8.03E+01
9	9	Q(69)	3.75E+02
9	9	P(70)	3.80E+02
9	9	R(69)	3.25E+01
9	9	Q(70)	1.85E+02
9	9	P(71)	2.15E+02
9	9	R(70)	9.76E+00
9	9	Q(71)	7.72E+01
9	9	P(72)	1.08E+02
9	9	R(71)	1.65E+00
9	9	Q(72)	2.44E+01
9	9	P(73)	4.66E+01
9	9	R(72)	4.95E-02
9	9	Q(73)	4.60E+00
9	9	P(74)	1.55E+01
9	9	R(73)	5.54E-04
9	9	Q(74)	2.11E-01
9	9	P(75)	3.25E+00
9	9	R(74)	3.38E-01
9	9	Q(75)	3.07E-03
9	9	P(76)	2.14E-01
9	9	R(75)	4.27E+00
9	9	Q(76)	4.23E-01
9	9	P(77)	1.48E-03
9	9	R(76)	1.98E+01
9	9	Q(77)	6.86E+00
9	9	P(78)	1.13E-01
9	9	R(77)	6.02E+01
9	9	Q(78)	3.46E+01
9	9	P(79)	2.62E+00
9	9	R(78)	1.44E+02
9	9	Q(79)	1.10E+02
9	9	P(80)	1.47E+01
9	9	R(79)	2.93E+02
9	9	Q(80)	2.68E+02
9	9	P(81)	4.90E+01
9	9	R(80)	5.37E+02
9	9	Q(81)	5.58E+02
9	9	P(82)	1.24E+02
9	9	R(81)	9.06E+02
9	9	Q(82)	1.03E+03
9	9	P(83)	2.62E+02
9	9	R(82)	1.43E+03
9	9	Q(83)	1.76E+03
9	9	P(84)	4.92E+02
9	9	R(83)	2.15E+03
9	9	Q(84)	2.80E+03
9	9	P(85)	8.46E+02
9	9	R(84)	3.08E+03
9	9	Q(85)	4.21E+03
9	9	P(86)	1.36E+03
9	9	R(85)	4.26E+03
9	9	Q(86)	6.07E+03
9	9	P(87)	2.06E+03
9	9	R(86)	5.70E+03
9	9	Q(87)	8.42E+03
9	9	P(88)	2.98E+03
9	9	R(87)	7.40E+03
9	9	Q(88)	1.13E+04
9	9	P(89)	4.14E+03
9	9	R(88)	9.35E+03
9	9	Q(89)	1.47E+04
9	9	P(90)	5.56E+03
9	9	R(89)	1.15E+04
9	9	Q(90)	1.85E+04
9	9	P(91)	7.23E+03
9	9	R(90)	1.38E+04
9	9	Q(91)	2.28E+04
9	9	P(92)	9.14E+03
9	9	R(91)	1.62E+04
9	9	Q(92)	2.73E+04
9	9	P(93)	1.12E+04
9	9	R(92)	1.86E+04
9	9	Q(93)	3.20E+04
9	9	P(94)	1.35E+04
9	9	R(93)	2.08E+04
9	9	Q(94)	3.66E+04
9	9	P(95)	1.57E+04
9	9	R(94)	2.28E+04
9	9	Q(95)	4.07E+04
9	9	P(96)	1.79E+04
9	9	R(95)	2.42E+04
9	9	Q(96)	4.41E+04
9	9	P(97)	1.98E+04
9	9	R(96)	2.50E+04
9	9	Q(97)	4.64E+04
9	9	P(98)	2.12E+04
9	9	R(97)	2.49E+04
9	9	Q(98)	4.72E+04
9	9	P(99)	2.20E+04
9	9	R(98)	2.39E+04
9	9	Q(99)	4.62E+04
10	10	R(0)	0.00E+00
10	10	Q(1)	8.26E+03
10	10	P(2)	8.35E+03
10	10	R(1)	1.62E+03
10	10	Q(2)	8.20E+03
10	10	P(3)	6.66E+03
10	10	R(2)	2.28E+03
10	10	Q(3)	8.11E+03
10	10	P(4)	5.91E+03
10	10	R(3)	2.61E+03
10	10	Q(4)	7.99E+03
10	10	P(5)	5.47E+03
10	10	R(4)	2.78E+03
10	10	Q(5)	7.84E+03
10	10	P(6)	5.15E+03
10	10	R(5)	2.86E+03
10	10	Q(6)	7.67E+03
10	10	P(7)	4.89E+03
10	10	R(6)	2.88E+03
10	10	Q(7)	7.47E+03
10	10	P(8)	4.67E+03
10	10	R(7)	2.86E+03
10	10	Q(8)	7.24E+03
10	10	P(9)	4.47E+03
10	10	R(8)	2.80E+03
10	10	Q(9)	6.99E+03
10	10	P(10)	4.27E+03
10	10	R(9)	2.73E+03
10	10	Q(10)	6.72E+03
10	10	P(11)	4.08E+03
10	10	R(10)	2.63E+03
10	10	Q(11)	6.44E+03
10	10	P(12)	3.88E+03
10	10	R(11)	2.52E+03
10	10	Q(12)	6.13E+03
10	10	P(13)	3.69E+03
10	10	R(12)	2.40E+03
10	10	Q(13)	5.81E+03
10	10	P(14)	3.50E+03
10	10	R(13)	2.27E+03
10	10	Q(14)	5.49E+03
10	10	P(15)	3.30E+03
10	10	R(14)	2.13E+03
10	10	Q(15)	5.15E+03
10	10	P(16)	3.10E+03
10	10	R(15)	1.98E+03
10	10	Q(16)	4.81E+03
10	10	P(17)	2.90E+03
10	10	R(16)	1.83E+03
10	10	Q(17)	4.46E+03
10	10	P(18)	2.70E+03
10	10	R(17)	1.68E+03
10	10	Q(18)	4.11E+03
10	10	P(19)	2.50E+03
10	10	R(18)	1.53E+03
10	10	Q(19)	3.77E+03
10	10	P(20)	2.30E+03
10	10	R(19)	1.39E+03
10	10	Q(20)	3.43E+03
10	10	P(21)	2.11E+03
10	10	R(20)	1.24E+03
10	10	Q(21)	3.09E+03
10	10	P(22)	1.92E+03
10	10	R(21)	1.10E+03
10	10	Q(22)	2.77E+03
10	10	P(23)	1.73E+03
10	10	R(22)	9.70E+02
10	10	Q(23)	2.46E+03
10	10	P(24)	1.55E+03
10	10	R(23)	8.43E+02
10	10	Q(24)	2.16E+03
10	10	P(25)	1.38E+03
10	10	R(24)	7.24E+02
10	10	Q(25)	1.88E+03
10	10	P(26)	1.21E+03
10	10	R(25)	6.14E+02
10	10	Q(26)	1.62E+03
10	10	P(27)	1.06E+03
10	10	R(26)	5.13E+02
10	10	Q(27)	1.37E+03
10	10	P(28)	9.11E+02
10	10	R(27)	4.21E+02
10	10	Q(28)	1.15E+03
10	10	P(29)	7.77E+02
10	10	R(28)	3.40E+02
10	10	Q(29)	9.49E+02
10	10	P(30)	6.53E+02
10	10	R(29)	2.68E+02
10	10	Q(30)	7.68E+02
10	10	P(31)	5.41E+02
10	10	R(30)	2.07E+02
10	10	Q(31)	6.10E+02
10	10	P(32)	4.40E+02
10	10	R(31)	1.55E+02
10	10	Q(32)	4.73E+02
10	10	P(33)	3.52E+02
10	10	R(32)	1.12E+02
10	10	Q(33)	3.57E+02
10	10	P(34)	2.75E+02
10	10	R(33)	7.78E+01
10	10	Q(34)	2.61E+02
10	10	P(35)	2.09E+02
10	10	R(34)	5.14E+01
10	10	Q(35)	1.83E+02
10	10	P(36)	1.55E+02
10	10	R(35)	3.19E+01
10	10	Q(36)	1.23E+02
10	10	P(37)	1.10E+02
10	10	R(36)	1.82E+01
10	10	Q(37)	7.79E+01
10	10	P(38)	7.54E+01
10	10	R(37)	9.29E+00
10	10	Q(38)	4.57E+01
10	10	P(39)	4.88E+01
10	10	R(38)	4.03E+00
10	10	Q(39)	2.42E+01
10	10	P(40)	2.95E+01
10	10	R(39)	1.34E+00
10	10	Q(40)	1.11E+01
10	10	P(41)	1.63E+01
10	10	R(40)	2.75E-01
10	10	Q(41)	4.07E+00
10	10	P(42)	7.90E+00
10	10	R(41)	1.47E-02
10	10	Q(42)	1.01E+00
10	10	P(43)	3.18E+00
10	10	R(42)	1.12E-03
10	10	Q(43)	9.94E-02
10	10	P(44)	9.35E-01
10	10	R(43)	6.24E-03
10	10	Q(44)	4.11E-04
10	10	P(45)	1.45E-01
10	10	R(44)	2.27E-01
10	10	Q(45)	4.84E-04
10	10	P(46)	1.84E-03
10	10	R(45)	1.38E+00
10	10	Q(46)	2.19E-01
10	10	P(47)	7.91E-04
10	10	R(46)	1.21E-47
10	10	Q(47)	1.36E-47
10	10	P(48)	3.33E-48
10	10	R(47)	2.35E-51
10	10	Q(48)	3.29E-51
10	10	P(49)	1.09E-51
10	10	R(48)	2.77E+01
10	10	Q(49)	2.00E+01
10	10	P(50)	2.38E+00
10	10	R(49)	5.38E+01
10	10	Q(50)	4.60E+01
10	10	P(51)	7.40E+00
10	10	R(50)	9.59E+01
10	10	Q(51)	9.23E+01
10	10	P(52)	1.81E+01
10	10	R(51)	1.60E+02
10	10	Q(52)	1.68E+02
10	10	P(53)	3.79E+01
10	10	R(52)	2.53E+02
10	10	Q(53)	2.86E+02
10	10	P(54)	7.13E+01
10	10	R(53)	3.83E+02
10	10	Q(54)	4.58E+02
10	10	P(55)	1.24E+02
10	10	R(54)	5.59E+02
10	10	Q(55)	7.02E+02
10	10	P(56)	2.02E+02
10	10	R(56)	1.09E+03
10	10	Q(57)	1.48E+03
10	10	P(58)	4.70E+02
10	10	R(57)	1.47E+03
10	10	Q(58)	2.06E+03
10	10	P(59)	6.79E+02
10	10	R(58)	1.95E+03
10	10	Q(59)	2.79E+03
10	10	P(60)	9.52E+02
10	10	R(59)	2.53E+03
10	10	Q(60)	3.71E+03
10	10	P(61)	1.30E+03
10	10	R(60)	3.23E+03
10	10	Q(61)	4.84E+03
10	10	P(62)	1.74E+03
10	10	R(61)	4.06E+03
10	10	Q(62)	6.20E+03
10	10	P(63)	2.28E+03
10	10	R(62)	5.04E+03
10	10	Q(63)	7.82E+03
10	10	P(64)	2.94E+03
10	10	R(63)	6.16E+03
10	10	Q(64)	9.73E+03
10	10	P(65)	3.73E+03
10	10	R(65)	8.89E+03
10	10	Q(66)	1.45E+04
10	10	P(67)	5.74E+03
10	10	R(66)	1.05E+04
10	10	Q(67)	1.73E+04
10	10	P(68)	6.97E+03
10	10	R(67)	1.23E+04
10	10	Q(68)	2.05E+04
10	10	P(69)	8.37E+03
10	10	R(68)	1.42E+04
10	10	Q(69)	2.40E+04
10	10	P(70)	9.94E+03
10	10	R(69)	1.62E+04
10	10	Q(70)	2.78E+04
10	10	P(71)	1.17E+04
10	10	R(70)	1.84E+04
10	10	Q(71)	3.18E+04
10	10	P(72)	1.35E+04
10	10	R(71)	2.06E+04
10	10	Q(72)	3.61E+04
10	10	P(73)	1.55E+04
10	10	R(72)	2.29E+04
10	10	Q(73)	4.05E+04
10	10	P(74)	1.76E+04
10	10	R(73)	2.52E+04
10	10	Q(74)	4.50E+04
10	10	P(75)	1.98E+04
10	10	R(74)	2.74E+04
10	10	Q(75)	4.95E+04
10	10	P(76)	2.20E+04
10	10	R(75)	2.95E+04
10	10	Q(76)	5.38E+04
10	10	P(77)	2.42E+04
10	10	R(76)	3.14E+04
10	10	Q(77)	5.79E+04
10	10	P(78)	2.63E+04
10	10	R(77)	3.30E+04
10	10	Q(78)	6.16E+04
10	10	P(79)	2.83E+04
10	10	R(78)	3.43E+04
10	10	Q(79)	6.47E+04
10	10	P(80)	3.01E+04
10	10	R(79)	3.52E+04
10	10	Q(80)	6.72E+04
10	10	P(81)	3.16E+04
10	10	R(80)	3.57E+04
10	10	Q(81)	6.89E+04
10	10	P(82)	3.28E+04
10	10	R(81)	3.57E+04
10	10	Q(82)	6.96E+04
10	10	P(83)	3.35E+04
10	10	R(82)	3.51E+04
10	10	Q(83)	6.93E+04
10	10	P(84)	3.38E+04
10	10	R(83)	3.39E+04
10	10	Q(84)	6.78E+04
10	10	P(85)	3.35E+04
10	10	R(84)	3.22E+04
10	10	Q(85)	6.52E+04
10	10	P(86)	3.26E+04
10	10	R(85)	2.99E+04
10	10	Q(86)	6.14E+04
10	10	P(87)	3.12E+04
10	10	R(86)	2.71E+04
10	10	Q(87)	5.66E+04
10	10	P(88)	2.91E+04
10	10	R(87)	2.39E+04
10	10	Q(88)	5.07E+04
10	10	P(89)	2.65E+04
10	10	R(88)	2.04E+04
10	10	Q(89)	4.41E+04
10	10	P(90)	2.35E+04
10	10	R(89)	1.68E+04
10	10	Q(90)	3.69E+04
10	10	P(91)	2.00E+04
10	10	R(90)	1.31E+04
10	10	Q(91)	2.95E+04
10	10	P(92)	1.64E+04
10	10	R(91)	9.64E+03
10	10	Q(92)	2.23E+04
10	10	P(93)	1.27E+04
10	10	R(92)	6.61E+03
10	10	Q(93)	1.57E+04
10	10	P(94)	9.20E+03
10	10	R(93)	4.18E+03
10	10	Q(94)	1.03E+04
10	10	P(95)	6.25E+03
10	10	R(95)	1.31E+03
10	10	Q(96)	3.61E+03
10	10	P(97)	2.41E+03
11	11	R(0)	0.00E+00
11	11	Q(1)	2.80E+03
11	11	P(2)	2.76E+03
11	11	R(1)	5.73E+02
11	11	Q(2)	2.82E+03
11	11	P(3)	2.21E+03
11	11	R(2)	8.36E+02
11	11	Q(3)	2.86E+03
11	11	P(4)	1.99E+03
11	11	R(3)	1.00E+03
11	11	Q(4)	2.92E+03
11	11	P(5)	1.88E+03
11	11	R(4)	1.12E+03
11	11	Q(5)	2.99E+03
11	11	P(6)	1.82E+03
11	11	R(5)	1.23E+03
11	11	Q(6)	3.07E+03
11	11	P(7)	1.80E+03
11	11	R(6)	1.33E+03
11	11	Q(7)	3.18E+03
11	11	P(8)	1.80E+03
11	11	R(7)	1.43E+03
11	11	Q(8)	3.29E+03
11	11	P(9)	1.82E+03
11	11	R(8)	1.53E+03
11	11	Q(9)	3.43E+03
11	11	P(10)	1.86E+03
11	11	R(9)	1.64E+03
11	11	Q(10)	3.59E+03
11	11	P(11)	1.91E+03
11	11	R(10)	1.76E+03
11	11	Q(11)	3.77E+03
11	11	P(12)	1.97E+03
11	11	R(11)	1.88E+03
11	11	Q(12)	3.97E+03
11	11	P(13)	2.04E+03
11	11	R(12)	2.02E+03
11	11	Q(13)	4.20E+03
11	11	P(14)	2.13E+03
11	11	R(13)	2.17E+03
11	11	Q(14)	4.45E+03
11	11	P(15)	2.24E+03
11	11	R(14)	2.34E+03
11	11	Q(15)	4.73E+03
11	11	P(16)	2.35E+03
11	11	R(15)	2.52E+03
11	11	Q(16)	5.05E+03
11	11	P(17)	2.49E+03
11	11	R(16)	2.72E+03
11	11	Q(17)	5.40E+03
11	11	P(18)	2.64E+03
11	11	R(17)	2.94E+03
11	11	Q(18)	5.79E+03
11	11	P(19)	2.81E+03
11	11	R(18)	3.18E+03
11	11	Q(19)	6.22E+03
11	11	P(20)	3.00E+03
11	11	R(19)	3.45E+03
11	11	Q(20)	6.70E+03
11	11	P(21)	3.21E+03
11	11	R(20)	3.74E+03
11	11	Q(21)	7.23E+03
11	11	P(22)	3.44E+03
11	11	R(21)	4.07E+03
11	11	Q(22)	7.81E+03
11	11	P(23)	3.70E+03
11	11	R(22)	4.42E+03
11	11	Q(23)	8.45E+03
11	11	P(24)	3.98E+03
11	11	R(23)	4.81E+03
11	11	Q(24)	9.15E+03
11	11	P(25)	4.29E+03
11	11	R(24)	5.24E+03
11	11	Q(25)	9.92E+03
11	11	P(26)	4.64E+03
11	11	R(25)	5.70E+03
11	11	Q(26)	1.08E+04
11	11	P(27)	5.02E+03
11	11	R(26)	6.21E+03
11	11	Q(27)	1.17E+04
11	11	P(28)	5.43E+03
11	11	R(27)	6.77E+03
11	11	Q(28)	1.27E+04
11	11	P(29)	5.89E+03
11	11	R(28)	7.37E+03
11	11	Q(29)	1.38E+04
11	11	P(30)	6.39E+03
11	11	R(29)	8.02E+03
11	11	Q(30)	1.50E+04
11	11	P(31)	6.93E+03
11	11	R(30)	8.73E+03
11	11	Q(31)	1.63E+04
11	11	P(32)	7.52E+03
11	11	R(31)	9.50E+03
11	11	Q(32)	1.77E+04
11	11	P(33)	8.16E+03
11	11	R(32)	1.03E+04
11	11	Q(33)	1.92E+04
11	11	P(34)	8.86E+03
11	11	R(33)	1.12E+04
11	11	Q(34)	2.09E+04
11	11	P(35)	9.61E+03
11	11	R(34)	1.22E+04
11	11	Q(35)	2.26E+04
11	11	P(36)	1.04E+04
11	11	R(35)	1.07E-44
11	11	Q(36)	2.06E-44
11	11	P(37)	9.85E-45
11	11	R(38)	1.67E+04
11	11	Q(39)	3.10E+04
11	11	P(40)	1.43E+04
11	11	R(39)	1.79E+04
11	11	Q(40)	3.35E+04
11	11	P(41)	1.55E+04
11	11	R(40)	1.93E+04
11	11	Q(41)	3.61E+04
11	11	P(42)	1.67E+04
11	11	R(41)	2.07E+04
11	11	Q(42)	3.88E+04
11	11	P(43)	1.79E+04
11	11	R(42)	2.22E+04
11	11	Q(43)	4.16E+04
11	11	P(44)	1.93E+04
11	11	R(43)	2.37E+04
11	11	Q(44)	4.45E+04
11	11	P(45)	2.07E+04
11	11	R(44)	2.53E+04
11	11	Q(45)	4.76E+04
11	11	P(46)	2.21E+04
11	11	R(45)	3.13E-48
11	11	Q(46)	6.69E-48
11	11	P(47)	3.57E-48
11	11	R(46)	2.86E+04
11	11	Q(47)	5.39E+04
11	11	P(48)	2.52E+04
11	11	R(47)	3.02E+04
11	11	Q(48)	5.72E+04
11	11	P(49)	2.68E+04
11	11	R(48)	3.18E+04
11	11	Q(49)	6.04E+04
11	11	P(50)	2.84E+04
11	11	R(49)	3.35E+04
11	11	Q(50)	6.37E+04
11	11	P(51)	3.00E+04
11	11	R(50)	3.51E+04
11	11	Q(51)	6.69E+04
11	11	P(52)	3.17E+04
11	11	R(51)	3.66E+04
11	11	Q(52)	7.01E+04
11	11	P(53)	3.33E+04
11	11	R(52)	3.80E+04
11	11	Q(53)	7.31E+04
11	11	P(54)	3.48E+04
11	11	R(53)	3.94E+04
11	11	Q(54)	7.60E+04
11	11	P(55)	3.63E+04
11	11	R(54)	4.06E+04
11	11	Q(55)	7.87E+04
11	11	P(56)	3.78E+04
11	11	R(56)	4.26E+04
11	11	Q(57)	8.31E+04
11	11	P(58)	4.03E+04
11	11	R(57)	4.32E+04
11	11	Q(58)	8.49E+04
11	11	P(59)	4.13E+04
11	11	R(58)	4.37E+04
11	11	Q(59)	8.61E+04
11	11	P(60)	4.21E+04
11	11	R(59)	4.39E+04
11	11	Q(60)	8.70E+04
11	11	P(61)	4.28E+04
11	11	R(60)	4.38E+04
11	11	Q(61)	8.73E+04
11	11	P(62)	4.32E+04
11	11	R(61)	4.34E+04
11	11	Q(62)	8.70E+04
11	11	P(63)	4.33E+04
11	11	R(62)	4.27E+04
11	11	Q(63)	8.61E+04
11	11	P(64)	4.31E+04
11	11	R(63)	4.17E+04
11	11	Q(64)	8.47E+04
11	11	P(65)	4.27E+04
11	11	R(65)	3.87E+04
11	11	Q(66)	7.97E+04
11	11	P(67)	4.08E+04
11	11	R(66)	3.67E+04
11	11	Q(67)	7.63E+04
11	11	P(68)	3.93E+04
11	11	R(67)	3.45E+04
11	11	Q(68)	7.23E+04
11	11	P(69)	3.76E+04
11	11	R(68)	3.20E+04
11	11	Q(69)	6.77E+04
11	11	P(70)	3.55E+04
11	11	R(69)	2.93E+04
11	11	Q(70)	6.27E+04
11	11	P(71)	3.32E+04
11	11	R(70)	2.65E+04
11	11	Q(71)	5.72E+04
11	11	P(72)	3.06E+04
11	11	R(71)	2.35E+04
11	11	Q(72)	5.14E+04
11	11	P(73)	2.78E+04
11	11	R(72)	2.05E+04
11	11	Q(73)	4.54E+04
11	11	P(74)	2.49E+04
11	11	R(73)	1.75E+04
11	11	Q(74)	3.94E+04
11	11	P(75)	2.19E+04
11	11	R(74)	1.46E+04
11	11	Q(75)	3.34E+04
11	11	P(76)	1.88E+04
11	11	R(75)	1.19E+04
11	11	Q(76)	2.76E+04
11	11	P(77)	1.58E+04
11	11	R(76)	9.33E+03
11	11	Q(77)	2.22E+04
11	11	P(78)	1.30E+04
11	11	R(77)	7.07E+03
11	11	Q(78)	1.72E+04
11	11	P(79)	1.03E+04
11	11	R(78)	5.12E+03
11	11	Q(79)	1.28E+04
11	11	P(80)	7.87E+03
11	11	R(79)	3.50E+03
11	11	Q(80)	9.08E+03
11	11	P(81)	5.75E+03
11	11	R(80)	2.23E+03
11	11	Q(81)	6.04E+03
11	11	P(82)	3.97E+03
11	11	R(81)	1.30E+03
11	11	Q(82)	3.71E+03
11	11	P(83)	2.55E+03
11	11	R(82)	6.65E+02
11	11	Q(83)	2.04E+03
11	11	P(84)	1.49E+03
11	11	R(83)	2.85E+02
11	11	Q(84)	9.68E+02
11	11	P(85)	7.70E+02
11	11	R(84)	9.29E+01
11	11	Q(85)	3.71E+02
11	11	P(86)	3.34E+02
11	11	R(85)	1.89E+01
11	11	Q(86)	1.02E+02
11	11	P(87)	1.13E+02
11	11	R(86)	1.32E+00
11	11	Q(87)	1.50E+01
11	11	P(88)	2.52E+01
11	11	R(87)	3.34E-05
11	11	Q(88)	3.00E-01
11	11	P(89)	2.15E+00
12	12	R(0)	0.00E+00
12	12	Q(1)	9.37E+04
12	12	P(2)	9.35E+04
12	12	R(1)	1.88E+04
12	12	Q(2)	9.38E+04
12	12	P(3)	7.48E+04
12	12	R(2)	2.69E+04
12	12	Q(3)	9.39E+04
12	12	P(4)	6.68E+04
12	12	R(3)	3.15E+04
12	12	Q(4)	9.41E+04
12	12	P(5)	6.24E+04
12	12	R(4)	3.45E+04
12	12	Q(5)	9.44E+04
12	12	P(6)	5.97E+04
12	12	R(5)	3.66E+04
12	12	Q(6)	9.46E+04
12	12	P(7)	5.78E+04
12	12	R(6)	3.82E+04
12	12	Q(7)	9.49E+04
12	12	P(8)	5.65E+04
12	12	R(7)	3.96E+04
12	12	Q(8)	9.53E+04
12	12	P(9)	5.55E+04
12	12	R(8)	4.06E+04
12	12	Q(9)	9.57E+04
12	12	P(10)	5.48E+04
12	12	R(9)	4.16E+04
12	12	Q(10)	9.61E+04
12	12	P(11)	5.43E+04
12	12	R(10)	4.24E+04
12	12	Q(11)	9.65E+04
12	12	P(12)	5.39E+04
12	12	R(11)	4.32E+04
12	12	Q(12)	9.70E+04
12	12	P(13)	5.36E+04
12	12	R(17)	1.82E-39
12	12	Q(18)	3.94E-39
12	12	P(19)	2.11E-39
12	12	R(18)	4.97E-41
12	12	Q(19)	1.07E-40
12	12	P(20)	5.74E-41
12	12	R(23)	4.87E+04
12	12	Q(24)	1.02E+05
12	12	P(25)	5.35E+04
12	12	R(24)	4.89E+04
12	12	Q(25)	1.02E+05
12	12	P(26)	5.35E+04
12	12	R(25)	4.90E+04
12	12	Q(26)	1.03E+05
12	12	P(27)	5.34E+04
12	12	R(26)	4.90E+04
12	12	Q(27)	1.03E+05
12	12	P(28)	5.34E+04
12	12	R(27)	4.90E+04
12	12	Q(28)	1.02E+05
12	12	P(29)	5.33E+04
12	12	R(28)	4.89E+04
12	12	Q(29)	1.02E+05
12	12	P(30)	5.31E+04
12	12	R(29)	4.88E+04
12	12	Q(30)	1.02E+05
12	12	P(31)	5.29E+04
12	12	R(30)	4.85E+04
12	12	Q(31)	1.01E+05
12	12	P(32)	5.26E+04
12	12	R(31)	4.82E+04
12	12	Q(32)	1.01E+05
12	12	P(33)	5.22E+04
12	12	R(32)	4.78E+04
12	12	Q(33)	9.96E+04
12	12	P(34)	5.18E+04
12	12	R(33)	2.88E-45
12	12	Q(34)	6.72E-45
12	12	P(35)	3.91E-45
12	12	R(34)	6.62E-43
12	12	Q(35)	1.59E-42
12	12	P(36)	9.47E-43
12	12	R(35)	4.58E+04
12	12	Q(36)	9.58E+04
12	12	P(37)	4.99E+04
12	12	R(38)	4.28E+04
12	12	Q(39)	8.99E+04
12	12	P(40)	4.70E+04
12	12	R(39)	4.15E+04
12	12	Q(40)	8.75E+04
12	12	P(41)	4.59E+04
12	12	R(40)	4.02E+04
12	12	Q(41)	8.48E+04
12	12	P(42)	4.46E+04
12	12	R(41)	3.87E+04
12	12	Q(42)	8.19E+04
12	12	P(43)	4.32E+04
12	12	R(42)	3.71E+04
12	12	Q(43)	7.88E+04
12	12	P(44)	4.16E+04
12	12	R(43)	3.54E+04
12	12	Q(44)	7.54E+04
12	12	P(45)	4.00E+04
12	12	R(44)	3.35E+04
12	12	Q(45)	7.18E+04
12	12	P(46)	3.82E+04
12	12	R(45)	3.16E+04
12	12	Q(46)	6.80E+04
12	12	P(47)	3.64E+04
12	12	R(46)	2.96E+04
12	12	Q(47)	6.41E+04
12	12	P(48)	3.44E+04
12	12	R(47)	2.76E+04
12	12	Q(48)	5.99E+04
12	12	P(49)	3.24E+04
12	12	R(48)	2.55E+04
12	12	Q(49)	5.57E+04
12	12	P(50)	3.03E+04
12	12	R(49)	2.34E+04
12	12	Q(50)	5.14E+04
12	12	P(51)	2.81E+04
12	12	R(50)	2.12E+04
12	12	Q(51)	4.70E+04
12	12	P(52)	2.58E+04
12	12	R(51)	1.91E+04
12	12	Q(52)	4.26E+04
12	12	P(53)	2.36E+04
12	12	R(52)	1.70E+04
12	12	Q(53)	3.82E+04
12	12	P(54)	2.13E+04
12	12	R(53)	1.49E+04
12	12	Q(54)	3.39E+04
12	12	P(55)	1.91E+04
12	12	R(54)	1.29E+04
12	12	Q(55)	2.97E+04
12	12	P(56)	1.69E+04
12	12	R(56)	9.28E+03
12	12	Q(57)	2.19E+04
12	12	P(58)	1.27E+04
12	12	R(57)	7.65E+03
12	12	Q(58)	1.83E+04
12	12	P(59)	1.08E+04
12	12	R(58)	6.17E+03
12	12	Q(59)	1.50E+04
12	12	P(60)	9.01E+03
12	12	R(59)	4.86E+03
12	12	Q(60)	1.20E+04
12	12	P(61)	7.36E+03
12	12	R(60)	3.71E+03
12	12	Q(61)	9.41E+03
12	12	P(62)	5.87E+03
12	12	R(61)	2.74E+03
12	12	Q(62)	7.14E+03
12	12	P(63)	4.56E+03
12	12	R(62)	1.94E+03
12	12	Q(63)	5.22E+03
12	12	P(64)	3.43E+03
12	12	R(63)	1.31E+03
12	12	Q(64)	3.66E+03
12	12	P(65)	2.48E+03
12	12	R(65)	4.86E+02
12	12	Q(66)	1.51E+03
12	12	P(67)	1.13E+03
12	12	R(66)	2.55E+02
12	12	Q(67)	8.62E+02
12	12	P(68)	6.86E+02
12	12	R(67)	1.15E+02
12	12	Q(68)	4.37E+02
12	12	P(69)	3.80E+02
12	12	R(68)	4.13E+01
12	12	Q(69)	1.87E+02
12	12	P(70)	1.85E+02
12	12	R(69)	9.89E+00
12	12	Q(70)	6.14E+01
12	12	P(71)	7.48E+01
12	12	R(70)	9.78E-01
12	12	Q(71)	1.24E+01
12	12	P(72)	2.22E+01
12	12	R(71)	8.86E-04
12	12	Q(72)	7.64E-01
12	12	P(73)	3.63E+00
12	12	R(72)	9.72E-02
12	12	Q(73)	5.71E-04
12	12	P(74)	1.07E-01
12	12	R(73)	3.38E+00
12	12	Q(74)	7.68E-01
12	12	P(75)	1.05E-03
12	12	R(74)	2.07E+01
12	12	Q(75)	1.26E+01
12	12	P(76)	1.07E+00
12	12	R(75)	6.94E+01
12	12	Q(76)	6.17E+01
12	12	P(77)	1.07E+01
12	12	R(76)	1.69E+02
12	12	Q(77)	1.85E+02
12	12	P(78)	4.43E+01
12	12	R(77)	3.42E+02
12	12	Q(78)	4.27E+02
12	12	P(79)	1.22E+02
12	12	R(78)	6.21E+02
12	12	Q(79)	8.52E+02
12	12	P(80)	2.75E+02
13	13	R(0)	0.00E+00
13	13	Q(1)	4.26E+04
13	13	P(2)	4.28E+04
13	13	R(1)	8.46E+03
13	13	Q(2)	4.25E+04
13	13	P(3)	3.42E+04
13	13	R(2)	1.20E+04
13	13	Q(3)	4.22E+04
13	13	P(4)	3.04E+04
13	13	R(3)	1.39E+04
13	13	Q(4)	4.19E+04
13	13	P(5)	2.82E+04
13	13	R(4)	1.49E+04
13	13	Q(5)	4.15E+04
13	13	P(6)	2.67E+04
13	13	R(5)	1.56E+04
13	13	Q(6)	4.10E+04
13	13	P(7)	2.55E+04
13	13	R(6)	1.59E+04
13	13	Q(7)	4.04E+04
13	13	P(8)	2.46E+04
13	13	R(7)	1.61E+04
13	13	Q(8)	3.97E+04
13	13	P(9)	2.38E+04
13	13	R(8)	1.61E+04
13	13	Q(9)	3.90E+04
13	13	P(10)	2.30E+04
13	13	R(9)	1.60E+04
13	13	Q(10)	3.82E+04
13	13	P(11)	2.23E+04
13	13	R(10)	1.59E+04
13	13	Q(11)	3.73E+04
13	13	P(12)	2.16E+04
13	13	R(11)	1.56E+04
13	13	Q(12)	3.63E+04
13	13	P(13)	2.09E+04
13	13	R(12)	1.87E-44
13	13	Q(13)	5.16E-44
13	13	P(14)	3.53E-44
13	13	R(12)	1.87E-44
13	13	Q(13)	5.16E-44
13	13	P(14)	3.53E-44
13	13	R(13)	1.69E-44
13	13	Q(14)	4.91E-44
13	13	P(15)	3.54E-44
13	13	R(13)	1.69E-44
13	13	Q(14)	4.91E-44
13	13	P(15)	3.54E-44
13	13	R(14)	1.71E-44
13	13	Q(15)	5.50E-44
13	13	P(16)	4.33E-44
13	13	R(14)	1.71E-44
13	13	Q(15)	5.50E-44
13	13	P(16)	4.33E-44
13	13	R(15)	1.49E-44
13	13	Q(16)	6.38E-44
13	13	P(17)	6.36E-44
13	13	R(15)	1.49E-44
13	13	Q(16)	6.38E-44
13	13	P(17)	6.36E-44
13	13	R(16)	2.86E-43
13	13	Q(17)	3.80E-42
13	13	P(18)	7.24E-42
13	13	R(16)	2.86E-43
13	13	Q(17)	3.80E-42
13	13	P(18)	7.24E-42
13	13	R(17)	1.29E+04
13	13	Q(18)	2.92E+04
13	13	P(19)	1.65E+04
13	13	R(18)	1.23E+04
13	13	Q(19)	2.79E+04
13	13	P(20)	1.57E+04
13	13	R(23)	9.06E+03
13	13	Q(24)	2.06E+04
13	13	P(25)	1.17E+04
13	13	R(24)	8.38E+03
13	13	Q(25)	1.91E+04
13	13	P(26)	1.09E+04
13	13	R(25)	7.71E+03
13	13	Q(26)	1.76E+04
13	13	P(27)	1.01E+04
13	13	R(26)	7.04E+03
13	13	Q(27)	1.62E+04
13	13	P(28)	9.27E+03
13	13	R(27)	6.38E+03
13	13	Q(28)	1.47E+04
13	13	P(29)	8.48E+03
13	13	R(28)	5.74E+03
13	13	Q(29)	1.33E+04
13	13	P(30)	7.70E+03
13	13	R(29)	5.11E+03
13	13	Q(30)	1.19E+04
13	13	P(31)	6.95E+03
13	13	R(30)	4.51E+03
13	13	Q(31)	1.06E+04
13	13	P(32)	6.22E+03
13	13	R(31)	3.94E+03
13	13	Q(32)	9.35E+03
13	13	P(33)	5.52E+03
13	13	R(32)	3.41E+03
13	13	Q(33)	8.15E+03
13	13	P(34)	4.85E+03
13	13	R(33)	2.90E+03
13	13	Q(34)	7.02E+03
13	13	P(35)	4.22E+03
13	13	R(34)	2.44E+03
13	13	Q(35)	5.97E+03
13	13	P(36)	3.62E+03
13	13	R(35)	2.02E+03
13	13	Q(36)	5.00E+03
13	13	P(37)	3.08E+03
13	13	R(38)	1.01E+03
13	13	Q(39)	2.65E+03
13	13	P(40)	1.71E+03
13	13	R(39)	7.65E+02
13	13	Q(40)	2.05E+03
13	13	P(41)	1.35E+03
13	13	R(40)	5.59E+02
13	13	Q(41)	1.54E+03
13	13	P(42)	1.04E+03
13	13	R(41)	3.93E+02
13	13	Q(42)	1.12E+03
13	13	P(43)	7.79E+02
13	13	R(42)	2.63E+02
13	13	Q(43)	7.81E+02
13	13	P(44)	5.64E+02
13	13	R(43)	1.65E+02
13	13	Q(44)	5.18E+02
13	13	P(45)	3.92E+02
13	13	R(44)	9.63E+01
13	13	Q(45)	3.23E+02
13	13	P(46)	2.58E+02
13	13	R(45)	5.04E+01
13	13	Q(46)	1.86E+02
13	13	P(47)	1.60E+02
13	13	R(46)	2.28E+01
13	13	Q(47)	9.58E+01
13	13	P(48)	9.10E+01
13	13	R(47)	8.16E+00
13	13	Q(48)	4.22E+01
13	13	P(49)	4.62E+01
13	13	R(48)	1.96E+00
13	13	Q(49)	1.45E+01
13	13	P(50)	1.99E+01
13	13	R(49)	1.88E-01
13	13	Q(50)	3.22E+00
13	13	P(51)	6.61E+00
13	13	R(50)	2.60E-06
13	13	Q(51)	2.50E-01
13	13	P(52)	1.37E+00
13	13	R(51)	1.52E-02
13	13	Q(52)	6.34E-04
13	13	P(53)	8.57E-02
13	13	R(52)	6.99E-01
13	13	Q(53)	6.96E-02
13	13	P(54)	5.83E-04
13	13	R(53)	4.66E+00
13	13	Q(54)	1.97E+00
13	13	P(55)	6.28E-02
13	13	R(54)	1.68E+01
13	13	Q(55)	1.17E+01
13	13	P(56)	1.31E+00
13	13	R(56)	9.74E+01
13	13	Q(57)	1.03E+02
13	13	P(58)	2.35E+01
13	13	R(57)	1.87E+02
13	13	Q(58)	2.21E+02
13	13	P(59)	5.87E+01
13	13	R(58)	3.25E+02
13	13	Q(59)	4.16E+02
13	13	P(60)	1.23E+02
13	13	R(59)	5.23E+02
13	13	Q(60)	7.14E+02
13	13	P(61)	2.29E+02
13	13	R(60)	7.92E+02
13	13	Q(61)	1.14E+03
13	13	P(62)	3.88E+02
13	13	R(61)	1.14E+03
13	13	Q(62)	1.70E+03
13	13	P(63)	6.10E+02
13	13	R(62)	1.55E+03
13	13	Q(63)	2.40E+03
13	13	P(64)	9.00E+02
13	13	R(63)	2.03E+03
13	13	Q(64)	3.24E+03
13	13	P(65)	1.26E+03
13	13	R(65)	3.06E+03
13	13	Q(66)	5.16E+03
13	13	P(67)	2.12E+03
13	13	R(66)	3.56E+03
13	13	Q(67)	6.14E+03
13	13	P(68)	2.60E+03
13	13	R(67)	4.04E+03
13	13	Q(68)	7.13E+03
13	13	P(69)	3.08E+03
13	13	R(68)	4.55E+03
13	13	Q(69)	8.18E+03
13	13	P(70)	3.62E+03
14	14	R(0)	0.00E+00
14	14	Q(1)	1.69E-01
14	14	P(2)	1.96E-01
14	14	R(1)	2.45E-02
14	14	Q(2)	1.45E-01
14	14	P(3)	1.46E-01
14	14	R(2)	2.48E-02
14	14	Q(3)	1.13E-01
14	14	P(4)	1.12E-01
14	14	R(3)	1.77E-02
14	14	Q(4)	7.92E-02
14	14	P(5)	8.23E-02
14	14	R(4)	9.66E-03
14	14	Q(5)	4.80E-02
14	14	P(6)	5.56E-02
14	14	R(5)	3.59E-03
14	14	Q(6)	2.35E-02
14	14	P(7)	3.31E-02
14	14	R(6)	5.51E-04
14	14	Q(7)	7.87E-03
14	14	P(8)	1.62E-02
14	14	R(7)	3.39E-05
14	14	Q(8)	9.78E-04
14	14	P(9)	5.62E-03
14	14	R(8)	5.04E-04
14	14	Q(9)	1.59E-04
14	14	P(10)	8.35E-04
14	14	R(9)	4.21E-04
14	14	Q(10)	1.27E-03
14	14	P(11)	4.16E-05
14	14	R(10)	3.98E-05
14	14	Q(11)	8.78E-04
14	14	P(12)	6.72E-04
14	14	R(11)	4.21E-03
14	14	Q(12)	2.02E-04
14	14	P(13)	5.64E-04
14	14	R(12)	2.64E-02
14	14	Q(13)	1.12E-02
14	14	P(14)	4.14E-05
14	14	R(13)	9.43E-02
14	14	Q(14)	6.50E-02
14	14	P(15)	5.12E-03
14	14	R(14)	2.57E-01
14	14	Q(15)	2.24E-01
14	14	P(16)	3.20E-02
14	14	R(15)	5.94E-01
14	14	Q(16)	5.98E-01
14	14	P(17)	1.13E-01
14	14	R(16)	1.23E+00
14	14	Q(17)	1.36E+00
14	14	P(18)	3.07E-01
14	14	R(17)	2.33E+00
14	14	Q(18)	2.77E+00
14	14	P(19)	7.03E-01
14	14	R(18)	4.16E+00
14	14	Q(19)	5.23E+00
14	14	P(20)	1.44E+00
14	14	R(23)	4.04E+01
14	14	Q(24)	5.93E+01
14	14	P(25)	2.05E+01
14	14	R(24)	5.84E+01
14	14	Q(25)	8.74E+01
14	14	P(26)	3.10E+01
14	14	R(25)	8.28E+01
14	14	Q(26)	1.26E+02
14	14	P(27)	4.56E+01
14	14	R(26)	1.15E+02
14	14	Q(27)	1.78E+02
14	14	P(28)	6.57E+01
14	14	R(27)	1.57E+02
14	14	Q(28)	2.47E+02
14	14	P(29)	9.28E+01
14	14	R(28)	2.12E+02
14	14	Q(29)	3.36E+02
14	14	P(30)	1.29E+02
14	14	R(29)	2.81E+02
14	14	Q(30)	4.51E+02
14	14	P(31)	1.75E+02
14	14	R(30)	3.67E+02
14	14	Q(31)	5.97E+02
14	14	P(32)	2.35E+02
14	14	R(31)	4.75E+02
14	14	Q(32)	7.79E+02
14	14	P(33)	3.10E+02
14	14	R(32)	6.06E+02
14	14	Q(33)	1.00E+03
14	14	P(34)	4.05E+02
14	14	R(33)	7.65E+02
14	14	Q(34)	1.28E+03
14	14	P(35)	5.22E+02
14	14	R(34)	9.56E+02
14	14	Q(35)	1.61E+03
14	14	P(36)	6.64E+02
14	14	R(35)	1.18E+03
14	14	Q(36)	2.01E+03
14	14	P(37)	8.36E+02
14	14	R(38)	2.10E+03
14	14	Q(39)	3.66E+03
14	14	P(40)	1.56E+03
14	14	R(39)	2.50E+03
14	14	Q(40)	4.38E+03
14	14	P(41)	1.89E+03
14	14	R(40)	2.94E+03
14	14	Q(41)	5.20E+03
14	14	P(42)	2.26E+03
14	14	R(41)	3.43E+03
14	14	Q(42)	6.11E+03
14	14	P(43)	2.68E+03
14	14	R(42)	3.96E+03
14	14	Q(43)	7.10E+03
14	14	P(44)	3.14E+03
14	14	R(43)	4.53E+03
14	14	Q(44)	8.18E+03
14	14	P(45)	3.64E+03
14	14	R(44)	5.13E+03
14	14	Q(45)	9.32E+03
14	14	P(46)	4.18E+03
14	14	R(45)	5.74E+03
14	14	Q(46)	1.05E+04
14	14	P(47)	4.75E+03
14	14	R(46)	6.35E+03
14	14	Q(47)	1.17E+04
14	14	P(48)	5.34E+03
14	14	R(47)	6.95E+03
14	14	Q(48)	1.29E+04
14	14	P(49)	5.92E+03
14	14	R(48)	7.50E+03
14	14	Q(49)	1.40E+04
14	14	P(50)	6.49E+03
14	14	R(49)	7.97E+03
14	14	Q(50)	1.50E+04
14	14	P(51)	7.01E+03
14	14	R(50)	8.34E+03
14	14	Q(51)	1.59E+04
14	14	P(52)	7.46E+03
14	14	R(51)	8.58E+03
14	14	Q(52)	1.64E+04
14	14	P(53)	7.80E+03
14	14	R(52)	8.65E+03
14	14	Q(53)	1.67E+04
14	14	P(54)	8.00E+03
14	14	R(53)	8.55E+03
14	14	Q(54)	1.67E+04
14	14	P(55)	8.05E+03
14	14	R(54)	8.29E+03
14	14	Q(55)	1.63E+04
14	14	P(56)	7.96E+03
14	14	R(56)	7.42E+03
14	14	Q(57)	1.49E+04
14	14	P(58)	7.43E+03
14	14	R(57)	6.97E+03
14	14	Q(58)	1.42E+04
14	14	P(59)	7.14E+03
15	15	R(0)	0.00E+00
15	15	Q(1)	1.84E+04
15	15	P(2)	1.83E+04
15	15	R(1)	3.70E+03
15	15	Q(2)	1.84E+04
15	15	P(3)	1.47E+04
15	15	R(2)	5.33E+03
15	15	Q(3)	1.85E+04
15	15	P(4)	1.31E+04
15	15	R(3)	6.27E+03
15	15	Q(4)	1.87E+04
15	15	P(5)	1.23E+04
15	15	R(4)	6.92E+03
15	15	Q(5)	1.88E+04
15	15	P(6)	1.18E+04
15	15	R(5)	7.40E+03
15	15	Q(6)	1.90E+04
15	15	P(7)	1.15E+04
15	15	R(6)	7.80E+03
15	15	Q(7)	1.92E+04
15	15	P(8)	1.13E+04
15	15	R(7)	8.15E+03
15	15	Q(8)	1.95E+04
15	15	P(9)	1.12E+04
15	15	R(8)	8.47E+03
15	15	Q(9)	1.98E+04
15	15	P(10)	1.12E+04
15	15	R(9)	8.77E+03
15	15	Q(10)	2.01E+04
15	15	P(11)	1.12E+04
15	15	R(10)	9.05E+03
15	15	Q(11)	2.04E+04
15	15	P(12)	1.13E+04
15	15	R(11)	9.33E+03
15	15	Q(12)	2.07E+04
15	15	P(13)	1.13E+04
15	15	R(12)	9.61E+03
15	15	Q(13)	2.11E+04
15	15	P(14)	1.14E+04
15	15	R(13)	9.89E+03
15	15	Q(14)	2.15E+04
15	15	P(15)	1.16E+04
15	15	R(14)	1.02E+04
15	15	Q(15)	2.19E+04
15	15	P(16)	1.17E+04
15	15	R(15)	1.04E+04
15	15	Q(16)	2.24E+04
15	15	P(17)	1.18E+04
15	15	R(16)	1.07E+04
15	15	Q(17)	2.28E+04
15	15	P(18)	1.20E+04
15	15	R(17)	1.10E+04
15	15	Q(18)	2.32E+04
15	15	P(19)	1.22E+04
15	15	R(18)	1.12E+04
15	15	Q(19)	2.37E+04
15	15	P(20)	1.24E+04
15	15	R(23)	1.23E+04
15	15	Q(24)	2.56E+04
15	15	P(25)	1.32E+04
15	15	R(24)	1.25E+04
15	15	Q(25)	2.58E+04
15	15	P(26)	1.33E+04
15	15	R(25)	1.26E+04
15	15	Q(26)	2.60E+04
15	15	P(27)	1.34E+04
15	15	R(26)	1.26E+04
15	15	Q(27)	2.61E+04
15	15	P(28)	1.34E+04
15	15	R(27)	1.26E+04
15	15	Q(28)	2.62E+04
15	15	P(29)	1.34E+04
15	15	R(28)	1.26E+04
15	15	Q(29)	2.61E+04
15	15	P(30)	1.34E+04
15	15	R(29)	1.25E+04
15	15	Q(30)	2.59E+04
15	15	P(31)	1.33E+04
15	15	R(30)	1.23E+04
15	15	Q(31)	2.55E+04
15	15	P(32)	1.31E+04
15	15	R(31)	1.21E+04
15	15	Q(32)	2.50E+04
15	15	P(33)	1.29E+04
15	15	R(32)	1.17E+04
15	15	Q(33)	2.44E+04
15	15	P(34)	1.26E+04
15	15	R(33)	1.13E+04
15	15	Q(34)	2.36E+04
15	15	P(35)	1.22E+04
15	15	R(34)	1.08E+04
15	15	Q(35)	2.26E+04
15	15	P(36)	1.17E+04
15	15	R(35)	1.02E+04
15	15	Q(36)	2.14E+04
15	15	P(37)	1.11E+04
15	15	R(38)	7.97E+03
15	15	Q(39)	1.69E+04
15	15	P(40)	8.92E+03
15	15	R(39)	7.13E+03
15	15	Q(40)	1.52E+04
15	15	P(41)	8.07E+03
15	15	R(40)	6.27E+03
15	15	Q(41)	1.35E+04
15	15	P(42)	7.19E+03
15	15	R(41)	5.44E+03
15	15	Q(42)	1.17E+04
15	15	P(43)	6.32E+03
15	15	R(42)	4.65E+03
15	15	Q(43)	1.01E+04
15	15	P(44)	5.49E+03
15	15	R(43)	3.93E+03
15	15	Q(44)	8.65E+03
15	15	P(45)	4.73E+03
15	15	R(44)	3.30E+03
15	15	Q(45)	7.34E+03
15	15	P(46)	4.06E+03
16	16	R(0)	0.00E+00
16	16	Q(1)	9.56E+03
16	16	P(2)	9.60E+03
16	16	R(1)	1.89E+03
16	16	Q(2)	9.48E+03
16	16	P(3)	7.63E+03
16	16	R(2)	2.66E+03
16	16	Q(3)	9.36E+03
16	16	P(4)	6.74E+03
16	16	R(3)	3.04E+03
16	16	Q(4)	9.20E+03
16	16	P(5)	6.19E+03
16	16	R(4)	3.24E+03
16	16	Q(5)	9.00E+03
16	16	P(6)	5.79E+03
16	16	R(5)	3.33E+03
16	16	Q(6)	8.76E+03
16	16	P(7)	5.47E+03
16	16	R(6)	3.35E+03
16	16	Q(7)	8.49E+03
16	16	P(8)	5.17E+03
16	16	R(7)	3.31E+03
16	16	Q(8)	8.18E+03
16	16	P(9)	4.90E+03
16	16	R(8)	3.24E+03
16	16	Q(9)	7.84E+03
16	16	P(10)	4.63E+03
16	16	R(9)	3.13E+03
16	16	Q(10)	7.47E+03
16	16	P(11)	4.37E+03
16	16	R(10)	3.00E+03
16	16	Q(11)	7.07E+03
16	16	P(12)	4.10E+03
16	16	R(11)	2.84E+03
16	16	Q(12)	6.65E+03
16	16	P(13)	3.83E+03
16	16	R(12)	2.67E+03
16	16	Q(13)	6.21E+03
16	16	P(14)	3.56E+03
16	16	R(13)	2.49E+03
16	16	Q(14)	5.75E+03
16	16	P(15)	3.29E+03
16	16	R(14)	2.29E+03
16	16	Q(15)	5.28E+03
16	16	P(16)	3.02E+03
16	16	R(15)	2.09E+03
16	16	Q(16)	4.81E+03
16	16	P(17)	2.74E+03
16	16	R(16)	1.89E+03
16	16	Q(17)	4.34E+03
16	16	P(18)	2.47E+03
16	16	R(17)	1.69E+03
16	16	Q(18)	3.87E+03
16	16	P(19)	2.21E+03
16	16	R(18)	1.49E+03
16	16	Q(19)	3.42E+03
16	16	P(20)	1.95E+03
16	16	R(23)	6.39E+02
16	16	Q(24)	1.50E+03
16	16	P(25)	8.82E+02
16	16	R(24)	5.14E+02
16	16	Q(25)	1.22E+03
16	16	P(26)	7.23E+02
16	16	R(25)	4.05E+02
16	16	Q(26)	9.73E+02
16	16	P(27)	5.82E+02
16	16	R(26)	3.09E+02
16	16	Q(27)	7.53E+02
16	16	P(28)	4.57E+02