0.800 	122424.8843
0.805 	117025.9181
0.810 	111816.0751
0.815 	106789.7736
0.820 	101941.5912
0.825 	97266.2597
0.830 	92758.6613
0.835 	88413.82409
0.840 	84226.91798
0.845 	80193.25066
0.850 	76308.26375
0.855 	72567.52897
0.860 	68966.74449
0.865 	65501.73132
0.870 	62168.42984
0.875 	58962.89644
0.880 	55881.3002
0.885 	52919.91972
0.890 	50075.14002
0.895 	47343.44949
0.900 	44721.437
0.905 	42205.78902
0.910 	39793.28686
0.915 	37480.80399
0.920 	35265.30341
0.925 	33143.83512
0.930 	31113.53363
0.935 	29171.6156
0.940 	27315.37745
0.945 	25542.19314
0.950 	23849.51197
0.955 	22234.85639
0.960 	20695.81998
0.965 	19230.06539
0.970 	17835.32238
0.975 	16509.38595
0.980 	15250.11442
0.985 	14055.42768
0.990 	12923.30543
0.995 	11851.78548
1.000 	10838.96206
1.005 	9882.984266
1.010 	8982.054483
1.015 	8134.426853
1.020 	7338.405816
1.025 	6592.344676
1.030 	5894.64421
1.035 	5243.751319
1.040 	4638.157713
1.045 	4076.398636
1.050 	3557.051628
1.055 	3078.735319
1.060 	2640.108263
1.065 	2239.867798
1.070 	1876.748945
1.075 	1549.523332
1.080 	1256.998157
1.085 	998.0151703
1.090 	771.4496938
1.095 	576.2096659
1.100 	411.2347119
1.105 	275.4952429
1.110 	167.9915795
1.115 	87.75310076
1.120 	33.83741719
1.125 	5.329567635
1.130 	1.34123883
1.135 	21.01000729
1.140 	63.49860286
1.145 	127.9941932
1.150 	213.7076887
1.155 	319.8730675
1.160 	445.7467191
1.165 	590.6068076
1.170 	753.7526524
1.175 	934.5041268
1.180 	1132.201074
1.185 	1346.202739
1.190 	1575.887219
1.195 	1820.650925
1.200 	2079.908064
1.205 	2353.090132
1.210 	2639.645425
1.215 	2939.038558
1.220 	3250.750007
1.225 	3574.275655
1.230 	3909.126355
1.235 	4254.827508
1.240 	4610.918645
1.245 	4976.953033
1.250 	5352.49728
1.255 	5737.130959
1.260 	6130.446239
1.265 	6532.04753
1.270 	6941.551135
1.275 	7358.584911
1.280 	7782.787947
1.285 	8213.81024
1.290 	8651.312388
1.295 	9094.965292
1.300 	9544.449862
1.305 	9999.456734
1.310 	10459.686
1.315 	10924.84692
1.320 	11394.65769
1.325 	11868.84519
1.330 	12347.14469
1.335 	12829.29969
1.340 	13315.06161
1.345 	13804.18963
1.350 	14296.45042
1.355 	14791.61796
1.360 	15289.47333
1.365 	15789.8045
1.370 	16292.40612
1.375 	16797.07939
1.380 	17303.63179
1.385 	17811.87698
1.390 	18321.63459
1.395 	18832.73003
1.400 	19344.99437
1.405 	19858.26418
1.410 	20372.38131
1.415 	20887.19282
1.420 	21402.5508
1.425 	21918.31222
1.430 	22434.33879
1.435 	22950.49685
1.440 	23466.65722
1.445 	23982.69509
1.450 	24498.48986
1.455 	25013.92507
1.460 	25528.88825
1.465 	26043.27082
1.470 	26556.96796
1.475 	27069.87855
1.480 	27581.90501
1.485 	28092.95324
1.490 	28602.93249
1.495 	29111.7553
1.500 	29619.33739
1.505 	30125.59755
1.510 	30630.45759
1.515 	31133.84222
1.520 	31635.67899
1.525 	32135.89821
1.530 	32634.43286
1.535 	33131.21852
1.540 	33626.19328
1.545 	34119.29771
1.550 	34610.47473
1.555 	35099.66961
1.560 	35586.82985
1.565 	36071.90513
1.570 	36554.84726
1.575 	37035.61011
1.580 	37514.14956
1.585 	37990.42342
1.590 	38464.3914
1.595 	38936.01503
1.600 	39405.25765
1.605 	39872.08431
1.610 	40336.46174
1.615 	40798.35831
1.620 	41257.74397
1.625 	41714.59021
1.630 	42168.87001
1.635 	42620.55781
1.640 	43069.62945
1.645 	43516.06213
1.650 	43959.83441
1.655 	44400.92609
1.660 	44839.31826
1.665 	45274.99321
1.670 	45707.93439
1.675 	46138.12642
1.680 	46565.55502
1.685 	46990.20697
1.690 	47412.07012
1.695 	47831.13331
1.700 	48247.38637
1.705 	48660.82008
1.710 	49071.42615
1.715 	49479.19719
1.720 	49884.12665
1.725 	50286.20885
1.730 	50685.43892
1.735 	51081.81277
1.740 	51475.32709
1.745 	51865.97931
1.750 	52253.76756
1.755 	52638.6907
1.760 	53020.74823
1.765 	53399.94034
1.770 	53776.26781
1.775 	54149.73207
1.780 	54520.33512
1.785 	54888.07955
1.790 	55252.96849
1.795 	55615.00562
1.800 	55974.19513
1.805 	56330.54171
1.810 	56684.05054
1.815 	57034.72727
1.820 	57382.57801
1.825 	57727.60928
1.830 	58069.82807
1.835 	58409.24172
1.840 	58745.85802
1.845 	59079.68509
1.850 	59410.73145
1.855 	59739.00597
1.860 	60064.51785
1.865 	60387.27661
1.870 	60707.29211
1.875 	61024.5745
1.880 	61339.13422
1.885 	61650.982
1.890 	61960.12883
1.895 	62266.58597
1.900 	62570.36492
1.905 	62871.47744
1.910 	63169.93549
1.915 	63465.75127
1.920 	63758.93719
1.925 	64049.50586
1.930 	64337.47008
1.935 	64622.84284
1.940 	64905.63729
1.945 	65185.86678
1.950 	65463.5448
1.955 	65738.68499
1.960 	66011.30114
1.965 	66281.40719
1.970 	66549.01719
1.975 	66814.14533
1.980 	67076.80591
1.985 	67337.01335
1.990 	67594.78217
1.995 	67850.12698
2.000 	68103.06249
2.005 	68353.60351
2.010 	68601.7649
2.015 	68847.56163
2.020 	69091.00873
2.025 	69332.12128
2.030 	69570.91442
2.035 	69807.40338
2.040 	70041.60341
2.045 	70273.5298
2.050 	70503.19791
2.055 	70730.62311
2.060 	70955.82081
2.065 	71178.80647
2.070 	71399.59555
2.075 	71618.20353
2.080 	71834.64591
2.085 	72048.93823
2.090 	72261.096
2.095 	72471.13476
2.100 	72679.07004
2.105 	72884.91738
2.110 	73088.69231
2.115 	73290.41036
2.120 	73490.08705
2.125 	73687.73786
2.130 	73883.3783
2.135 	74077.02383
2.140 	74268.68989
2.145 	74458.39192
2.150 	74646.14531
2.155 	74831.96544
2.160 	75015.86763
2.165 	75197.8672
2.170 	75377.97941
2.175 	75556.21951
2.180 	75732.60269
2.185 	75907.14409
2.190 	76079.85884
2.195 	76250.76199
2.200 	76419.86856
2.205 	76587.19352
2.210 	76752.75179
2.215 	76916.55824
2.220 	77078.62769
2.225 	77238.97487
2.230 	77397.61451
2.235 	77554.56125
2.240 	77709.82966
2.245 	77863.43428
2.250 	78015.38957
2.255 	78165.70992
2.260 	78314.40967
2.265 	78461.5031
2.270 	78607.00439
2.275 	78750.92771
2.280 	78893.2871
2.285 	79034.09656
2.290 	79173.37004
2.295 	79311.12138
2.300 	79447.36437
2.305 	79582.11273
2.310 	79715.38008
2.315 	79847.18001
2.320 	79977.526
2.325 	80106.43145
2.330 	80233.90973
2.335 	80359.97408
2.340 	80484.63769
2.345 	80607.91366
2.350 	80729.81504
2.355 	80850.35476
2.360 	80969.54571
2.365 	81087.40066
2.370 	81203.93234
2.375 	81319.15337
2.380 	81433.07631
2.385 	81545.71363
2.390 	81657.07771
2.395 	81767.18086
2.400 	81876.0353
2.405 	81983.65319
2.410 	82090.04659
2.415 	82195.22746
2.420 	82299.20771
2.425 	82401.99916
2.430 	82503.61353
2.435 	82604.06247
2.440 	82703.35756
2.445 	82801.51027
2.450 	82898.532
2.455 	82994.43407
2.460 	83089.22772
2.465 	83182.92409
2.470 	83275.53426
2.475 	83367.06921
2.480 	83457.53984
2.485 	83546.95698
2.490 	83635.33135
2.495 	83722.67363
2.500 	83808.99437
2.505 	83894.30407
2.510 	83978.61314
2.515 	84061.93191
2.520 	84144.27061
2.525 	84225.63941
2.530 	84306.0484
2.535 	84385.50756
2.540 	84464.02683
2.545 	84541.61604
2.550 	84618.28494
2.555 	84694.04322
2.560 	84768.90046
2.565 	84842.8662
2.570 	84915.94986
2.575 	84988.1608
2.580 	85059.50831
2.585 	85130.00158
2.590 	85199.64974
2.595 	85268.46182
2.600 	85336.4468
2.605 	85403.61357
2.610 	85469.97092
2.615 	85535.52761
2.620 	85600.29229
2.625 	85664.27353
2.630 	85727.47985
2.635 	85789.91967
2.640 	85851.60135
2.645 	85912.53318
2.650 	85972.72335
2.655 	86032.17999
2.660 	86090.91118
2.665 	86148.92489
2.670 	86206.22903
2.675 	86262.83145
2.680 	86318.73991
2.685 	86373.96211
2.690 	86428.50568
2.695 	86482.37816
2.700 	86535.58704
2.705 	86588.13973
2.710 	86640.04359
2.715 	86691.30588
2.720 	86741.9338
2.725 	86791.9345
2.730 	86841.31505
2.735 	86890.08244
2.740 	86938.24362
2.745 	86985.80544
2.750 	87032.77472
2.755 	87079.15818
2.760 	87124.9625
2.765 	87170.19429
2.770 	87214.86008
2.775 	87258.96636
2.780 	87302.51952
2.785 	87345.52594
2.790 	87387.99188
2.795 	87429.92359
2.800 	87471.32722
2.805 	87512.20886
2.810 	87552.57458
2.815 	87592.43033
2.820 	87631.78205
2.825 	87670.63559
2.830 	87708.99676
2.835 	87746.87129
2.840 	87784.26488
2.845 	87821.18314
2.850 	87857.63165
2.855 	87893.61592
2.860 	87929.14139
2.865 	87964.21348
2.870 	87998.83752
2.875 	88033.0188
2.880 	88066.76255
2.885 	88100.07396
2.890 	88132.95814
2.895 	88165.42017
2.900 	88197.46507
2.905 	88229.09779
2.910 	88260.32326
2.915 	88291.14633
2.920 	88321.57181
2.925 	88351.60446
2.930 	88381.249
2.935 	88410.51007
2.940 	88439.39228
2.945 	88467.9002
2.950 	88496.03833
2.955 	88523.81114
2.960 	88551.22304
2.965 	88578.27839
2.970 	88604.98152
2.975 	88631.33669
2.980 	88657.34814
2.985 	88683.02003
2.990 	88708.35651
2.995 	88733.36166
3.000 	88758.03953
3.005 	88782.39412
3.010 	88806.42938
3.015 	88830.14922
3.020 	88853.55752
3.025 	88876.6581
3.030 	88899.45475
3.035 	88921.9512
3.040 	88944.15115
3.045 	88966.05827
3.050 	88987.67618
3.055 	89009.00845
3.060 	89030.05861
3.065 	89050.83018
3.070 	89071.32659
3.075 	89091.55129
3.080 	89111.50764
3.085 	89131.19899
3.090 	89150.62864
3.095 	89169.79986
3.100 	89188.71589
3.105 	89207.37991
3.110 	89225.79508
3.115 	89243.96452
3.120 	89261.89133
3.125 	89279.57854
3.130 	89297.02917
3.135 	89314.24621
3.140 	89331.2326
3.145 	89347.99125
3.150 	89364.52504
3.155 	89380.83681
3.160 	89396.92938
3.165 	89412.80552
3.170 	89428.46798
3.175 	89443.91949
3.180 	89459.16271
3.185 	89474.2003
3.190 	89489.03489
3.195 	89503.66906
3.200 	89518.10537
3.205 	89532.34635
3.210 	89546.39451
3.215 	89560.2523
3.220 	89573.92218
3.225 	89587.40656
3.230 	89600.70781
3.235 	89613.82829
3.240 	89626.77034
3.245 	89639.53624
3.250 	89652.12828
3.255 	89664.54869
3.260 	89676.7997
3.265 	89688.8835
3.270 	89700.80225
3.275 	89712.55809
3.280 	89724.15313
3.285 	89735.58947
3.290 	89746.86916
3.295 	89757.99425
3.300 	89768.96675
3.305 	89779.78864
3.310 	89790.46189
3.315 	89800.98845
3.320 	89811.37022
3.325 	89821.60911
3.330 	89831.70699
3.335 	89841.6657
3.340 	89851.48707
3.345 	89861.1729
3.350 	89870.72497
3.355 	89880.14505
3.360 	89889.43487
3.365 	89898.59615
3.370 	89907.63057
3.375 	89916.53983
3.380 	89925.32557
3.385 	89933.98942
3.390 	89942.53299
3.395 	89950.95789
3.400 	89959.26568
3.405 	89967.45792
3.410 	89975.53614
3.415 	89983.50185
3.420 	89991.35656
3.425 	89999.10174
3.430 	90006.73885
3.435 	90014.26933
3.440 	90021.69461
3.445 	90029.01609
3.450 	90036.23515
3.455 	90043.35317
3.460 	90050.37151
3.465 	90057.29149
3.470 	90064.11443
3.475 	90070.84164
3.480 	90077.47441
3.485 	90084.014
3.490 	90090.46166
3.495 	90096.81864
3.500 	90103.08616
3.505 	90109.26542
3.510 	90115.35761
3.515 	90121.36392
3.520 	90127.28549
3.525 	90133.12349
3.530 	90138.87903
3.535 	90144.55323
3.540 	90150.14721
3.545 	90155.66204
3.550 	90161.0988
3.555 	90166.45856
3.560 	90171.74235
3.565 	90176.95122
3.570 	90182.08618
3.575 	90187.14825
3.580 	90192.1384
3.585 	90197.05764
3.590 	90201.90692
3.595 	90206.6872
3.600 	90211.39943
3.605 	90216.04453
3.610 	90220.62343
3.615 	90225.13704
3.620 	90229.58624
3.625 	90233.97193
3.630 	90238.29497
3.635 	90242.55624
3.640 	90246.75656
3.645 	90250.8968
3.650 	90254.97777
3.655 	90259.00029
3.660 	90262.96516
3.665 	90266.87319
3.670 	90270.72516
3.675 	90274.52184
3.680 	90278.264
3.685 	90281.95239
3.690 	90285.58776
3.695 	90289.17084
3.700 	90292.70235
3.705 	90296.18302
3.710 	90299.61355
3.715 	90302.99464
3.720 	90306.32696
3.725 	90309.61121
3.730 	90312.84805
3.735 	90316.03815
3.740 	90319.18214
3.745 	90322.28068
3.750 	90325.33441
3.755 	90328.34394
3.760 	90331.3099
3.765 	90334.23289
3.770 	90337.11351
3.775 	90339.95237
3.780 	90342.75004
3.785 	90345.5071
3.790 	90348.22412
3.795 	90350.90167
3.800 	90353.54029
3.805 	90356.14054
3.810 	90358.70296
3.815 	90361.22807
3.820 	90363.71641
3.825 	90366.16849
3.830 	90368.58482
3.835 	90370.96591
3.840 	90373.31225
3.845 	90375.62433
3.850 	90377.90265
3.855 	90380.14767
3.860 	90382.35987
3.865 	90384.53972
3.870 	90386.68766
3.875 	90388.80416
3.880 	90390.88966
3.885 	90392.94459
3.890 	90394.9694
3.895 	90396.96451
3.900 	90398.93035
3.905 	90400.86732
3.910 	90402.77584
3.915 	90404.65633
3.920 	90406.50916
3.925 	90408.33475
3.930 	90410.13347
3.935 	90411.90571
3.940 	90413.65186
3.945 	90415.37228
3.950 	90417.06733
3.955 	90418.73739
3.960 	90420.38282
3.965 	90422.00395
3.970 	90423.60115
3.975 	90425.17475
3.980 	90426.7251
3.985 	90428.25252
3.990 	90429.75735
3.995 	90431.23991
4.000 	90432.70052
4.005 	90434.1395
4.010 	90435.55715
4.015 	90436.95379
4.020 	90438.32972
4.025 	90439.68524
4.030 	90441.02063
4.035 	90442.3362
4.040 	90443.63222
4.045 	90444.90898
4.050 	90446.16676
4.055 	90447.40584
4.060 	90448.62647
4.065 	90449.82894
4.070 	90451.01349
4.075 	90452.1804
4.080 	90453.32992
4.085 	90454.4623
4.090 	90455.57778
4.095 	90456.67662
4.100 	90457.75906
4.105 	90458.82533
4.110 	90459.87567
4.115 	90460.91031
4.120 	90461.92948
4.125 	90462.9334
4.130 	90463.9223
4.135 	90464.8964
4.140 	90465.8559
4.145 	90466.80104
4.150 	90467.732
4.155 	90468.64901
4.160 	90469.55226
4.165 	90470.44196
4.170 	90471.3183
4.175 	90472.18148
4.180 	90473.0317
4.185 	90473.86913
4.190 	90474.69398
4.195 	90475.50641
4.200 	90476.30663
4.205 	90477.0948
4.210 	90477.8711
4.215 	90478.63571
4.220 	90479.38879
4.225 	90480.13053
4.230 	90480.86107
4.235 	90481.5806
4.240 	90482.28927
4.245 	90482.98723
4.250 	90483.67466
4.255 	90484.3517
4.260 	90485.01851
4.265 	90485.67523
4.270 	90486.32203
4.275 	90486.95903
4.280 	90487.5864
4.285 	90488.20426
4.290 	90488.81277
4.295 	90489.41205
4.300 	90490.00225
4.305 	90490.58351
4.310 	90491.15594
4.315 	90491.71969
4.320 	90492.27488
4.325 	90492.82164
4.330 	90493.36009
4.335 	90493.89036
4.340 	90494.41257
4.345 	90494.92684
4.350 	90495.43329
4.355 	90495.93203
4.360 	90496.42318
4.365 	90496.90685
4.370 	90497.38315
4.375 	90497.85219
4.380 	90498.31408
4.385 	90498.76893
4.390 	90499.21684
4.395 	90499.65792
4.400 	90500.09226
4.405 	90500.51997
4.410 	90500.94115
4.415 	90501.35589
4.420 	90501.76429
4.425 	90502.16645
4.430 	90502.56245
4.435 	90502.9524
4.440 	90503.33638
4.445 	90503.71448
4.450 	90504.08678
4.455 	90504.45339
4.460 	90504.81437
4.465 	90505.16982
4.470 	90505.51982
4.475 	90505.86445
4.480 	90506.2038
4.485 	90506.53793
4.490 	90506.86693
4.495 	90507.19088
4.500 	90507.50985
4.505 	90507.82391
4.510 	90508.13315
4.515 	90508.43763
4.520 	90508.73743
4.525 	90509.03261
4.530 	90509.32325
4.535 	90509.60941
4.540 	90509.89117
4.545 	90510.16858
4.550 	90510.44171
4.555 	90510.71064
4.560 	90510.97541
4.565 	90511.2361
4.570 	90511.49277
4.575 	90511.74547
4.580 	90511.99428
4.585 	90512.23923
4.590 	90512.48041
4.595 	90512.71785
4.600 	90512.95162
4.605 	90513.18178
4.610 	90513.40838
4.615 	90513.63147
4.620 	90513.8511
4.625 	90514.06733
4.630 	90514.28022
4.635 	90514.4898
4.640 	90514.69614
4.645 	90514.89928
4.650 	90515.09926
4.655 	90515.29615
4.660 	90515.48998
4.665 	90515.6808
4.670 	90515.86865
4.675 	90516.05359
4.680 	90516.23566
4.685 	90516.4149
4.690 	90516.59135
4.695 	90516.76505
4.700 	90516.93606
4.705 	90517.1044
4.710 	90517.27012
4.715 	90517.43326
4.720 	90517.59387
4.725 	90517.75197
4.730 	90517.9076
4.735 	90518.06082
4.740 	90518.21164
4.745 	90518.36011
4.750 	90518.50626
4.755 	90518.65014
4.760 	90518.79176
4.765 	90518.93118
4.770 	90519.06842
4.775 	90519.20352
4.780 	90519.3365
4.785 	90519.46741
4.790 	90519.59627
4.795 	90519.72311
4.800 	90519.84797
4.805 	90519.97088
4.810 	90520.09186
4.815 	90520.21095
4.820 	90520.32817
4.825 	90520.44356
4.830 	90520.55714
4.835 	90520.66894
4.840 	90520.77898
4.845 	90520.8873
4.850 	90520.99392
4.855 	90521.09887
4.860 	90521.20217
4.865 	90521.30385
4.870 	90521.40394
4.875 	90521.50245
4.880 	90521.59941
4.885 	90521.69485
4.890 	90521.78879
4.895 	90521.88125
4.900 	90521.97226
4.905 	90522.06184
4.910 	90522.15001
4.915 	90522.23678
4.920 	90522.3222
4.925 	90522.40626
4.930 	90522.48901
4.935 	90522.57045
4.940 	90522.6506
4.945 	90522.7295
4.950 	90522.80715
4.955 	90522.88357
4.960 	90522.95879
4.965 	90523.03282
4.970 	90523.10568
4.975 	90523.1774
4.980 	90523.24798
4.985 	90523.31744
4.990 	90523.38581
4.995 	90523.45309
5.000 	90523.51932
5.005 	90523.58449
5.010 	90523.64864
5.015 	90523.71177
5.020 	90523.7739
5.025 	90523.83505
5.030 	90523.89523
5.035 	90523.95446
5.040 	90524.01275
5.045 	90524.07011
5.050 	90524.12657
5.055 	90524.18213
5.060 	90524.23681
5.065 	90524.29062
5.070 	90524.34358
5.075 	90524.3957
5.080 	90524.447
5.085 	90524.49747
5.090 	90524.54715
5.095 	90524.59604
5.100 	90524.64415
5.105 	90524.6915
5.110 	90524.73809
5.115 	90524.78394
5.120 	90524.82907
5.125 	90524.87347
5.130 	90524.91717
5.135 	90524.96018
5.140 	90525.0025
5.145 	90525.04415
5.150 	90525.08513
5.155 	90525.12546
5.160 	90525.16515
5.165 	90525.20421
5.170 	90525.24264
5.175 	90525.28046
5.180 	90525.31768
5.185 	90525.3543
5.190 	90525.39034
5.195 	90525.42581
5.200 	90525.46071
5.205 	90525.49505
5.210 	90525.52884
5.215 	90525.5621
5.220 	90525.59482
5.225 	90525.62702
5.230 	90525.6587
5.235 	90525.68988
5.240 	90525.72056
5.245 	90525.75075
5.250 	90525.78046
5.255 	90525.80969
5.260 	90525.83845
5.265 	90525.86676
5.270 	90525.89461
5.275 	90525.92201
5.280 	90525.94898
5.285 	90525.97551
5.290 	90526.00162
5.295 	90526.02731
5.300 	90526.05259
5.305 	90526.07746
5.310 	90526.10193
5.315 	90526.12601
5.320 	90526.14971
5.325 	90526.17302
5.330 	90526.19596
5.335 	90526.21854
5.340 	90526.24075
5.345 	90526.2626
5.350 	90526.2841
5.355 	90526.30526
5.360 	90526.32607
5.365 	90526.34655
5.370 	90526.36671
5.375 	90526.38654
5.380 	90526.40604
5.385 	90526.42524
5.390 	90526.44413
5.395 	90526.46271
5.400 	90526.48099
5.405 	90526.49898
5.410 	90526.51668
5.415 	90526.53409
5.420 	90526.55123
5.425 	90526.56809
5.430 	90526.58467
5.435 	90526.60099
5.440 	90526.61705
5.445 	90526.63284
5.450 	90526.64838
5.455 	90526.66367
5.460 	90526.67872
5.465 	90526.69352
5.470 	90526.70808
5.475 	90526.72241
5.480 	90526.7365
5.485 	90526.75037
5.490 	90526.76401
5.495 	90526.77744
5.500 	90526.79064
5.505 	90526.80364
5.510 	90526.81642
5.515 	90526.829
5.520 	90526.84137
5.525 	90526.85354
5.530 	90526.86552
5.535 	90526.8773
5.540 	90526.88889
5.545 	90526.90029
5.550 	90526.91151
5.555 	90526.92255
5.560 	90526.9334
5.565 	90526.94409
5.570 	90526.9546
5.575 	90526.96493
5.580 	90526.9751
5.585 	90526.98511
5.590 	90526.99495
5.595 	90527.00464
5.600 	90527.01416
5.605 	90527.02354
5.610 	90527.03276
5.615 	90527.04183
5.620 	90527.05075
5.625 	90527.05953
5.630 	90527.06816
5.635 	90527.07666
5.640 	90527.08502
5.645 	90527.09324
5.650 	90527.10132
5.655 	90527.10928
5.660 	90527.11711
5.665 	90527.12481
5.670 	90527.13238
5.675 	90527.13983
5.680 	90527.14716
5.685 	90527.15437
5.690 	90527.16146
5.695 	90527.16844
5.700 	90527.1753
5.705 	90527.18206
5.710 	90527.1887
5.715 	90527.19523
5.720 	90527.20166
5.725 	90527.20798
5.730 	90527.2142
5.735 	90527.22032
5.740 	90527.22634
5.745 	90527.23226
5.750 	90527.23808
5.755 	90527.24381
5.760 	90527.24944
5.765 	90527.25498
5.770 	90527.26044
5.775 	90527.2658
5.780 	90527.27108
5.785 	90527.27627
5.790 	90527.28137
5.795 	90527.28639
