0.800 	186162.4854
0.805 	175808.2582
0.810 	165971.623
0.815 	156628.0299
0.820 	147754.0657
0.825 	139327.4024
0.830 	131326.7499
0.835 	123731.8095
0.840 	116523.2297
0.845 	109682.5636
0.850 	103192.229
0.855 	97035.4689
0.860 	91196.31473
0.865 	85659.55061
0.870 	80410.67933
0.875 	75435.88973
0.880 	70722.02553
0.885 	66256.55547
0.890 	62027.54473
0.895 	58023.62759
0.900 	54233.98134
0.905 	50648.30124
0.910 	47256.7766
0.915 	44050.06792
0.920 	41019.28506
0.925 	38155.96625
0.930 	35452.05821
0.935 	32899.89697
0.940 	30492.18962
0.945 	28221.99693
0.950 	26082.71659
0.955 	24068.06734
0.960 	22172.07376
0.965 	20389.05169
0.970 	18713.59441
0.975 	17140.55936
0.980 	15665.05546
0.985 	14282.4311
0.990 	12988.26255
0.995 	11778.34299
1.000 	10648.67197
1.005 	9595.445449
1.010 	8615.046197
1.015 	7704.034686
1.020 	6859.140399
1.025 	6077.253536
1.030 	5355.417113
1.035 	4690.81942
1.040 	4080.786842
1.045 	3522.777012
1.050 	3014.37229
1.055 	2553.273544
1.060 	2137.294236
1.065 	1764.354782
1.070 	1432.477181
1.075 	1139.779907
1.080 	884.4730409
1.085 	664.8536414
1.090 	479.3013359
1.095 	326.2741284
1.100 	204.3044111
1.105 	111.9951699
1.110 	48.01637722
1.115 	11.10156187
1.120 	0.1
1.125 	13.696359
1.130 	50.96226734
1.135 	110.7990025
1.140 	192.2120911
1.145 	294.2533335
1.150 	416.0184079
1.155 	556.6445958
1.160 	715.3086226
1.165 	891.2246094
1.170 	1083.642129
1.175 	1291.844363
1.180 	1515.146353
1.185 	1752.893341
1.190 	2004.459204
1.195 	2269.244957
1.200 	2546.677349
1.205 	2836.20752
1.210 	3137.309741
1.215 	3449.480211
1.220 	3772.235925
1.225 	4105.113597
1.230 	4447.668648
1.235 	4799.474238
1.240 	5160.120365
1.245 	5529.212996
1.250 	5906.373262
1.255 	6291.236685
1.260 	6683.452452
1.265 	7082.682732
1.270 	7488.602024
1.275 	7900.896549
1.280 	8319.26367
1.285 	8743.411345
1.290 	9173.057618
1.295 	9607.930128
1.300 	10047.76565
1.305 	10492.30968
1.310 	10941.31599
1.315 	11394.54628
1.320 	11851.76982
1.325 	12312.76306
1.330 	12777.30937
1.335 	13245.19869
1.340 	13716.22727
1.345 	14190.19739
1.350 	14666.91712
1.355 	15146.20007
1.360 	15627.86516
1.365 	16111.73644
1.370 	16597.64283
1.375 	17085.418
1.380 	17574.90018
1.385 	18065.93193
1.390 	18558.36007
1.395 	19052.03549
1.400 	19546.81302
1.405 	20042.55127
1.410 	20539.11257
1.415 	21036.36279
1.420 	21534.17127
1.425 	22032.4107
1.430 	22530.95703
1.435 	23029.68939
1.440 	23528.48996
1.445 	24027.24393
1.450 	24525.83943
1.455 	25024.1674
1.460 	25522.12158
1.465 	26019.59843
1.470 	26516.49703
1.475 	27012.71907
1.480 	27508.16877
1.485 	28002.75283
1.490 	28496.38038
1.495 	28988.96292
1.500 	29480.41429
1.505 	29970.65063
1.510 	30459.5903
1.515 	30947.15389
1.520 	31433.26416
1.525 	31917.84596
1.530 	32400.82627
1.535 	32882.13412
1.540 	33361.70056
1.545 	33839.45861
1.550 	34315.34327
1.555 	34789.29147
1.560 	35261.24203
1.565 	35731.13562
1.570 	36198.91478
1.575 	36664.52383
1.580 	37127.90889
1.585 	37589.01784
1.590 	38047.80028
1.595 	38504.20751
1.600 	38958.19251
1.605 	39409.70993
1.610 	39858.71601
1.615 	40305.16863
1.620 	40749.02723
1.625 	41190.25281
1.630 	41628.8079
1.635 	42064.65652
1.640 	42497.7642
1.645 	42928.09792
1.650 	43355.6261
1.655 	43780.31856
1.660 	44202.14652
1.665 	44621.08258
1.670 	45037.10068
1.675 	45450.17608
1.680 	45860.28533
1.685 	46267.40628
1.690 	46671.51804
1.695 	47072.60095
1.700 	47470.63654
1.705 	47865.60757
1.710 	48257.49795
1.715 	48646.29274
1.720 	49031.97814
1.725 	49414.54145
1.730 	49793.97104
1.735 	50170.25638
1.740 	50543.38794
1.745 	50913.35726
1.750 	51280.15684
1.755 	51643.78018
1.760 	52004.22175
1.765 	52361.47694
1.770 	52715.54209
1.775 	53066.4144
1.780 	53414.09199
1.785 	53758.57383
1.790 	54099.85971
1.795 	54437.95027
1.800 	54772.84693
1.805 	55104.55191
1.810 	55433.0682
1.815 	55758.3995
1.820 	56080.55028
1.825 	56399.5257
1.830 	56715.3316
1.835 	57027.97451
1.840 	57337.46161
1.845 	57643.8007
1.850 	57947.00022
1.855 	58247.06921
1.860 	58544.01728
1.865 	58837.85461
1.870 	59128.59195
1.875 	59416.24056
1.880 	59700.81224
1.885 	59982.31926
1.890 	60260.77441
1.895 	60536.19093
1.900 	60808.58252
1.905 	61077.96331
1.910 	61344.34788
1.915 	61607.7512
1.920 	61868.18862
1.925 	62125.6759
1.930 	62380.22914
1.935 	62631.86482
1.940 	62880.59974
1.945 	63126.45101
1.950 	63369.43609
1.955 	63609.57271
1.960 	63846.87889
1.965 	64081.37292
1.970 	64313.07336
1.975 	64541.99902
1.980 	64768.16894
1.985 	64991.60237
1.990 	65212.3188
1.995 	65430.33791
2.000 	65645.67956
2.005 	65858.36381
2.010 	66068.41087
2.015 	66275.84111
2.020 	66480.67508
2.025 	66682.93343
2.030 	66882.63694
2.035 	67079.80654
2.040 	67274.46325
2.045 	67466.62819
2.050 	67656.32256
2.055 	67843.56768
2.060 	68028.3849
2.065 	68210.79567
2.070 	68390.82148
2.075 	68568.48388
2.080 	68743.80445
2.085 	68916.80481
2.090 	69087.50662
2.095 	69255.93154
2.100 	69422.10125
2.105 	69586.03745
2.110 	69747.76183
2.115 	69907.29605
2.120 	70064.6618
2.125 	70219.88072
2.130 	70372.97444
2.135 	70523.96456
2.140 	70672.87262
2.145 	70819.72015
2.150 	70964.52861
2.155 	71107.31943
2.160 	71248.11396
2.165 	71386.9335
2.170 	71523.79929
2.175 	71658.73249
2.180 	71791.75419
2.185 	71922.88538
2.190 	72052.14701
2.195 	72179.55989
2.200 	72305.14479
2.205 	72428.92236
2.210 	72550.91314
2.215 	72671.1376
2.220 	72789.61608
2.225 	72906.36882
2.230 	73021.41595
2.235 	73134.77749
2.240 	73246.47335
2.245 	73356.5233
2.250 	73464.947
2.255 	73571.76401
2.260 	73676.99371
2.265 	73780.65542
2.270 	73882.76826
2.275 	73983.35128
2.280 	74082.42335
2.285 	74180.00324
2.290 	74276.10955
2.295 	74370.76077
2.300 	74463.97523
2.305 	74555.77112
2.310 	74646.16651
2.315 	74735.17929
2.320 	74822.82723
2.325 	74909.12796
2.330 	74994.09893
2.335 	75077.75747
2.340 	75160.12076
2.345 	75241.2058
2.350 	75321.02949
2.355 	75399.60854
2.360 	75476.95952
2.365 	75553.09884
2.370 	75628.04278
2.375 	75701.80745
2.380 	75774.40881
2.385 	75845.86266
2.390 	75916.18466
2.395 	75985.39031
2.400 	76053.49495
2.405 	76120.51379
2.410 	76186.46185
2.415 	76251.35403
2.420 	76315.20506
2.425 	76378.02952
2.430 	76439.84184
2.435 	76500.65629
2.440 	76560.48699
2.445 	76619.34792
2.450 	76677.2529
2.455 	76734.2156
2.460 	76790.24952
2.465 	76845.36805
2.470 	76899.5844
2.475 	76952.91164
2.480 	77005.36269
2.485 	77056.95033
2.490 	77107.68718
2.495 	77157.58573
2.500 	77206.6583
2.505 	77254.9171
2.510 	77302.37416
2.515 	77349.04139
2.520 	77394.93056
2.525 	77440.05327
2.530 	77484.42101
2.535 	77528.04512
2.540 	77570.93679
2.545 	77613.10709
2.550 	77654.56695
2.555 	77695.32714
2.560 	77735.39833
2.565 	77774.79103
2.570 	77813.51563
2.575 	77851.58239
2.580 	77889.00141
2.585 	77925.78271
2.590 	77961.93613
2.595 	77997.47141
2.600 	78032.39817
2.605 	78066.72588
2.610 	78100.46389
2.615 	78133.62145
2.620 	78166.20766
2.625 	78198.23151
2.630 	78229.70187
2.635 	78260.62748
2.640 	78291.01697
2.645 	78320.87887
2.650 	78350.22155
2.655 	78379.05332
2.660 	78407.38232
2.665 	78435.21662
2.670 	78462.56415
2.675 	78489.43276
2.680 	78515.83016
2.685 	78541.76397
2.690 	78567.24169
2.695 	78592.27072
2.700 	78616.85837
2.705 	78641.01181
2.710 	78664.73815
2.715 	78688.04437
2.720 	78710.93735
2.725 	78733.42388
2.730 	78755.51065
2.735 	78777.20425
2.740 	78798.51118
2.745 	78819.43784
2.750 	78839.99054
2.755 	78860.17548
2.760 	78879.99879
2.765 	78899.4665
2.770 	78918.58456
2.775 	78937.35881
2.780 	78955.79502
2.785 	78973.89886
2.790 	78991.67594
2.795 	79009.13176
2.800 	79026.27174
2.805 	79043.10123
2.810 	79059.62549
2.815 	79075.8497
2.820 	79091.77896
2.825 	79107.4183
2.830 	79122.77267
2.835 	79137.84692
2.840 	79152.64586
2.845 	79167.17421
2.850 	79181.43662
2.855 	79195.43765
2.860 	79209.18181
2.865 	79222.67354
2.870 	79235.9172
2.875 	79248.91707
2.880 	79261.67739
2.885 	79274.20232
2.890 	79286.49594
2.895 	79298.56229
2.900 	79310.40533
2.905 	79322.02896
2.910 	79333.43702
2.915 	79344.63329
2.920 	79355.62148
2.925 	79366.40524
2.930 	79376.98818
2.935 	79387.37383
2.940 	79397.56568
2.945 	79407.56714
2.950 	79417.38159
2.955 	79427.01234
2.960 	79436.46264
2.965 	79445.73572
2.970 	79454.83471
2.975 	79463.76272
2.980 	79472.5228
2.985 	79481.11795
2.990 	79489.55112
2.995 	79497.82521
3.000 	79505.94308
3.005 	79513.90752
3.010 	79521.7213
3.015 	79529.38713
3.020 	79536.90767
3.025 	79544.28555
3.030 	79551.52335
3.035 	79558.6236
3.040 	79565.58879
3.045 	79572.42137
3.050 	79579.12375
3.055 	79585.6983
3.060 	79592.14734
3.065 	79598.47317
3.070 	79604.67802
3.075 	79610.76411
3.080 	79616.73361
3.085 	79622.58866
3.090 	79628.33135
3.095 	79633.96374
3.100 	79639.48787
3.105 	79644.90572
3.110 	79650.21926
3.115 	79655.43039
3.120 	79660.54102
3.125 	79665.553
3.130 	79670.46816
3.135 	79675.28828
3.140 	79680.01513
3.145 	79684.65044
3.150 	79689.19592
3.155 	79693.65322
3.160 	79698.024
3.165 	79702.30986
3.170 	79706.51239
3.175 	79710.63315
3.180 	79714.67366
3.185 	79718.63542
3.190 	79722.51992
3.195 	79726.32859
3.200 	79730.06287
3.205 	79733.72414
3.210 	79737.31379
3.215 	79740.83316
3.220 	79744.28358
3.225 	79747.66634
3.230 	79750.98273
3.235 	79754.23399
3.240 	79757.42136
3.245 	79760.54605
3.250 	79763.60925
3.255 	79766.61212
3.260 	79769.55582
3.265 	79772.44145
3.270 	79775.27014
3.275 	79778.04296
3.280 	79780.76097
3.285 	79783.42523
3.290 	79786.03676
3.295 	79788.59656
3.300 	79791.10563
3.305 	79793.56494
3.310 	79795.97544
3.315 	79798.33807
3.320 	79800.65374
3.325 	79802.92337
3.330 	79805.14782
3.335 	79807.32798
3.340 	79809.46469
3.345 	79811.5588
3.350 	79813.61112
3.355 	79815.62247
3.360 	79817.59363
3.365 	79819.52538
3.370 	79821.41848
3.375 	79823.27369
3.380 	79825.09174
3.385 	79826.87335
3.390 	79828.61922
3.395 	79830.33005
3.400 	79832.00653
3.405 	79833.64932
3.410 	79835.25908
3.415 	79836.83645
3.420 	79838.38206
3.425 	79839.89654
3.430 	79841.38049
3.435 	79842.83451
3.440 	79844.25919
3.445 	79845.6551
3.450 	79847.0228
3.455 	79848.36286
3.460 	79849.6758
3.465 	79850.96217
3.470 	79852.22248
3.475 	79853.45725
3.480 	79854.66699
3.485 	79855.85217
3.490 	79857.0133
3.495 	79858.15085
3.500 	79859.26527
3.505 	79860.35703
3.510 	79861.42658
3.515 	79862.47435
3.520 	79863.50078
3.525 	79864.50628
3.530 	79865.49128
3.535 	79866.45618
3.540 	79867.40139
3.545 	79868.32728
3.550 	79869.23425
3.555 	79870.12267
3.560 	79870.99292
3.565 	79871.84535
3.570 	79872.68031
3.575 	79873.49817
3.580 	79874.29926
3.585 	79875.08391
3.590 	79875.85245
3.595 	79876.60521
3.600 	79877.3425
3.605 	79878.06464
3.610 	79878.77192
3.615 	79879.46464
3.620 	79880.1431
3.625 	79880.80758
3.630 	79881.45836
3.635 	79882.09572
3.640 	79882.71994
3.645 	79883.33126
3.650 	79883.92996
3.655 	79884.51628
3.660 	79885.09049
3.665 	79885.65281
3.670 	79886.2035
3.675 	79886.74279
3.680 	79887.2709
3.685 	79887.78807
3.690 	79888.29451
3.695 	79888.79044
3.700 	79889.27609
3.705 	79889.75164
3.710 	79890.21732
3.715 	79890.67331
3.720 	79891.11983
3.725 	79891.55705
3.730 	79891.98517
3.735 	79892.40437
3.740 	79892.81484
3.745 	79893.21676
3.750 	79893.61029
3.755 	79893.99561
3.760 	79894.37288
3.765 	79894.74228
3.770 	79895.10396
3.775 	79895.45808
3.780 	79895.80479
3.785 	79896.14425
3.790 	79896.47661
3.795 	79896.802
3.800 	79897.12058
3.805 	79897.43248
3.810 	79897.73784
3.815 	79898.03679
3.820 	79898.32947
3.825 	79898.616
3.830 	79898.89652
3.835 	79899.17114
3.840 	79899.43998
3.845 	79899.70318
3.850 	79899.96083
3.855 	79900.21306
3.860 	79900.45997
3.865 	79900.70169
3.870 	79900.93831
3.875 	79901.16994
3.880 	79901.39668
3.885 	79901.61864
3.890 	79901.83591
3.895 	79902.04859
3.900 	79902.25678
3.905 	79902.46057
3.910 	79902.66005
3.915 	79902.8553
3.920 	79903.04643
3.925 	79903.23351
3.930 	79903.41662
3.935 	79903.59585
3.940 	79903.77129
3.945 	79903.943
3.950 	79904.11107
3.955 	79904.27558
3.960 	79904.43659
3.965 	79904.59418
3.970 	79904.74842
3.975 	79904.89938
3.980 	79905.04713
3.985 	79905.19174
3.990 	79905.33327
3.995 	79905.47178
4.000 	79905.60735
4.005 	79905.74003
4.010 	79905.86988
4.015 	79905.99696
4.020 	79906.12133
4.025 	79906.24304
4.030 	79906.36216
4.035 	79906.47873
4.040 	79906.59281
4.045 	79906.70446
4.050 	79906.81372
4.055 	79906.92064
4.060 	79907.02527
4.065 	79907.12766
4.070 	79907.22786
4.075 	79907.32592
4.080 	79907.42187
4.085 	79907.51577
4.090 	79907.60765
4.095 	79907.69756
4.100 	79907.78555
4.105 	79907.87164
4.110 	79907.95589
4.115 	79908.03832
4.120 	79908.11899
4.125 	79908.19792
4.130 	79908.27515
4.135 	79908.35072
4.140 	79908.42467
4.145 	79908.49702
4.150 	79908.56782
4.155 	79908.63709
4.160 	79908.70487
4.165 	79908.77119
4.170 	79908.83607
4.175 	79908.89956
4.180 	79908.96168
4.185 	79909.02246
4.190 	79909.08192
4.195 	79909.1401
4.200 	79909.19702
4.205 	79909.25272
4.210 	79909.30721
4.215 	79909.36052
4.220 	79909.41267
4.225 	79909.4637
4.230 	79909.51362
4.235 	79909.56247
4.240 	79909.61025
4.245 	79909.657
4.250 	79909.70273
4.255 	79909.74748
4.260 	79909.79125
4.265 	79909.83407
4.270 	79909.87597
4.275 	79909.91695
4.280 	79909.95705
4.285 	79909.99627
4.290 	79910.03464
4.295 	79910.07218
4.300 	79910.1089
4.305 	79910.14482
4.310 	79910.17996
4.315 	79910.21433
4.320 	79910.24796
4.325 	79910.28085
4.330 	79910.31303
4.335 	79910.3445
4.340 	79910.37529
4.345 	79910.40541
4.350 	79910.43487
4.355 	79910.46369
4.360 	79910.49188
4.365 	79910.51946
4.370 	79910.54643
4.375 	79910.57281
4.380 	79910.59862
4.385 	79910.62386
4.390 	79910.64855
4.395 	79910.6727
4.400 	79910.69632
4.405 	79910.71943
4.410 	79910.74203
4.415 	79910.76413
4.420 	79910.78575
4.425 	79910.8069
4.430 	79910.82758
4.435 	79910.84781
4.440 	79910.8676
4.445 	79910.88695
4.450 	79910.90588
4.455 	79910.92439
4.460 	79910.9425
4.465 	79910.9602
4.470 	79910.97752
4.475 	79910.99446
4.480 	79911.01103
4.485 	79911.02723
4.490 	79911.04308
4.495 	79911.05858
4.500 	79911.07373
4.505 	79911.08855
4.510 	79911.10305
4.515 	79911.11723
4.520 	79911.13109
4.525 	79911.14465
4.530 	79911.15791
4.535 	79911.17088
4.540 	79911.18357
4.545 	79911.19597
4.550 	79911.2081
4.555 	79911.21996
4.560 	79911.23156
4.565 	79911.2429
4.570 	79911.254
4.575 	79911.26484
4.580 	79911.27545
4.585 	79911.28583
4.590 	79911.29597
4.595 	79911.30589
4.600 	79911.31559
4.605 	79911.32508
4.610 	79911.33435
4.615 	79911.34343
4.620 	79911.3523
4.625 	79911.36097
4.630 	79911.36945
4.635 	79911.37774
4.640 	79911.38585
4.645 	79911.39378
4.650 	79911.40154
4.655 	79911.40912
4.660 	79911.41653
4.665 	79911.42378
4.670 	79911.43087
4.675 	79911.4378
4.680 	79911.44458
4.685 	79911.45121
4.690 	79911.45769
4.695 	79911.46402
4.700 	79911.47022
4.705 	79911.47627
4.710 	79911.4822
4.715 	79911.48799
4.720 	79911.49365
4.725 	79911.49918
4.730 	79911.5046
4.735 	79911.50989
4.740 	79911.51506
4.745 	79911.52012
4.750 	79911.52507
4.755 	79911.5299
4.760 	79911.53463
4.765 	79911.53925
4.770 	79911.54377
4.775 	79911.54819
4.780 	79911.55251
4.785 	79911.55673
4.790 	79911.56086
4.795 	79911.5649
4.800 	79911.56885
4.805 	79911.57271
4.810 	79911.57648
4.815 	79911.58017
4.820 	79911.58377
4.825 	79911.5873
4.830 	79911.59074
4.835 	79911.59411
4.840 	79911.59741
4.845 	79911.60063
4.850 	79911.60377
4.855 	79911.60685
4.860 	79911.60986
4.865 	79911.6128
4.870 	79911.61568
4.875 	79911.61849
4.880 	79911.62124
4.885 	79911.62392
4.890 	79911.62655
4.895 	79911.62911
4.900 	79911.63162
4.905 	79911.63408
4.910 	79911.63648
4.915 	79911.63882
4.920 	79911.64111
4.925 	79911.64335
4.930 	79911.64554
4.935 	79911.64768
4.940 	79911.64977
4.945 	79911.65182
4.950 	79911.65382
4.955 	79911.65577
4.960 	79911.65768
4.965 	79911.65955
4.970 	79911.66138
4.975 	79911.66316
4.980 	79911.66491
4.985 	79911.66661
4.990 	79911.66828
4.995 	79911.66991
5.000 	79911.6715
5.005 	79911.67306
5.010 	79911.67458
5.015 	79911.67607
5.020 	79911.67752
5.025 	79911.67894
5.030 	79911.68033
5.035 	79911.68169
5.040 	79911.68301
5.045 	79911.68431
5.050 	79911.68558
5.055 	79911.68682
5.060 	79911.68803
5.065 	79911.68921
5.070 	79911.69037
5.075 	79911.6915
5.080 	79911.6926
5.085 	79911.69368
5.090 	79911.69474
5.095 	79911.69577
5.100 	79911.69678
5.105 	79911.69777
5.110 	79911.69873
5.115 	79911.69967
5.120 	79911.70059
5.125 	79911.70149
5.130 	79911.70237
5.135 	79911.70323
5.140 	79911.70407
5.145 	79911.70489
5.150 	79911.70569
5.155 	79911.70648
5.160 	79911.70724
5.165 	79911.70799
5.170 	79911.70872
5.175 	79911.70944
5.180 	79911.71014
5.185 	79911.71082
5.190 	79911.71149
5.195 	79911.71214
5.200 	79911.71278
5.205 	79911.7134
5.210 	79911.71401
5.215 	79911.7146
5.220 	79911.71519
5.225 	79911.71575
5.230 	79911.71631
5.235 	79911.71685
5.240 	79911.71738
5.245 	79911.7179
5.250 	79911.71841
5.255 	79911.7189
5.260 	79911.71939
5.265 	79911.71986
5.270 	79911.72032
5.275 	79911.72077
5.280 	79911.72122
5.285 	79911.72165
5.290 	79911.72207
5.295 	79911.72248
5.300 	79911.72288
5.305 	79911.72328
5.310 	79911.72366
5.315 	79911.72404
5.320 	79911.7244
5.325 	79911.72476
5.330 	79911.72511
5.335 	79911.72545
5.340 	79911.72579
5.345 	79911.72612
5.350 	79911.72644
5.355 	79911.72675
5.360 	79911.72705
5.365 	79911.72735
5.370 	79911.72764
5.375 	79911.72793
5.380 	79911.72821
5.385 	79911.72848
5.390 	79911.72874
5.395 	79911.729
5.400 	79911.72926
5.405 	79911.7295
5.410 	79911.72975
5.415 	79911.72998
5.420 	79911.73021
5.425 	79911.73044
5.430 	79911.73066
5.435 	79911.73088
5.440 	79911.73109
5.445 	79911.73129
5.450 	79911.73149
5.455 	79911.73169
5.460 	79911.73188
5.465 	79911.73207
5.470 	79911.73225
5.475 	79911.73243
5.480 	79911.73261
5.485 	79911.73278
5.490 	79911.73295
5.495 	79911.73311
5.500 	79911.73327
5.505 	79911.73342
5.510 	79911.73358
5.515 	79911.73372
5.520 	79911.73387
5.525 	79911.73401
5.530 	79911.73415
5.535 	79911.73429
5.540 	79911.73442
5.545 	79911.73455
5.550 	79911.73468
5.555 	79911.7348
5.560 	79911.73492
5.565 	79911.73504
5.570 	79911.73515
5.575 	79911.73527
5.580 	79911.73538
5.585 	79911.73548
5.590 	79911.73559
5.595 	79911.73569
5.600 	79911.73579
5.605 	79911.73589
5.610 	79911.73598
5.615 	79911.73608
5.620 	79911.73617
5.625 	79911.73626
5.630 	79911.73634
5.635 	79911.73643
5.640 	79911.73651
5.645 	79911.73659
5.650 	79911.73667
5.655 	79911.73675
5.660 	79911.73683
5.665 	79911.7369
5.670 	79911.73697
5.675 	79911.73704
5.680 	79911.73711
5.685 	79911.73718
5.690 	79911.73725
5.695 	79911.73731
5.700 	79911.73737
5.705 	79911.73744
5.710 	79911.7375
5.715 	79911.73755
5.720 	79911.73761
5.725 	79911.73767
5.730 	79911.73772
5.735 	79911.73777
5.740 	79911.73783
5.745 	79911.73788
5.750 	79911.73793
5.755 	79911.73798
5.760 	79911.73802
5.765 	79911.73807
5.770 	79911.73812
5.775 	79911.73816
5.780 	79911.7382
5.785 	79911.73825
5.790 	79911.73829
5.795 	79911.73833
