0.800 	139390.5928
0.805 	134443.0623
0.810 	129635.7723
0.815 	124965.4863
0.820 	120429.0327
0.825 	116023.304
0.830 	111745.2549
0.835 	107591.902
0.840 	103560.3219
0.845 	99647.65072
0.850 	95851.08265
0.855 	92167.86901
0.860 	88595.31719
0.865 	85130.78962
0.870 	81771.70275
0.875 	78515.52605
0.880 	75359.78108
0.885 	72302.04044
0.890 	69339.92692
0.895 	66471.11251
0.900 	63693.3175
0.905 	61004.3096
0.910 	58401.90303
0.915 	55883.9577
0.920 	53448.3783
0.925 	51093.11351
0.930 	48816.15514
0.935 	46615.53736
0.940 	44489.33587
0.945 	42435.66714
0.950 	40452.68765
0.955 	38538.5931
0.960 	36691.61771
0.965 	34910.03346
0.970 	33192.14941
0.975 	31536.31096
0.980 	29940.89917
0.985 	28404.3301
0.990 	26925.05411
0.995 	25501.55524
1.000 	24132.35055
1.005 	22815.98947
1.010 	21551.05322
1.015 	20336.15414
1.020 	19169.93515
1.025 	18051.06914
1.030 	16978.25835
1.035 	15950.23389
1.040 	14965.75508
1.045 	14023.60897
1.050 	13122.60977
1.055 	12261.59836
1.060 	11439.44169
1.065 	10655.03237
1.070 	9907.28807
1.075 	9195.151104
1.080 	8517.587905
1.085 	7873.588557
1.090 	7262.166333
1.095 	6682.357233
1.100 	6133.219531
1.105 	5613.833337
1.110 	5123.300158
1.115 	4660.742474
1.120 	4225.30332
1.125 	3816.14587
1.130 	3432.453034
1.135 	3073.427066
1.140 	2738.289168
1.145 	2426.27911
1.150 	2136.654855
1.155 	1868.692189
1.160 	1621.684358
1.165 	1394.941715
1.170 	1187.791369
1.175 	999.5768399
1.180 	829.6577283
1.185 	677.4093795
1.190 	542.2225615
1.195 	423.5031467
1.200 	320.6717987
1.205 	233.1636663
1.210 	160.4280821
1.215 	101.9282669
1.220 	57.14104001
1.225 	25.55653431
1.230 	6.677916926
1.235 	0.5
1.240 	5.114547038
1.245 	21.49885788
1.250 	48.72666053
1.255 	86.36228134
1.260 	133.9815106
1.265 	191.1713577
1.270 	257.5298109
1.275 	332.6656012
1.280 	416.1979718
1.285 	507.7564504
1.290 	606.9806272
1.295 	713.5199358
1.300 	827.0334395
1.305 	947.1896209
1.310 	1073.666176
1.315 	1206.14981
1.320 	1344.336042
1.325 	1487.92901
1.330 	1636.641275
1.335 	1790.193642
1.340 	1948.314968
1.345 	2110.74199
1.350 	2277.21914
1.355 	2447.498379
1.360 	2621.339024
1.365 	2798.507581
1.370 	2978.777583
1.375 	3161.929428
1.380 	3347.750224
1.385 	3536.033636
1.390 	3726.579731
1.395 	3919.194833
1.400 	4113.691379
1.405 	4309.887774
1.410 	4507.608253
1.415 	4706.682744
1.420 	4906.946735
1.425 	5108.241142
1.430 	5310.41218
1.435 	5513.311238
1.440 	5716.794755
1.445 	5920.724097
1.450 	6124.965443
1.455 	6329.389664
1.460 	6533.872211
1.465 	6738.293005
1.470 	6942.536323
1.475 	7146.490697
1.480 	7350.048805
1.485 	7553.107367
1.490 	7755.56705
1.495 	7957.332363
1.500 	8158.311564
1.505 	8358.416565
1.510 	8557.562839
1.515 	8755.669328
1.520 	8952.658356
1.525 	9148.45554
1.530 	9342.989708
1.535 	9536.192812
1.540 	9727.999847
1.545 	9918.348774
1.550 	10107.18044
1.555 	10294.43849
1.560 	10480.06933
1.565 	10664.02199
1.570 	10846.24812
1.575 	11026.70187
1.580 	11205.33985
1.585 	11382.12103
1.590 	11557.00673
1.595 	11729.9605
1.600 	11900.94809
1.605 	12069.93735
1.610 	12236.89823
1.615 	12401.80267
1.620 	12564.62456
1.625 	12725.3397
1.630 	12883.92569
1.635 	13040.36196
1.640 	13194.62964
1.645 	13346.71154
1.650 	13496.59212
1.655 	13644.25739
1.660 	13789.69492
1.665 	13932.89375
1.670 	14073.84435
1.675 	14212.53859
1.680 	14348.9697
1.685 	14483.1322
1.690 	14615.02188
1.695 	14744.63575
1.700 	14871.97199
1.705 	14997.02996
1.710 	15119.81009
1.715 	15240.31388
1.720 	15358.54388
1.725 	15474.50362
1.730 	15588.19759
1.735 	15699.63122
1.740 	15808.81082
1.745 	15915.74356
1.750 	16020.43744
1.755 	16122.90127
1.760 	16223.14461
1.765 	16321.17778
1.770 	16417.01178
1.775 	16510.65833
1.780 	16602.12977
1.785 	16691.43908
1.790 	16778.59986
1.795 	16863.62625
1.800 	16946.53298
1.805 	17027.33528
1.810 	17106.04891
1.815 	17182.69008
1.820 	17257.27549
1.825 	17329.82227
1.830 	17400.34794
1.835 	17468.87046
1.840 	17535.40813
1.845 	17599.97963
1.850 	17662.60396
1.855 	17723.30045
1.860 	17782.08874
1.865 	17838.98873
1.870 	17894.02061
1.875 	17947.20479
1.880 	17998.56196
1.885 	18048.11298
1.890 	18095.87894
1.895 	18141.88111
1.900 	18186.14095
1.905 	18228.68005
1.910 	18269.52017
1.915 	18308.6832
1.920 	18346.19113
1.925 	18382.06609
1.930 	18416.33029
1.935 	18449.00601
1.940 	18480.11563
1.945 	18509.68156
1.950 	18537.72629
1.955 	18564.27234
1.960 	18589.34226
1.965 	18612.95861
1.970 	18635.14398
1.975 	18655.92095
1.980 	18675.3121
1.985 	18693.33999
1.990 	18710.02715
1.995 	18725.3961
2.000 	18739.4693
2.005 	18752.26917
2.010 	18763.81808
2.015 	18774.13834
2.020 	18783.25217
2.025 	18791.18175
2.030 	18797.94916
2.035 	18803.5764
2.040 	18808.08537
2.045 	18811.49788
2.050 	18813.83563
2.055 	18815.12021
2.060 	18815.37312
2.065 	18814.61571
2.070 	18812.86922
2.075 	18810.15478
2.080 	18806.49335
2.085 	18801.90579
2.090 	18796.41281
2.095 	18790.03497
2.100 	18782.79269
2.105 	18774.70623
2.110 	18765.79572
2.115 	18756.08111
2.120 	18745.5822
2.125 	18734.31862
2.130 	18722.30986
2.135 	18709.57522
2.140 	18696.13383
2.145 	18682.00467
2.150 	18667.20651
2.155 	18651.75798
2.160 	18635.67752
2.165 	18618.98338
2.170 	18601.69364
2.175 	18583.8262
2.180 	18565.39876
2.185 	18546.42886
2.190 	18526.93384
2.195 	18506.93083
2.200 	18486.43682
2.205 	18465.46858
2.210 	18444.04268
2.215 	18422.17552
2.220 	18399.88331
2.225 	18377.18204
2.230 	18354.08755
2.235 	18330.61545
2.240 	18306.78117
2.245 	18282.59995
2.250 	18258.08683
2.255 	18233.25666
2.260 	18208.1241
2.265 	18182.70361
2.270 	18157.00945
2.275 	18131.0557
2.280 	18104.85624
2.285 	18078.42475
2.290 	18051.77474
2.295 	18024.91949
2.300 	17997.87212
2.305 	17970.64556
2.310 	17943.25252
2.315 	17915.70554
2.320 	17888.01697
2.325 	17860.19897
2.330 	17832.2635
2.335 	17804.22236
2.340 	17776.08712
2.345 	17747.86921
2.350 	17719.57984
2.355 	17691.23005
2.360 	17662.83071
2.365 	17634.39248
2.370 	17605.92585
2.375 	17577.44114
2.380 	17548.94849
2.385 	17520.45783
2.390 	17491.97896
2.395 	17463.52147
2.400 	17435.09479
2.405 	17406.70817
2.410 	17378.3707
2.415 	17350.09128
2.420 	17321.87865
2.425 	17293.74138
2.430 	17265.68789
2.435 	17237.7264
2.440 	17209.86498
2.445 	17182.11156
2.450 	17154.47387
2.455 	17126.9595
2.460 	17099.57589
2.465 	17072.3303
2.470 	17045.22984
2.475 	17018.28147
2.480 	16991.492
2.485 	16964.86808
2.490 	16938.41622
2.495 	16912.14275
2.500 	16886.0539
2.505 	16860.15572
2.510 	16834.45412
2.515 	16808.95486
2.520 	16783.66359
2.525 	16758.58579
2.530 	16733.7268
2.535 	16709.09183
2.540 	16684.68597
2.545 	16660.51415
2.550 	16636.58118
2.555 	16612.89173
2.560 	16589.45035
2.565 	16566.26146
2.570 	16543.32935
2.575 	16520.65818
2.580 	16498.25199
2.585 	16476.1147
2.590 	16454.2501
2.595 	16432.66188
2.600 	16411.3536
2.605 	16390.32868
2.610 	16369.59047
2.615 	16349.14217
2.620 	16328.98689
2.625 	16309.12761
2.630 	16289.56722
2.635 	16270.30848
2.640 	16251.35408
2.645 	16232.70655
2.650 	16214.36838
2.655 	16196.3419
2.660 	16178.62938
2.665 	16161.23296
2.670 	16144.15472
2.675 	16127.3966
2.680 	16110.96048
2.685 	16094.84813
2.690 	16079.06122
2.695 	16063.60135
2.700 	16048.47002
2.705 	16033.66863
2.710 	16019.19852
2.715 	16005.06091
2.720 	15991.25697
2.725 	15977.78777
2.730 	15964.65428
2.735 	15951.85744
2.740 	15939.39806
2.745 	15927.2769
2.750 	15915.49463
2.755 	15904.05186
2.760 	15892.94911
2.765 	15882.18683
2.770 	15871.76542
2.775 	15861.68518
2.780 	15851.94636
2.785 	15842.54913
2.790 	15833.4936
2.795 	15824.77982
2.800 	15816.40776
2.805 	15808.37734
2.810 	15800.68842
2.815 	15793.34079
2.820 	15786.33418
2.825 	15779.66827
2.830 	15773.34268
2.835 	15767.35697
2.840 	15761.71064
2.845 	15756.40315
2.850 	15751.4339
2.855 	15746.80223
2.860 	15742.50744
2.865 	15738.54878
2.870 	15734.92545
2.875 	15731.63658
2.880 	15728.6813
2.885 	15726.05864
2.890 	15723.76763
2.895 	15721.80723
2.900 	15720.17637
2.905 	15718.87393
2.910 	15717.89875
2.915 	15717.24963
2.920 	15716.92534
2.925 	15716.9246
2.930 	15717.24609
2.935 	15717.88848
2.940 	15718.85036
2.945 	15720.13032
2.950 	15721.72691
2.955 	15723.63864
2.960 	15725.86399
2.965 	15728.4014
2.970 	15731.24931
2.975 	15734.40609
2.980 	15737.87011
2.985 	15741.63969
2.990 	15745.71315
2.995 	15750.08876
3.000 	15754.76477
3.005 	15759.7394
3.010 	15765.01087
3.015 	15770.57735
3.020 	15776.43699
3.025 	15782.58793
3.030 	15789.02828
3.035 	15795.75614
3.040 	15802.76956
3.045 	15810.06661
3.050 	15817.64532
3.055 	15825.50369
3.060 	15833.63974
3.065 	15842.05143
3.070 	15850.73674
3.075 	15859.6936
3.080 	15868.91996
3.085 	15878.41373
3.090 	15888.17282
3.095 	15898.19512
3.100 	15908.4785
3.105 	15919.02084
3.110 	15929.81999
3.115 	15940.87379
3.120 	15952.18008
3.125 	15963.73669
3.130 	15975.54142
3.135 	15987.59208
3.140 	15999.88646
3.145 	16012.42237
3.150 	16025.19758
3.155 	16038.20986
3.160 	16051.45698
3.165 	16064.93671
3.170 	16078.64679
3.175 	16092.585
3.180 	16106.74906
3.185 	16121.13672
3.190 	16135.74573
3.195 	16150.57382
3.200 	16165.61871
3.205 	16180.87815
3.210 	16196.34986
3.215 	16212.03156
3.220 	16227.92098
3.225 	16244.01584
3.230 	16260.31387
3.235 	16276.81279
3.240 	16293.51033
3.245 	16310.4042
3.250 	16327.49214
3.255 	16344.77186
3.260 	16362.2411
3.265 	16379.89757
3.270 	16397.73903
3.275 	16415.76319
3.280 	16433.96779
3.285 	16452.35058
3.290 	16470.90929
3.295 	16489.64167
3.300 	16508.54548
3.305 	16527.61846
3.310 	16546.85837
3.315 	16566.26298
3.320 	16585.83006
3.325 	16605.55738
3.330 	16625.44271
3.335 	16645.48385
3.340 	16665.67858
3.345 	16686.02471
3.350 	16706.52002
3.355 	16727.16234
3.360 	16747.94949
3.365 	16768.87927
3.370 	16789.94953
3.375 	16811.15811
3.380 	16832.50285
3.385 	16853.9816
3.390 	16875.59223
3.395 	16897.3326
3.400 	16919.20061
3.405 	16941.19412
3.410 	16963.31105
3.415 	16985.54929
3.420 	17007.90676
3.425 	17030.38138
3.430 	17052.97109
3.435 	17075.67383
3.440 	17098.48754
3.445 	17121.4102
3.450 	17144.43977
3.455 	17167.57424
3.460 	17190.8116
3.465 	17214.14984
3.470 	17237.58699
3.475 	17261.12106
3.480 	17284.7501
3.485 	17308.47214
3.490 	17332.28524
3.495 	17356.18747
3.500 	17380.17691
3.505 	17404.25164
3.510 	17428.40977
3.515 	17452.6494
3.520 	17476.96867
3.525 	17501.3657
3.530 	17525.83864
3.535 	17550.38566
3.540 	17575.00492
3.545 	17599.69459
3.550 	17624.45289
3.555 	17649.278
3.560 	17674.16815
3.565 	17699.12157
3.570 	17724.13651
3.575 	17749.2112
3.580 	17774.34393
3.585 	17799.53297
3.590 	17824.7766
3.595 	17850.07314
3.600 	17875.4209
3.605 	17900.8182
3.610 	17926.2634
3.615 	17951.75483
3.620 	17977.29087
3.625 	18002.86989
3.630 	18028.49029
3.635 	18054.15047
3.640 	18079.84884
3.645 	18105.58383
3.650 	18131.35389
3.655 	18157.15747
3.660 	18182.99303
3.665 	18208.85905
3.670 	18234.75404
3.675 	18260.67648
3.680 	18286.6249
3.685 	18312.59783
3.690 	18338.59381
3.695 	18364.61139
3.700 	18390.64916
3.705 	18416.70567
3.710 	18442.77954
3.715 	18468.86937
3.720 	18494.97376
3.725 	18521.09137
3.730 	18547.22083
3.735 	18573.36079
3.740 	18599.50994
3.745 	18625.66694
3.750 	18651.8305
3.755 	18677.99932
3.760 	18704.17212
3.765 	18730.34763
3.770 	18756.52461
3.775 	18782.7018
3.780 	18808.87797
3.785 	18835.05192
3.790 	18861.22242
3.795 	18887.3883
3.800 	18913.54836
3.805 	18939.70145
3.810 	18965.84639
3.815 	18991.98206
3.820 	19018.10731
3.825 	19044.22103
3.830 	19070.32211
3.835 	19096.40946
3.840 	19122.48198
3.845 	19148.53862
3.850 	19174.5783
3.855 	19200.59998
3.860 	19226.60262
3.865 	19252.58521
3.870 	19278.54672
3.875 	19304.48616
3.880 	19330.40254
3.885 	19356.29487
3.890 	19382.1622
3.895 	19408.00357
3.900 	19433.81803
3.905 	19459.60466
3.910 	19485.36252
3.915 	19511.09073
3.920 	19536.78836
3.925 	19562.45455
3.930 	19588.08841
3.935 	19613.68908
3.940 	19639.25571
3.945 	19664.78745
3.950 	19690.28346
3.955 	19715.74294
3.960 	19741.16507
3.965 	19766.54905
3.970 	19791.8941
3.975 	19817.19942
3.980 	19842.46427
3.985 	19867.68787
3.990 	19892.86949
3.995 	19918.00838
4.000 	19943.10383
4.005 	19968.15511
4.010 	19993.16152
4.015 	20018.12237
4.020 	20043.03697
4.025 	20067.90464
4.030 	20092.72472
4.035 	20117.49656
4.040 	20142.2195
4.045 	20166.89292
4.050 	20191.51618
4.055 	20216.08868
4.060 	20240.60979
4.065 	20265.07894
4.070 	20289.49552
4.075 	20313.85896
4.080 	20338.16869
4.085 	20362.42415
4.090 	20386.62479
4.095 	20410.77007
4.100 	20434.85945
4.105 	20458.89242
4.110 	20482.86845
4.115 	20506.78704
4.120 	20530.6477
4.125 	20554.44993
4.130 	20578.19325
4.135 	20601.8772
4.140 	20625.50131
4.145 	20649.06513
4.150 	20672.56821
4.155 	20696.01011
4.160 	20719.39041
4.165 	20742.70868
4.170 	20765.96451
4.175 	20789.1575
4.180 	20812.28725
4.185 	20835.35337
4.190 	20858.35548
4.195 	20881.29321
4.200 	20904.16619
4.205 	20926.97406
4.210 	20949.71648
4.215 	20972.3931
4.220 	20995.00359
4.225 	21017.54761
4.230 	21040.02485
4.235 	21062.435
4.240 	21084.77775
4.245 	21107.05281
4.250 	21129.25987
4.255 	21151.39866
4.260 	21173.4689
4.265 	21195.47031
4.270 	21217.40264
4.275 	21239.26564
4.280 	21261.05903
4.285 	21282.7826
4.290 	21304.43609
4.295 	21326.01928
4.300 	21347.53195
4.305 	21368.97387
4.310 	21390.34485
4.315 	21411.64466
4.320 	21432.87312
4.325 	21454.03002
4.330 	21475.1152
4.335 	21496.12846
4.340 	21517.06963
4.345 	21537.93855
4.350 	21558.73505
4.355 	21579.45897
4.360 	21600.11017
4.365 	21620.6885
4.370 	21641.19382
4.375 	21661.626
4.380 	21681.98491
4.385 	21702.27043
4.390 	21722.48244
4.395 	21742.62082
4.400 	21762.68548
4.405 	21782.67631
4.410 	21802.59321
4.415 	21822.4361
4.420 	21842.20489
4.425 	21861.89949
4.430 	21881.51984
4.435 	21901.06586
4.440 	21920.53748
4.445 	21939.93465
4.450 	21959.25731
4.455 	21978.5054
4.460 	21997.67888
4.465 	22016.77771
4.470 	22035.80184
4.475 	22054.75126
4.480 	22073.62592
4.485 	22092.4258
4.490 	22111.15088
4.495 	22129.80115
4.500 	22148.3766
4.505 	22166.87721
4.510 	22185.30298
4.515 	22203.65392
4.520 	22221.93003
4.525 	22240.13132
4.530 	22258.25779
4.535 	22276.30948
4.540 	22294.28639
4.545 	22312.18855
4.550 	22330.01599
4.555 	22347.76875
4.560 	22365.44685
4.565 	22383.05034
4.570 	22400.57925
4.575 	22418.03364
4.580 	22435.41356
4.585 	22452.71905
4.590 	22469.95017
4.595 	22487.10698
4.600 	22504.18956
4.605 	22521.19795
4.610 	22538.13223
4.615 	22554.99248
4.620 	22571.77876
4.625 	22588.49117
4.630 	22605.12977
4.635 	22621.69466
4.640 	22638.18592
4.645 	22654.60364
4.650 	22670.94791
4.655 	22687.21884
4.660 	22703.41652
4.665 	22719.54105
4.670 	22735.59254
4.675 	22751.5711
4.680 	22767.47682
4.685 	22783.30984
4.690 	22799.07025
4.695 	22814.75818
4.700 	22830.37375
4.705 	22845.91708
4.710 	22861.3883
4.715 	22876.78752
4.720 	22892.11489
4.725 	22907.37053
4.730 	22922.55458
4.735 	22937.66717
4.740 	22952.70844
4.745 	22967.67853
4.750 	22982.57758
4.755 	22997.40574
4.760 	23012.16316
4.765 	23026.84997
4.770 	23041.46634
4.775 	23056.01242
4.780 	23070.48836
4.785 	23084.89431
4.790 	23099.23043
4.795 	23113.49689
4.800 	23127.69385
4.805 	23141.82146
4.810 	23155.87989
4.815 	23169.86932
4.820 	23183.7899
4.825 	23197.64181
4.830 	23211.42522
4.835 	23225.1403
4.840 	23238.78723
4.845 	23252.36618
4.850 	23265.87734
4.855 	23279.32087
4.860 	23292.69696
4.865 	23306.00579
4.870 	23319.24754
4.875 	23332.4224
4.880 	23345.53056
4.885 	23358.5722
4.890 	23371.5475
4.895 	23384.45667
4.900 	23397.29988
4.905 	23410.07733
4.910 	23422.78921
4.915 	23435.43572
4.920 	23448.01705
4.925 	23460.5334
4.930 	23472.98496
4.935 	23485.37194
4.940 	23497.69452
4.945 	23509.95292
4.950 	23522.14733
4.955 	23534.27795
4.960 	23546.34498
4.965 	23558.34864
4.970 	23570.28912
4.975 	23582.16663
4.980 	23593.98138
4.985 	23605.73356
4.990 	23617.42339
4.995 	23629.05109
5.000 	23640.61684
5.005 	23652.12087
5.010 	23663.56339
5.015 	23674.9446
5.020 	23686.26472
5.025 	23697.52396
5.030 	23708.72253
5.035 	23719.86065
5.040 	23730.93852
5.045 	23741.95637
5.050 	23752.9144
5.055 	23763.81284
5.060 	23774.6519
5.065 	23785.43179
5.070 	23796.15272
5.075 	23806.81493
5.080 	23817.41862
5.085 	23827.96402
5.090 	23838.45133
5.095 	23848.88078
5.100 	23859.25259
5.105 	23869.56698
5.110 	23879.82415
5.115 	23890.02435
5.120 	23900.16778
5.125 	23910.25466
5.130 	23920.28521
5.135 	23930.25966
5.140 	23940.17823
5.145 	23950.04113
5.150 	23959.84858
5.155 	23969.60082
5.160 	23979.29805
5.165 	23988.9405
5.170 	23998.52839
5.175 	24008.06194
5.180 	24017.54138
5.185 	24026.96692
5.190 	24036.33879
5.195 	24045.65721
5.200 	24054.92239
5.205 	24064.13457
5.210 	24073.29396
5.215 	24082.40078
5.220 	24091.45526
5.225 	24100.45761
5.230 	24109.40806
5.235 	24118.30684
5.240 	24127.15415
5.245 	24135.95022
5.250 	24144.69528
5.255 	24153.38954
5.260 	24162.03322
5.265 	24170.62655
5.270 	24179.16974
5.275 	24187.66302
5.280 	24196.10661
5.285 	24204.50071
5.290 	24212.84557
5.295 	24221.14138
5.300 	24229.38839
5.305 	24237.58679
5.310 	24245.73681
5.315 	24253.83867
5.320 	24261.89259
5.325 	24269.89879
5.330 	24277.85748
5.335 	24285.76888
5.340 	24293.6332
5.345 	24301.45068
5.350 	24309.22151
5.355 	24316.94592
5.360 	24324.62412
5.365 	24332.25633
5.370 	24339.84276
5.375 	24347.38363
5.380 	24354.87916
5.385 	24362.32955
5.390 	24369.73502
5.395 	24377.09578
5.400 	24384.41206
5.405 	24391.68405
5.410 	24398.91197
5.415 	24406.09603
5.420 	24413.23645
5.425 	24420.33343
5.430 	24427.38718
5.435 	24434.39792
5.440 	24441.36586
5.445 	24448.2912
5.450 	24455.17415
5.455 	24462.01492
5.460 	24468.81372
5.465 	24475.57075
5.470 	24482.28623
5.475 	24488.96035
5.480 	24495.59332
5.485 	24502.18536
5.490 	24508.73665
5.495 	24515.24742
5.500 	24521.71785
5.505 	24528.14816
5.510 	24534.53854
5.515 	24540.88921
5.520 	24547.20035
5.525 	24553.47218
5.530 	24559.70488
5.535 	24565.89867
5.540 	24572.05374
5.545 	24578.17029
5.550 	24584.24852
5.555 	24590.28862
5.560 	24596.29079
5.565 	24602.25524
5.570 	24608.18214
5.575 	24614.07171
5.580 	24619.92414
5.585 	24625.73961
5.590 	24631.51833
5.595 	24637.26048
5.600 	24642.96626
5.605 	24648.63586
5.610 	24654.26947
5.615 	24659.86729
5.620 	24665.4295
5.625 	24670.95628
5.630 	24676.44784
5.635 	24681.90436
5.640 	24687.32602
5.645 	24692.71301
5.650 	24698.06553
5.655 	24703.38375
5.660 	24708.66785
5.665 	24713.91804
5.670 	24719.13447
5.675 	24724.31736
5.680 	24729.46686
5.685 	24734.58317
5.690 	24739.66646
5.695 	24744.71693
5.700 	24749.73473
5.705 	24754.72007
5.710 	24759.67311
5.715 	24764.59403
5.720 	24769.48302
5.725 	24774.34023
5.730 	24779.16587
5.735 	24783.96009
5.740 	24788.72307
5.745 	24793.45499
5.750 	24798.15602
5.755 	24802.82633
5.760 	24807.46609
5.765 	24812.07549
5.770 	24816.65468
5.775 	24821.20383
5.780 	24825.72313
5.785 	24830.21272
5.790 	24834.6728
5.795 	24839.10351
