0.800 	164504.0294
0.805 	157553.4019
0.810 	150871.5154
0.815 	144447.7297
0.820 	138271.8647
0.825 	132334.1803
0.830 	126625.356
0.835 	121136.4724
0.840 	115858.9926
0.845 	110784.7452
0.850 	105905.9079
0.855 	101214.9912
0.860 	96704.82388
0.865 	92368.53827
0.870 	88199.55668
0.875 	84191.57824
0.880 	80338.56634
0.885 	76634.73675
0.890 	73074.54617
0.895 	69652.68138
0.900 	66364.04882
0.905 	63203.7647
0.910 	60167.14554
0.915 	57249.69914
0.920 	54447.11599
0.925 	51755.26101
0.930 	49170.16579
0.935 	46688.02104
0.940 	44305.16951
0.945 	42018.09917
0.950 	39823.43673
0.955 	37717.94146
0.960 	35698.49929
0.965 	33762.11717
0.970 	31905.91773
0.975 	30127.13416
0.980 	28423.10532
0.985 	26791.2711
0.990 	25229.168
0.995 	23734.42489
1.000 	22304.75898
1.005 	20937.97198
1.010 	19631.94646
1.015 	18384.64233
1.020 	17194.09353
1.025 	16058.40485
1.030 	14975.74891
1.035 	13944.36329
1.040 	12962.54777
1.045 	12028.66171
1.050 	11141.12155
1.055 	10298.39846
1.060 	9499.016017
1.065 	8741.548109
1.070 	8024.616821
1.075 	7346.89049
1.080 	6707.08183
1.085 	6103.946145
1.090 	5536.279624
1.095 	5002.917714
1.100 	4502.733576
1.105 	4034.636605
1.110 	3597.571018
1.115 	3190.514511
1.120 	2812.476979
1.125 	2462.49929
1.130 	2139.652116
1.135 	1843.03482
1.140 	1571.774392
1.145 	1325.024435
1.150 	1101.964192
1.155 	901.7976247
1.160 	723.752525
1.165 	567.0796726
1.170 	431.0520272
1.175 	314.9639575
1.180 	218.1305035
1.185 	139.8866719
1.190 	79.5867616
1.195 	36.60371913
1.200 	10.32852138
1.205 	0.169585098
1.210 	5.552201503
1.215 	25.91799482
1.220 	60.72440359
1.225 	109.4441837
1.230 	171.5649317
1.235 	246.5886283
1.240 	334.0312
1.245 	433.4220983
1.250 	544.3038964
1.255 	666.2319014
1.260 	798.7737816
1.265 	941.5092092
1.270 	1094.029515
1.275 	1255.93736
1.280 	1426.846413
1.285 	1606.381048
1.290 	1794.176044
1.295 	1989.876306
1.300 	2193.136588
1.305 	2403.621227
1.310 	2621.00389
1.315 	2844.967327
1.320 	3075.203132
1.325 	3311.411516
1.330 	3553.301081
1.335 	3800.588607
1.340 	4052.998845
1.345 	4310.264313
1.350 	4572.125102
1.355 	4838.328692
1.360 	5108.629759
1.365 	5382.790007
1.370 	5660.577989
1.375 	5941.768945
1.380 	6226.144635
1.385 	6513.493184
1.390 	6803.608928
1.395 	7096.292266
1.400 	7391.349512
1.405 	7688.592755
1.410 	7987.839726
1.415 	8288.913656
1.420 	8591.643154
1.425 	8895.862072
1.430 	9201.409389
1.435 	9508.129084
1.440 	9815.870022
1.445 	10124.48584
1.450 	10433.83482
1.455 	10743.77981
1.460 	11054.18808
1.465 	11364.93125
1.470 	11675.88518
1.475 	11986.92983
1.480 	12297.94924
1.485 	12608.83136
1.490 	12919.46799
1.495 	13229.75471
1.500 	13539.59073
1.505 	13848.87886
1.510 	14157.52541
1.515 	14465.44007
1.520 	14772.5359
1.525 	15078.72915
1.530 	15383.9393
1.535 	15688.08886
1.540 	15991.10341
1.545 	16292.91142
1.550 	16593.44426
1.555 	16892.63609
1.560 	17190.42379
1.565 	17486.74691
1.570 	17781.54759
1.575 	18074.77047
1.580 	18366.3627
1.585 	18656.27378
1.590 	18944.45557
1.595 	19230.86222
1.600 	19515.45007
1.605 	19798.17763
1.610 	20079.00553
1.615 	20357.8964
1.620 	20634.81491
1.625 	20909.72764
1.630 	21182.60307
1.635 	21453.41149
1.640 	21722.125
1.645 	21988.71742
1.650 	22253.16426
1.655 	22515.44266
1.660 	22775.53135
1.665 	23033.41061
1.670 	23289.06223
1.675 	23542.46944
1.680 	23793.61689
1.685 	24042.49061
1.690 	24289.07794
1.695 	24533.36755
1.700 	24775.34931
1.705 	25015.01435
1.710 	25252.35494
1.715 	25487.3645
1.720 	25720.03758
1.725 	25950.36974
1.730 	26178.35762
1.735 	26403.99885
1.740 	26627.292
1.745 	26848.2366
1.750 	27066.83307
1.755 	27283.0827
1.760 	27496.98764
1.765 	27708.55081
1.770 	27917.77595
1.775 	28124.66753
1.780 	28329.23077
1.785 	28531.47157
1.790 	28731.3965
1.795 	28929.01279
1.800 	29124.3283
1.805 	29317.35146
1.810 	29508.0913
1.815 	29696.55739
1.820 	29882.75983
1.825 	30066.70923
1.830 	30248.41667
1.835 	30427.89372
1.840 	30605.15236
1.845 	30780.20502
1.850 	30953.06453
1.855 	31123.74409
1.860 	31292.25727
1.865 	31458.61801
1.870 	31622.84054
1.875 	31784.93945
1.880 	31944.92959
1.885 	32102.82612
1.890 	32258.64443
1.895 	32412.40019
1.900 	32564.1093
1.905 	32713.78787
1.910 	32861.45222
1.915 	33007.11888
1.920 	33150.80452
1.925 	33292.52603
1.930 	33432.30041
1.935 	33570.14482
1.940 	33706.07656
1.945 	33840.11303
1.950 	33972.27175
1.955 	34102.57034
1.960 	34231.02649
1.965 	34357.65799
1.970 	34482.48269
1.975 	34605.51848
1.980 	34726.78333
1.985 	34846.29522
1.990 	34964.07219
1.995 	35080.13228
2.000 	35194.49356
2.005 	35307.17409
2.010 	35418.19196
2.015 	35527.56523
2.020 	35635.31194
2.025 	35741.45014
2.030 	35845.99783
2.035 	35948.97298
2.040 	36050.39352
2.045 	36150.27735
2.050 	36248.6423
2.055 	36345.50616
2.060 	36440.88665
2.065 	36534.80142
2.070 	36627.26808
2.075 	36718.30413
2.080 	36807.927
2.085 	36896.15406
2.090 	36983.00256
2.095 	37068.48968
2.100 	37152.63251
2.105 	37235.44802
2.110 	37316.95311
2.115 	37397.16455
2.120 	37476.09901
2.125 	37553.77307
2.130 	37630.20317
2.135 	37705.40564
2.140 	37779.39672
2.145 	37852.1925
2.150 	37923.80895
2.155 	37994.26195
2.160 	38063.56722
2.165 	38131.74036
2.170 	38198.79685
2.175 	38264.75204
2.180 	38329.62114
2.185 	38393.41924
2.190 	38456.16129
2.195 	38517.86209
2.200 	38578.53632
2.205 	38638.19853
2.210 	38696.86312
2.215 	38754.54436
2.220 	38811.25636
2.225 	38867.01312
2.230 	38921.82847
2.235 	38975.71614
2.240 	39028.68967
2.245 	39080.7625
2.250 	39131.9479
2.255 	39182.25902
2.260 	39231.70885
2.265 	39280.31025
2.270 	39328.07594
2.275 	39375.01848
2.280 	39421.15032
2.285 	39466.48373
2.290 	39511.03089
2.295 	39554.80378
2.300 	39597.81429
2.305 	39640.07414
2.310 	39681.59493
2.315 	39722.3881
2.320 	39762.46496
2.325 	39801.83671
2.330 	39840.51436
2.335 	39878.50883
2.340 	39915.83087
2.345 	39952.49113
2.350 	39988.5001
2.355 	40023.86813
2.360 	40058.60546
2.365 	40092.72219
2.370 	40126.22829
2.375 	40159.13357
2.380 	40191.44777
2.385 	40223.18044
2.390 	40254.34105
2.395 	40284.93891
2.400 	40314.98323
2.405 	40344.48306
2.410 	40373.44737
2.415 	40401.88498
2.420 	40429.80459
2.425 	40457.21478
2.430 	40484.12403
2.435 	40510.54066
2.440 	40536.47291
2.445 	40561.9289
2.450 	40586.9166
2.455 	40611.44391
2.460 	40635.51859
2.465 	40659.1483
2.470 	40682.34058
2.475 	40705.10286
2.480 	40727.44246
2.485 	40749.36661
2.490 	40770.88242
2.495 	40791.99689
2.500 	40812.71691
2.505 	40833.0493
2.510 	40853.00073
2.515 	40872.57782
2.520 	40891.78704
2.525 	40910.6348
2.530 	40929.12739
2.535 	40947.27101
2.540 	40965.07178
2.545 	40982.5357
2.550 	40999.66868
2.555 	41016.47657
2.560 	41032.96508
2.565 	41049.13988
2.570 	41065.0065
2.575 	41080.57043
2.580 	41095.83705
2.585 	41110.81165
2.590 	41125.49945
2.595 	41139.90557
2.600 	41154.03507
2.605 	41167.8929
2.610 	41181.48396
2.615 	41194.81305
2.620 	41207.8849
2.625 	41220.70417
2.630 	41233.27542
2.635 	41245.60317
2.640 	41257.69183
2.645 	41269.54576
2.650 	41281.16925
2.655 	41292.5665
2.660 	41303.74166
2.665 	41314.6988
2.670 	41325.44193
2.675 	41335.97497
2.680 	41346.30181
2.685 	41356.42624
2.690 	41366.35202
2.695 	41376.08282
2.700 	41385.62225
2.705 	41394.97387
2.710 	41404.14118
2.715 	41413.12761
2.720 	41421.93653
2.725 	41430.57126
2.730 	41439.03507
2.735 	41447.33116
2.740 	41455.46267
2.745 	41463.43271
2.750 	41471.2443
2.755 	41478.90045
2.760 	41486.40408
2.765 	41493.75809
2.770 	41500.96529
2.775 	41508.02849
2.780 	41514.95041
2.785 	41521.73373
2.790 	41528.38111
2.795 	41534.89513
2.800 	41541.27834
2.805 	41547.53324
2.810 	41553.66228
2.815 	41559.66789
2.820 	41565.55243
2.825 	41571.31822
2.830 	41576.96756
2.835 	41582.50268
2.840 	41587.9258
2.845 	41593.23907
2.850 	41598.44462
2.855 	41603.54454
2.860 	41608.54088
2.865 	41613.43564
2.870 	41618.23081
2.875 	41622.92832
2.880 	41627.53007
2.885 	41632.03794
2.890 	41636.45375
2.895 	41640.77931
2.900 	41645.01639
2.905 	41649.16671
2.910 	41653.23199
2.915 	41657.2139
2.920 	41661.11407
2.925 	41664.93411
2.930 	41668.67561
2.935 	41672.34011
2.940 	41675.92913
2.945 	41679.44418
2.950 	41682.88671
2.955 	41686.25816
2.960 	41689.55994
2.965 	41692.79344
2.970 	41695.96002
2.975 	41699.061
2.980 	41702.0977
2.985 	41705.0714
2.990 	41707.98335
2.995 	41710.83479
3.000 	41713.62694
3.005 	41716.36097
3.010 	41719.03806
3.015 	41721.65935
3.020 	41724.22596
3.025 	41726.73898
3.030 	41729.19951
3.035 	41731.60859
3.040 	41733.96727
3.045 	41736.27656
3.050 	41738.53746
3.055 	41740.75095
3.060 	41742.918
3.065 	41745.03953
3.070 	41747.11648
3.075 	41749.14975
3.080 	41751.14023
3.085 	41753.08878
3.090 	41754.99627
3.095 	41756.86353
3.100 	41758.69139
3.105 	41760.48063
3.110 	41762.23207
3.115 	41763.94646
3.120 	41765.62457
3.125 	41767.26714
3.130 	41768.87489
3.135 	41770.44856
3.140 	41771.98882
3.145 	41773.49638
3.150 	41774.97191
3.155 	41776.41606
3.160 	41777.82948
3.165 	41779.2128
3.170 	41780.56665
3.175 	41781.89164
3.180 	41783.18837
3.185 	41784.45741
3.190 	41785.69934
3.195 	41786.91473
3.200 	41788.10412
3.205 	41789.26806
3.210 	41790.40707
3.215 	41791.52167
3.220 	41792.61238
3.225 	41793.67969
3.230 	41794.72408
3.235 	41795.74603
3.240 	41796.74602
3.245 	41797.7245
3.250 	41798.68193
3.255 	41799.61874
3.260 	41800.53536
3.265 	41801.43222
3.270 	41802.30973
3.275 	41803.16831
3.280 	41804.00834
3.285 	41804.83021
3.290 	41805.63432
3.295 	41806.42103
3.300 	41807.19071
3.305 	41807.94371
3.310 	41808.6804
3.315 	41809.40111
3.320 	41810.10618
3.325 	41810.79595
3.330 	41811.47074
3.335 	41812.13085
3.340 	41812.77662
3.345 	41813.40833
3.350 	41814.02629
3.355 	41814.6308
3.360 	41815.22212
3.365 	41815.80055
3.370 	41816.36637
3.375 	41816.91983
3.380 	41817.4612
3.385 	41817.99075
3.390 	41818.50871
3.395 	41819.01535
3.400 	41819.51089
3.405 	41819.99559
3.410 	41820.46966
3.415 	41820.93334
3.420 	41821.38685
3.425 	41821.83041
3.430 	41822.26424
3.435 	41822.68853
3.440 	41823.1035
3.445 	41823.50934
3.450 	41823.90625
3.455 	41824.29443
3.460 	41824.67406
3.465 	41825.04533
3.470 	41825.40841
3.475 	41825.76348
3.480 	41826.11072
3.485 	41826.45029
3.490 	41826.78236
3.495 	41827.1071
3.500 	41827.42465
3.505 	41827.73519
3.510 	41828.03885
3.515 	41828.33578
3.520 	41828.62614
3.525 	41828.91007
3.530 	41829.1877
3.535 	41829.45917
3.540 	41829.72461
3.545 	41829.98417
3.550 	41830.23796
3.555 	41830.4861
3.560 	41830.72873
3.565 	41830.96597
3.570 	41831.19792
3.575 	41831.42471
3.580 	41831.64645
3.585 	41831.86325
3.590 	41832.07521
3.595 	41832.28245
3.600 	41832.48507
3.605 	41832.68316
3.610 	41832.87682
3.615 	41833.06616
3.620 	41833.25127
3.625 	41833.43223
3.630 	41833.60915
3.635 	41833.78211
3.640 	41833.9512
3.645 	41834.1165
3.650 	41834.27809
3.655 	41834.43606
3.660 	41834.59049
3.665 	41834.74145
3.670 	41834.88903
3.675 	41835.03329
3.680 	41835.17431
3.685 	41835.31216
3.690 	41835.44691
3.695 	41835.57863
3.700 	41835.70738
3.705 	41835.83324
3.710 	41835.95626
3.715 	41836.07651
3.720 	41836.19404
3.725 	41836.30893
3.730 	41836.42123
3.735 	41836.53099
3.740 	41836.63828
3.745 	41836.74314
3.750 	41836.84563
3.755 	41836.94581
3.760 	41837.04372
3.765 	41837.13941
3.770 	41837.23294
3.775 	41837.32435
3.780 	41837.4137
3.785 	41837.50101
3.790 	41837.58635
3.795 	41837.66976
3.800 	41837.75127
3.805 	41837.83093
3.810 	41837.90879
3.815 	41837.98487
3.820 	41838.05923
3.825 	41838.1319
3.830 	41838.20292
3.835 	41838.27232
3.840 	41838.34014
3.845 	41838.40642
3.850 	41838.47119
3.855 	41838.53449
3.860 	41838.59634
3.865 	41838.65678
3.870 	41838.71585
3.875 	41838.77357
3.880 	41838.82997
3.885 	41838.88508
3.890 	41838.93894
3.895 	41838.99157
3.900 	41839.04299
3.905 	41839.09324
3.910 	41839.14234
3.915 	41839.19031
3.920 	41839.23719
3.925 	41839.283
3.930 	41839.32775
3.935 	41839.37149
3.940 	41839.41422
3.945 	41839.45597
3.950 	41839.49676
3.955 	41839.53662
3.960 	41839.57556
3.965 	41839.61361
3.970 	41839.65079
3.975 	41839.68711
3.980 	41839.7226
3.985 	41839.75727
3.990 	41839.79115
3.995 	41839.82424
4.000 	41839.85658
4.005 	41839.88817
4.010 	41839.91903
4.015 	41839.94919
4.020 	41839.97865
4.025 	41840.00743
4.030 	41840.03554
4.035 	41840.06301
4.040 	41840.08985
4.045 	41840.11606
4.050 	41840.14167
4.055 	41840.16669
4.060 	41840.19113
4.065 	41840.21501
4.070 	41840.23834
4.075 	41840.26112
4.080 	41840.28338
4.085 	41840.30513
4.090 	41840.32637
4.095 	41840.34712
4.100 	41840.36739
4.105 	41840.38719
4.110 	41840.40653
4.115 	41840.42543
4.120 	41840.44388
4.125 	41840.46191
4.130 	41840.47952
4.135 	41840.49672
4.140 	41840.51352
4.145 	41840.52993
4.150 	41840.54597
4.155 	41840.56162
4.160 	41840.57692
4.165 	41840.59186
4.170 	41840.60645
4.175 	41840.6207
4.180 	41840.63463
4.185 	41840.64822
4.190 	41840.6615
4.195 	41840.67448
4.200 	41840.68715
4.205 	41840.69952
4.210 	41840.71161
4.215 	41840.72341
4.220 	41840.73494
4.225 	41840.7462
4.230 	41840.7572
4.235 	41840.76794
4.240 	41840.77843
4.245 	41840.78868
4.250 	41840.79868
4.255 	41840.80846
4.260 	41840.818
4.265 	41840.82732
4.270 	41840.83643
4.275 	41840.84532
4.280 	41840.854
4.285 	41840.86248
4.290 	41840.87076
4.295 	41840.87885
4.300 	41840.88675
4.305 	41840.89446
4.310 	41840.90199
4.315 	41840.90935
4.320 	41840.91653
4.325 	41840.92355
4.330 	41840.9304
4.335 	41840.93709
4.340 	41840.94362
4.345 	41840.95
4.350 	41840.95623
4.355 	41840.96231
4.360 	41840.96825
4.365 	41840.97405
4.370 	41840.97972
4.375 	41840.98525
4.380 	41840.99065
4.385 	41840.99592
4.390 	41841.00107
4.395 	41841.0061
4.400 	41841.01101
4.405 	41841.01581
4.410 	41841.02049
4.415 	41841.02506
4.420 	41841.02953
4.425 	41841.03388
4.430 	41841.03814
4.435 	41841.0423
4.440 	41841.04635
4.445 	41841.05032
4.450 	41841.05418
4.455 	41841.05796
4.460 	41841.06165
4.465 	41841.06525
4.470 	41841.06877
4.475 	41841.0722
4.480 	41841.07555
4.485 	41841.07882
4.490 	41841.08202
4.495 	41841.08514
4.500 	41841.08818
4.505 	41841.09116
4.510 	41841.09406
4.515 	41841.0969
4.520 	41841.09966
4.525 	41841.10237
4.530 	41841.105
4.535 	41841.10758
4.540 	41841.11009
4.545 	41841.11255
4.550 	41841.11495
4.555 	41841.11729
4.560 	41841.11957
4.565 	41841.1218
4.570 	41841.12398
4.575 	41841.1261
4.580 	41841.12818
4.585 	41841.1302
4.590 	41841.13218
4.595 	41841.13411
4.600 	41841.136
4.605 	41841.13784
4.610 	41841.13963
4.615 	41841.14139
4.620 	41841.1431
4.625 	41841.14477
4.630 	41841.1464
4.635 	41841.148
4.640 	41841.14955
4.645 	41841.15107
4.650 	41841.15255
4.655 	41841.154
4.660 	41841.15541
4.665 	41841.15679
4.670 	41841.15813
4.675 	41841.15944
4.680 	41841.16073
4.685 	41841.16198
4.690 	41841.1632
4.695 	41841.16439
4.700 	41841.16556
4.705 	41841.16669
4.710 	41841.1678
4.715 	41841.16888
4.720 	41841.16994
4.725 	41841.17097
4.730 	41841.17198
4.735 	41841.17296
4.740 	41841.17392
4.745 	41841.17486
4.750 	41841.17577
4.755 	41841.17666
4.760 	41841.17753
4.765 	41841.17838
4.770 	41841.17921
4.775 	41841.18002
4.780 	41841.18081
4.785 	41841.18158
4.790 	41841.18234
4.795 	41841.18307
4.800 	41841.18379
4.805 	41841.18449
4.810 	41841.18517
4.815 	41841.18584
4.820 	41841.18649
4.825 	41841.18712
4.830 	41841.18774
4.835 	41841.18835
4.840 	41841.18894
4.845 	41841.18952
4.850 	41841.19008
4.855 	41841.19063
4.860 	41841.19116
4.865 	41841.19169
4.870 	41841.1922
4.875 	41841.1927
4.880 	41841.19318
4.885 	41841.19366
4.890 	41841.19412
4.895 	41841.19457
4.900 	41841.19501
4.905 	41841.19544
4.910 	41841.19586
4.915 	41841.19627
4.920 	41841.19667
4.925 	41841.19706
4.930 	41841.19745
4.935 	41841.19782
4.940 	41841.19818
4.945 	41841.19853
4.950 	41841.19888
4.955 	41841.19922
4.960 	41841.19955
4.965 	41841.19987
4.970 	41841.20018
4.975 	41841.20049
4.980 	41841.20079
4.985 	41841.20108
4.990 	41841.20136
4.995 	41841.20164
5.000 	41841.20191
5.005 	41841.20217
5.010 	41841.20243
5.015 	41841.20268
5.020 	41841.20293
5.025 	41841.20317
5.030 	41841.2034
5.035 	41841.20363
5.040 	41841.20385
5.045 	41841.20407
5.050 	41841.20428
5.055 	41841.20449
5.060 	41841.20469
5.065 	41841.20489
5.070 	41841.20508
5.075 	41841.20527
5.080 	41841.20545
5.085 	41841.20563
5.090 	41841.2058
5.095 	41841.20598
5.100 	41841.20614
5.105 	41841.2063
5.110 	41841.20646
5.115 	41841.20662
5.120 	41841.20677
5.125 	41841.20691
5.130 	41841.20706
5.135 	41841.2072
5.140 	41841.20733
5.145 	41841.20746
5.150 	41841.20759
5.155 	41841.20772
5.160 	41841.20784
5.165 	41841.20797
5.170 	41841.20808
5.175 	41841.2082
5.180 	41841.20831
5.185 	41841.20842
5.190 	41841.20853
5.195 	41841.20863
5.200 	41841.20873
5.205 	41841.20883
5.210 	41841.20893
5.215 	41841.20902
5.220 	41841.20911
5.225 	41841.2092
5.230 	41841.20929
5.235 	41841.20938
5.240 	41841.20946
5.245 	41841.20954
5.250 	41841.20962
5.255 	41841.2097
5.260 	41841.20977
5.265 	41841.20985
5.270 	41841.20992
5.275 	41841.20999
5.280 	41841.21006
5.285 	41841.21012
5.290 	41841.21019
5.295 	41841.21025
5.300 	41841.21031
5.305 	41841.21038
5.310 	41841.21043
5.315 	41841.21049
5.320 	41841.21055
5.325 	41841.2106
5.330 	41841.21066
5.335 	41841.21071
5.340 	41841.21076
5.345 	41841.21081
5.350 	41841.21086
5.355 	41841.2109
5.360 	41841.21095
5.365 	41841.211
5.370 	41841.21104
5.375 	41841.21108
5.380 	41841.21112
5.385 	41841.21116
5.390 	41841.2112
5.395 	41841.21124
5.400 	41841.21128
5.405 	41841.21132
5.410 	41841.21135
5.415 	41841.21139
5.420 	41841.21142
5.425 	41841.21146
5.430 	41841.21149
5.435 	41841.21152
5.440 	41841.21155
5.445 	41841.21158
5.450 	41841.21161
5.455 	41841.21164
5.460 	41841.21167
5.465 	41841.2117
5.470 	41841.21172
5.475 	41841.21175
5.480 	41841.21177
5.485 	41841.2118
5.490 	41841.21182
5.495 	41841.21185
5.500 	41841.21187
5.505 	41841.21189
5.510 	41841.21191
5.515 	41841.21194
5.520 	41841.21196
5.525 	41841.21198
5.530 	41841.212
5.535 	41841.21202
5.540 	41841.21203
5.545 	41841.21205
5.550 	41841.21207
5.555 	41841.21209
5.560 	41841.21211
5.565 	41841.21212
5.570 	41841.21214
5.575 	41841.21215
5.580 	41841.21217
5.585 	41841.21219
5.590 	41841.2122
5.595 	41841.21221
5.600 	41841.21223
5.605 	41841.21224
5.610 	41841.21226
5.615 	41841.21227
5.620 	41841.21228
5.625 	41841.21229
5.630 	41841.21231
5.635 	41841.21232
5.640 	41841.21233
5.645 	41841.21234
5.650 	41841.21235
5.655 	41841.21236
5.660 	41841.21237
5.665 	41841.21238
5.670 	41841.21239
5.675 	41841.2124
5.680 	41841.21241
5.685 	41841.21242
5.690 	41841.21243
5.695 	41841.21244
5.700 	41841.21245
5.705 	41841.21245
5.710 	41841.21246
5.715 	41841.21247
5.720 	41841.21248
5.725 	41841.21249
5.730 	41841.21249
5.735 	41841.2125
5.740 	41841.21251
5.745 	41841.21251
5.750 	41841.21252
5.755 	41841.21253
5.760 	41841.21253
5.765 	41841.21254
5.770 	41841.21255
5.775 	41841.21255
5.780 	41841.21256
5.785 	41841.21256
5.790 	41841.21257
5.795 	41841.21257
