0.800 	233063.3542
0.805 	224940.3836
0.810 	217084.8559
0.815 	209488.0631
0.820 	202141.5812
0.825 	195037.2618
0.830 	188167.2226
0.835 	181523.8392
0.840 	175099.7366
0.845 	168887.7809
0.850 	162881.0722
0.855 	157072.9359
0.860 	151456.9167
0.865 	146026.7703
0.870 	140776.4572
0.875 	135700.1359
0.880 	130792.1566
0.885 	126047.0545
0.890 	121459.5442
0.895 	117024.5137
0.900 	112737.0189
0.905 	108592.2776
0.910 	104585.665
0.915 	100712.7078
0.920 	96969.07974
0.925 	93350.59651
0.930 	89853.21122
0.935 	86473.00988
0.940 	83206.20699
0.945 	80049.14138
0.950 	76998.27205
0.955 	74050.17429
0.960 	71201.5358
0.965 	68449.15302
0.970 	65789.92752
0.975 	63220.86256
0.980 	60739.05972
0.985 	58341.71565
0.990 	56026.11893
0.995 	53789.64706
1.000 	51629.76347
1.005 	49544.01472
1.010 	47530.02773
1.015 	45585.50713
1.020 	43708.23265
1.025 	41896.05669
1.030 	40146.90185
1.035 	38458.75865
1.040 	36829.68323
1.045 	35257.79523
1.050 	33741.2756
1.055 	32278.36464
1.060 	30867.36
1.065 	29506.61475
1.070 	28194.53556
1.075 	26929.58092
1.080 	25710.25941
1.085 	24535.12802
1.090 	23402.79056
1.095 	22311.89609
1.100 	21261.1374
1.105 	20249.24959
1.110 	19275.00862
1.115 	18337.22997
1.120 	17434.76733
1.125 	16566.5113
1.130 	15731.38819
1.135 	14928.35882
1.140 	14156.41736
1.145 	13414.59022
1.150 	12701.935
1.155 	12017.53942
1.160 	11360.52035
1.165 	10730.02279
1.170 	10125.21901
1.175 	9545.307542
1.180 	8989.512407
1.185 	8457.082202
1.190 	7947.289307
1.195 	7459.429091
1.200 	6992.819149
1.205 	6546.798562
1.210 	6120.727189
1.215 	5713.984972
1.220 	5325.971277
1.225 	4956.104243
1.230 	4603.820169
1.235 	4268.572907
1.240 	3949.833285
1.245 	3647.088547
1.250 	3359.84181
1.255 	3087.61154
1.260 	2829.931051
1.265 	2586.348012
1.270 	2356.423975
1.275 	2139.733926
1.280 	1935.865837
1.285 	1744.420243
1.290 	1565.009836
1.295 	1397.25906
1.300 	1240.803734
1.305 	1095.290679
1.310 	960.37736
1.315 	835.7315424
1.320 	721.0309557
1.325 	615.9629725
1.330 	520.2242966
1.335 	433.5206621
1.340 	355.5665428
1.345 	286.0848711
1.350 	224.8067672
1.355 	171.4712769
1.360 	125.8251181
1.365 	87.6224371
1.370 	56.62457164
1.375 	32.5998232
1.380 	15.32323638
1.385 	4.57638604
1.390 	0.147171593
1.395 	1.829618262
1.400 	9.423685109
1.405 	22.73507956
1.410 	41.5750782
1.415 	65.76035366
1.420 	95.11280735
1.425 	129.4594078
1.430 	168.6320345
1.435 	212.4673272
1.440 	260.8065398
1.445 	313.4953996
1.450 	370.3839713
1.455 	431.326525
1.460 	496.1814097
1.465 	564.8109298
1.470 	637.0812264
1.475 	712.8621631
1.480 	792.027214
1.485 	874.4533574
1.490 	960.0209716
1.495 	1048.613734
1.500 	1140.118527
1.505 	1234.425339
1.510 	1331.42718
1.515 	1431.019989
1.520 	1533.102551
1.525 	1637.576416
1.530 	1744.34582
1.535 	1853.317604
1.540 	1964.401146
1.545 	2077.508286
1.550 	2192.553254
1.555 	2309.452609
1.560 	2428.125168
1.565 	2548.491948
1.570 	2670.4761
1.575 	2794.002856
1.580 	2918.999466
1.585 	3045.395145
1.590 	3173.121024
1.595 	3302.110089
1.600 	3432.297138
1.605 	3563.618732
1.610 	3696.013144
1.615 	3829.420316
1.620 	3963.781814
1.625 	4099.040787
1.630 	4235.141921
1.635 	4372.031405
1.640 	4509.656887
1.645 	4647.967437
1.650 	4786.913512
1.655 	4926.446921
1.660 	5066.520786
1.665 	5207.089513
1.670 	5348.108759
1.675 	5489.535397
1.680 	5631.32749
1.685 	5773.444258
1.690 	5915.846051
1.695 	6058.494318
1.700 	6201.351585
1.705 	6344.381424
1.710 	6487.548428
1.715 	6630.818189
1.720 	6774.15727
1.725 	6917.533184
1.730 	7060.914369
1.735 	7204.270168
1.740 	7347.570805
1.745 	7490.787367
1.750 	7633.89178
1.755 	7776.856791
1.760 	7919.655947
1.765 	8062.26358
1.770 	8204.654783
1.775 	8346.805398
1.780 	8488.691991
1.785 	8630.291845
1.790 	8771.582933
1.795 	8912.543911
1.800 	9053.154093
1.805 	9193.393446
1.810 	9333.242567
1.815 	9472.682671
1.820 	9611.695578
1.825 	9750.263697
1.830 	9888.370015
1.835 	10025.99808
1.840 	10163.132
1.845 	10299.7564
1.850 	10435.85645
1.855 	10571.41783
1.860 	10706.42671
1.865 	10840.86978
1.870 	10974.73416
1.875 	11108.0075
1.880 	11240.67785
1.885 	11372.73374
1.890 	11504.16414
1.895 	11634.95842
1.900 	11765.1064
1.905 	11894.59829
1.910 	12023.4247
1.915 	12151.57663
1.920 	12279.04546
1.925 	12405.82295
1.930 	12531.90121
1.935 	12657.27271
1.940 	12781.93029
1.945 	12905.86708
1.950 	13029.0766
1.955 	13151.55264
1.960 	13273.28933
1.965 	13394.28112
1.970 	13514.52274
1.975 	13634.00923
1.980 	13752.73591
1.985 	13870.69838
1.990 	13987.89251
1.995 	14104.31445
2.000 	14219.96061
2.005 	14334.82764
2.010 	14448.91246
2.015 	14562.21221
2.020 	14674.72428
2.025 	14786.4463
2.030 	14897.37611
2.035 	15007.51178
2.040 	15116.85158
2.045 	15225.39401
2.050 	15333.13777
2.055 	15440.08173
2.060 	15546.22501
2.065 	15651.56686
2.070 	15756.10676
2.075 	15859.84435
2.080 	15962.77943
2.085 	16064.912
2.090 	16166.24221
2.095 	16266.77037
2.100 	16366.49696
2.105 	16465.42261
2.110 	16563.54807
2.115 	16660.87429
2.120 	16757.40231
2.125 	16853.13333
2.130 	16948.06869
2.135 	17042.20984
2.140 	17135.55837
2.145 	17228.116
2.150 	17319.88454
2.155 	17410.86595
2.160 	17501.06227
2.165 	17590.47567
2.170 	17679.10843
2.175 	17766.9629
2.180 	17854.04157
2.185 	17940.347
2.190 	18025.88185
2.195 	18110.64887
2.200 	18194.6509
2.205 	18277.89085
2.210 	18360.37174
2.215 	18442.09664
2.220 	18523.0687
2.225 	18603.29117
2.230 	18682.76735
2.235 	18761.5006
2.240 	18839.49436
2.245 	18916.75213
2.250 	18993.27747
2.255 	19069.07401
2.260 	19144.14542
2.265 	19218.49542
2.270 	19292.12782
2.275 	19365.04642
2.280 	19437.25513
2.285 	19508.75786
2.290 	19579.55859
2.295 	19649.66133
2.300 	19719.07014
2.305 	19787.78909
2.310 	19855.82233
2.315 	19923.17401
2.320 	19989.84832
2.325 	20055.8495
2.330 	20121.18179
2.335 	20185.84949
2.340 	20249.85689
2.345 	20313.20834
2.350 	20375.90818
2.355 	20437.96079
2.360 	20499.37058
2.365 	20560.14195
2.370 	20620.27934
2.375 	20679.7872
2.380 	20738.67
2.385 	20796.93219
2.390 	20854.57829
2.395 	20911.61277
2.400 	20968.04016
2.405 	21023.86496
2.410 	21079.0917
2.415 	21133.7249
2.420 	21187.7691
2.425 	21241.22884
2.430 	21294.10866
2.435 	21346.41309
2.440 	21398.14668
2.445 	21449.31396
2.450 	21499.91949
2.455 	21549.96778
2.460 	21599.46339
2.465 	21648.41083
2.470 	21696.81464
2.475 	21744.67933
2.480 	21792.00941
2.485 	21838.80939
2.490 	21885.08377
2.495 	21930.83704
2.500 	21976.07367
2.505 	22020.79812
2.510 	22065.01487
2.515 	22108.72835
2.520 	22151.943
2.525 	22194.66324
2.530 	22236.89347
2.535 	22278.63809
2.540 	22319.90148
2.545 	22360.68799
2.550 	22401.00198
2.555 	22440.84778
2.560 	22480.22969
2.565 	22519.15203
2.570 	22557.61906
2.575 	22595.63505
2.580 	22633.20424
2.585 	22670.33085
2.590 	22707.01909
2.595 	22743.27315
2.600 	22779.09718
2.605 	22814.49533
2.610 	22849.47172
2.615 	22884.03046
2.620 	22918.17562
2.625 	22951.91126
2.630 	22985.24142
2.635 	23018.17012
2.640 	23050.70134
2.645 	23082.83904
2.650 	23114.58719
2.655 	23145.94969
2.660 	23176.93044
2.665 	23207.53333
2.670 	23237.76219
2.675 	23267.62086
2.680 	23297.11314
2.685 	23326.2428
2.690 	23355.01359
2.695 	23383.42925
2.700 	23411.49347
2.705 	23439.20993
2.710 	23466.58228
2.715 	23493.61416
2.720 	23520.30915
2.725 	23546.67083
2.730 	23572.70277
2.735 	23598.40847
2.740 	23623.79143
2.745 	23648.85514
2.750 	23673.60302
2.755 	23698.03851
2.760 	23722.165
2.765 	23745.98586
2.770 	23769.50442
2.775 	23792.724
2.780 	23815.6479
2.785 	23838.27937
2.790 	23860.62166
2.795 	23882.67797
2.800 	23904.45149
2.805 	23925.94537
2.810 	23947.16276
2.815 	23968.10675
2.820 	23988.78042
2.825 	24009.18684
2.830 	24029.32902
2.835 	24049.20998
2.840 	24068.83268
2.845 	24088.20008
2.850 	24107.3151
2.855 	24126.18064
2.860 	24144.79957
2.865 	24163.17475
2.870 	24181.30899
2.875 	24199.20509
2.880 	24216.86583
2.885 	24234.29394
2.890 	24251.49214
2.895 	24268.46314
2.900 	24285.20961
2.905 	24301.73419
2.910 	24318.03949
2.915 	24334.12813
2.920 	24350.00266
2.925 	24365.66563
2.930 	24381.11958
2.935 	24396.36698
2.940 	24411.41033
2.945 	24426.25207
2.950 	24440.89463
2.955 	24455.3404
2.960 	24469.59177
2.965 	24483.65109
2.970 	24497.52069
2.975 	24511.20288
2.980 	24524.69995
2.985 	24538.01416
2.990 	24551.14775
2.995 	24564.10293
3.000 	24576.88189
3.005 	24589.48682
3.010 	24601.91985
3.015 	24614.18312
3.020 	24626.27872
3.025 	24638.20875
3.030 	24649.97525
3.035 	24661.58028
3.040 	24673.02585
3.045 	24684.31395
3.050 	24695.44656
3.055 	24706.42564
3.060 	24717.25311
3.065 	24727.93089
3.070 	24738.46087
3.075 	24748.84493
3.080 	24759.08491
3.085 	24769.18264
3.090 	24779.13994
3.095 	24788.9586
3.100 	24798.64038
3.105 	24808.18705
3.110 	24817.60032
3.115 	24826.88192
3.120 	24836.03355
3.125 	24845.05686
3.130 	24853.95353
3.135 	24862.72519
3.140 	24871.37345
3.145 	24879.89993
3.150 	24888.3062
3.155 	24896.59382
3.160 	24904.76435
3.165 	24912.81931
3.170 	24920.76022
3.175 	24928.58857
3.180 	24936.30584
3.185 	24943.91348
3.190 	24951.41295
3.195 	24958.80566
3.200 	24966.09303
3.205 	24973.27645
3.210 	24980.35729
3.215 	24987.33693
3.220 	24994.21669
3.225 	25000.99792
3.230 	25007.68193
3.235 	25014.27
3.240 	25020.76343
3.245 	25027.16348
3.250 	25033.47141
3.255 	25039.68844
3.260 	25045.8158
3.265 	25051.85471
3.270 	25057.80634
3.275 	25063.67188
3.280 	25069.4525
3.285 	25075.14934
3.290 	25080.76354
3.295 	25086.29621
3.300 	25091.74848
3.305 	25097.12142
3.310 	25102.41614
3.315 	25107.63368
3.320 	25112.77511
3.325 	25117.84146
3.330 	25122.83377
3.335 	25127.75306
3.340 	25132.60031
3.345 	25137.37654
3.350 	25142.0827
3.355 	25146.71978
3.360 	25151.28872
3.365 	25155.79047
3.370 	25160.22595
3.375 	25164.59609
3.380 	25168.90178
3.385 	25173.14394
3.390 	25177.32343
3.395 	25181.44113
3.400 	25185.49791
3.405 	25189.49461
3.410 	25193.43208
3.415 	25197.31114
3.420 	25201.13261
3.425 	25204.8973
3.430 	25208.606
3.435 	25212.25951
3.440 	25215.8586
3.445 	25219.40403
3.450 	25222.89657
3.455 	25226.33695
3.460 	25229.72593
3.465 	25233.06422
3.470 	25236.35254
3.475 	25239.5916
3.480 	25242.78211
3.485 	25245.92475
3.490 	25249.0202
3.495 	25252.06913
3.500 	25255.07222
3.505 	25258.0301
3.510 	25260.94344
3.515 	25263.81286
3.520 	25266.639
3.525 	25269.42247
3.530 	25272.16389
3.535 	25274.86386
3.540 	25277.52299
3.545 	25280.14184
3.550 	25282.72102
3.555 	25285.26108
3.560 	25287.7626
3.565 	25290.22612
3.570 	25292.65221
3.575 	25295.0414
3.580 	25297.39422
3.585 	25299.71122
3.590 	25301.99289
3.595 	25304.23977
3.600 	25306.45235
3.605 	25308.63113
3.610 	25310.77662
3.615 	25312.88928
3.620 	25314.96961
3.625 	25317.01808
3.630 	25319.03515
3.635 	25321.02128
3.640 	25322.97692
3.645 	25324.90253
3.650 	25326.79854
3.655 	25328.66539
3.660 	25330.50351
3.665 	25332.31332
3.670 	25334.09524
3.675 	25335.84968
3.680 	25337.57704
3.685 	25339.27773
3.690 	25340.95215
3.695 	25342.60067
3.700 	25344.22368
3.705 	25345.82157
3.710 	25347.39471
3.715 	25348.94345
3.720 	25350.46817
3.725 	25351.96923
3.730 	25353.44697
3.735 	25354.90174
3.740 	25356.33389
3.745 	25357.74375
3.750 	25359.13166
3.755 	25360.49794
3.760 	25361.84292
3.765 	25363.16692
3.770 	25364.47025
3.775 	25365.75323
3.780 	25367.01615
3.785 	25368.25933
3.790 	25369.48304
3.795 	25370.6876
3.800 	25371.87329
3.805 	25373.04039
3.810 	25374.18918
3.815 	25375.31995
3.820 	25376.43295
3.825 	25377.52847
3.830 	25378.60676
3.835 	25379.66808
3.840 	25380.7127
3.845 	25381.74087
3.850 	25382.75283
3.855 	25383.74884
3.860 	25384.72913
3.865 	25385.69395
3.870 	25386.64353
3.875 	25387.5781
3.880 	25388.49789
3.885 	25389.40312
3.890 	25390.29403
3.895 	25391.17082
3.900 	25392.03372
3.905 	25392.88294
3.910 	25393.71868
3.915 	25394.54115
3.920 	25395.35056
3.925 	25396.14711
3.930 	25396.93098
3.935 	25397.70239
3.940 	25398.46152
3.945 	25399.20856
3.950 	25399.94369
3.955 	25400.66711
3.960 	25401.37898
3.965 	25402.07949
3.970 	25402.76882
3.975 	25403.44713
3.980 	25404.11459
3.985 	25404.77138
3.990 	25405.41767
3.995 	25406.0536
4.000 	25406.67935
4.005 	25407.29506
4.010 	25407.90091
4.015 	25408.49703
4.020 	25409.08359
4.025 	25409.66072
4.030 	25410.22858
4.035 	25410.78732
4.040 	25411.33706
4.045 	25411.87796
4.050 	25412.41015
4.055 	25412.93377
4.060 	25413.44895
4.065 	25413.95582
4.070 	25414.45452
4.075 	25414.94517
4.080 	25415.42789
4.085 	25415.90282
4.090 	25416.37006
4.095 	25416.82976
4.100 	25417.28201
4.105 	25417.72695
4.110 	25418.16468
4.115 	25418.59532
4.120 	25419.01898
4.125 	25419.43576
4.130 	25419.84579
4.135 	25420.24916
4.140 	25420.64598
4.145 	25421.03635
4.150 	25421.42037
4.155 	25421.79815
4.160 	25422.16979
4.165 	25422.53537
4.170 	25422.895
4.175 	25423.24878
4.180 	25423.59678
4.185 	25423.93911
4.190 	25424.27586
4.195 	25424.60711
4.200 	25424.93295
4.205 	25425.25347
4.210 	25425.56875
4.215 	25425.87888
4.220 	25426.18393
4.225 	25426.48399
4.230 	25426.77913
4.235 	25427.06945
4.240 	25427.355
4.245 	25427.63588
4.250 	25427.91215
4.255 	25428.18388
4.260 	25428.45116
4.265 	25428.71404
4.270 	25428.97261
4.275 	25429.22693
4.280 	25429.47706
4.285 	25429.72308
4.290 	25429.96506
4.295 	25430.20304
4.300 	25430.43711
4.305 	25430.66733
4.310 	25430.89374
4.315 	25431.11643
4.320 	25431.33544
4.325 	25431.55083
4.330 	25431.76267
4.335 	25431.97101
4.340 	25432.17591
4.345 	25432.37742
4.350 	25432.5756
4.355 	25432.7705
4.360 	25432.96217
4.365 	25433.15067
4.370 	25433.33605
4.375 	25433.51836
4.380 	25433.69764
4.385 	25433.87395
4.390 	25434.04734
4.395 	25434.21784
4.400 	25434.38552
4.405 	25434.55041
4.410 	25434.71256
4.415 	25434.87202
4.420 	25435.02883
4.425 	25435.18302
4.430 	25435.33465
4.435 	25435.48376
4.440 	25435.63038
4.445 	25435.77456
4.450 	25435.91634
4.455 	25436.05575
4.460 	25436.19284
4.465 	25436.32764
4.470 	25436.46019
4.475 	25436.59053
4.480 	25436.71869
4.485 	25436.8447
4.490 	25436.96862
4.495 	25437.09046
4.500 	25437.21026
4.505 	25437.32805
4.510 	25437.44388
4.515 	25437.55776
4.520 	25437.66974
4.525 	25437.77984
4.530 	25437.88809
4.535 	25437.99453
4.540 	25438.09918
4.545 	25438.20208
4.550 	25438.30325
4.555 	25438.40272
4.560 	25438.50052
4.565 	25438.59667
4.570 	25438.69121
4.575 	25438.78416
4.580 	25438.87554
4.585 	25438.96539
4.590 	25439.05372
4.595 	25439.14057
4.600 	25439.22595
4.605 	25439.30989
4.610 	25439.39242
4.615 	25439.47356
4.620 	25439.55333
4.625 	25439.63175
4.630 	25439.70885
4.635 	25439.78464
4.640 	25439.85916
4.645 	25439.93241
4.650 	25440.00443
4.655 	25440.07523
4.660 	25440.14483
4.665 	25440.21325
4.670 	25440.28052
4.675 	25440.34665
4.680 	25440.41165
4.685 	25440.47556
4.690 	25440.53838
4.695 	25440.60014
4.700 	25440.66085
4.705 	25440.72053
4.710 	25440.77919
4.715 	25440.83687
4.720 	25440.89356
4.725 	25440.94929
4.730 	25441.00407
4.735 	25441.05792
4.740 	25441.11085
4.745 	25441.16289
4.750 	25441.21403
4.755 	25441.26431
4.760 	25441.31373
4.765 	25441.36231
4.770 	25441.41007
4.775 	25441.45701
4.780 	25441.50315
4.785 	25441.5485
4.790 	25441.59308
4.795 	25441.63689
4.800 	25441.67996
4.805 	25441.7223
4.810 	25441.76391
4.815 	25441.80481
4.820 	25441.84501
4.825 	25441.88453
4.830 	25441.92337
4.835 	25441.96154
4.840 	25441.99907
4.845 	25442.03595
4.850 	25442.07219
4.855 	25442.10782
4.860 	25442.14284
4.865 	25442.17726
4.870 	25442.21108
4.875 	25442.24433
4.880 	25442.27701
4.885 	25442.30913
4.890 	25442.34069
4.895 	25442.37172
4.900 	25442.40221
4.905 	25442.43218
4.910 	25442.46163
4.915 	25442.49057
4.920 	25442.51902
4.925 	25442.54698
4.930 	25442.57446
4.935 	25442.60147
4.940 	25442.62801
4.945 	25442.6541
4.950 	25442.67973
4.955 	25442.70493
4.960 	25442.72969
4.965 	25442.75402
4.970 	25442.77793
4.975 	25442.80144
4.980 	25442.82453
4.985 	25442.84723
4.990 	25442.86954
4.995 	25442.89146
5.000 	25442.913
5.005 	25442.93417
5.010 	25442.95498
5.015 	25442.97542
5.020 	25442.99552
5.025 	25443.01526
5.030 	25443.03466
5.035 	25443.05373
5.040 	25443.07247
5.045 	25443.09088
5.050 	25443.10898
5.055 	25443.12676
5.060 	25443.14423
5.065 	25443.1614
5.070 	25443.17828
5.075 	25443.19486
5.080 	25443.21115
5.085 	25443.22716
5.090 	25443.24289
5.095 	25443.25835
5.100 	25443.27355
5.105 	25443.28847
5.110 	25443.30314
5.115 	25443.31756
5.120 	25443.33172
5.125 	25443.34564
5.130 	25443.35931
5.135 	25443.37275
5.140 	25443.38595
5.145 	25443.39893
5.150 	25443.41167
5.155 	25443.4242
5.160 	25443.43651
5.165 	25443.4486
5.170 	25443.46049
5.175 	25443.47216
5.180 	25443.48364
5.185 	25443.49491
5.190 	25443.50598
5.195 	25443.51687
5.200 	25443.52756
5.205 	25443.53807
5.210 	25443.54839
5.215 	25443.55853
5.220 	25443.5685
5.225 	25443.57829
5.230 	25443.58791
5.235 	25443.59736
5.240 	25443.60665
5.245 	25443.61578
5.250 	25443.62474
5.255 	25443.63355
5.260 	25443.6422
5.265 	25443.65071
5.270 	25443.65906
5.275 	25443.66727
5.280 	25443.67533
5.285 	25443.68326
5.290 	25443.69104
5.295 	25443.69869
5.300 	25443.7062
5.305 	25443.71359
5.310 	25443.72084
5.315 	25443.72796
5.320 	25443.73496
5.325 	25443.74184
5.330 	25443.7486
5.335 	25443.75524
5.340 	25443.76176
5.345 	25443.76816
5.350 	25443.77446
5.355 	25443.78064
5.360 	25443.78672
5.365 	25443.79269
5.370 	25443.79855
5.375 	25443.80431
5.380 	25443.80997
5.385 	25443.81553
5.390 	25443.82099
5.395 	25443.82635
5.400 	25443.83163
5.405 	25443.8368
5.410 	25443.84189
5.415 	25443.84689
5.420 	25443.8518
5.425 	25443.85662
5.430 	25443.86136
5.435 	25443.86601
5.440 	25443.87058
5.445 	25443.87507
5.450 	25443.87949
5.455 	25443.88382
5.460 	25443.88808
5.465 	25443.89226
5.470 	25443.89637
5.475 	25443.9004
5.480 	25443.90437
5.485 	25443.90826
5.490 	25443.91209
5.495 	25443.91585
5.500 	25443.91954
5.505 	25443.92317
5.510 	25443.92673
5.515 	25443.93023
5.520 	25443.93366
5.525 	25443.93704
5.530 	25443.94036
5.535 	25443.94362
5.540 	25443.94682
5.545 	25443.94996
5.550 	25443.95305
5.555 	25443.95608
5.560 	25443.95906
5.565 	25443.96199
5.570 	25443.96486
5.575 	25443.96768
5.580 	25443.97046
5.585 	25443.97318
5.590 	25443.97586
5.595 	25443.97849
5.600 	25443.98107
5.605 	25443.9836
5.610 	25443.98609
5.615 	25443.98854
5.620 	25443.99094
5.625 	25443.9933
5.630 	25443.99562
5.635 	25443.9979
5.640 	25444.00014
5.645 	25444.00233
5.650 	25444.00449
5.655 	25444.00661
5.660 	25444.00869
5.665 	25444.01074
5.670 	25444.01274
5.675 	25444.01472
5.680 	25444.01665
5.685 	25444.01856
5.690 	25444.02043
5.695 	25444.02226
5.700 	25444.02406
5.705 	25444.02584
5.710 	25444.02757
5.715 	25444.02928
5.720 	25444.03096
5.725 	25444.03261
5.730 	25444.03423
5.735 	25444.03582
5.740 	25444.03738
5.745 	25444.03891
5.750 	25444.04042
5.755 	25444.04189
5.760 	25444.04335
5.765 	25444.04477
5.770 	25444.04617
5.775 	25444.04755
5.780 	25444.0489
5.785 	25444.05023
5.790 	25444.05153
5.795 	25444.05281
