0.800 	228864.8783
0.805 	220933.2501
0.810 	213266.6843
0.815 	205856.1805
0.820 	198693.0514
0.825 	191768.9115
0.830 	185075.6671
0.835 	178605.5059
0.840 	172350.8872
0.845 	166304.5327
0.850 	160459.4169
0.855 	154808.7589
0.860 	149346.0135
0.865 	144064.8631
0.870 	138959.2095
0.875 	134023.1666
0.880 	129251.0529
0.885 	124637.3842
0.890 	120176.8667
0.895 	115864.3906
0.900 	111695.0231
0.905 	107664.003
0.910 	103766.7338
0.915 	99998.77864
0.920 	96355.85423
0.925 	92833.82564
0.930 	89428.70106
0.935 	86136.62675
0.940 	82953.88217
0.945 	79876.87528
0.950 	76902.13807
0.955 	74026.32208
0.960 	71246.1943
0.965 	68558.63299
0.970 	65960.62382
0.975 	63449.25604
0.980 	61021.71885
0.985 	58675.29782
0.990 	56407.37152
0.995 	54215.40824
1.000 	52096.96277
1.005 	50049.67336
1.010 	48071.2588
1.015 	46159.5155
1.020 	44312.3148
1.025 	42527.60031
1.030 	40803.3853
1.035 	39137.7503
1.040 	37528.84067
1.045 	35974.86434
1.050 	34474.08955
1.055 	33024.84277
1.060 	31625.50657
1.065 	30274.51771
1.070 	28970.36517
1.075 	27711.58832
1.080 	26496.77512
1.085 	25324.56044
1.090 	24193.62437
1.095 	23102.69062
1.100 	22050.52502
1.105 	21035.93398
1.110 	20057.76308
1.115 	19114.89573
1.120 	18206.25176
1.125 	17330.7862
1.130 	16487.48802
1.135 	15675.37893
1.140 	14893.51225
1.145 	14140.97178
1.150 	13416.87076
1.155 	12720.3508
1.160 	12050.58092
1.165 	11406.75659
1.170 	10788.0988
1.175 	10193.85316
1.180 	9623.28908
1.185 	9075.698897
1.190 	8550.397115
1.195 	8046.719625
1.200 	7564.022967
1.205 	7101.683617
1.210 	6659.097302
1.215 	6235.678339
1.220 	5830.858996
1.225 	5444.088879
1.230 	5074.834338
1.235 	4722.5779
1.240 	4386.817715
1.245 	4067.067029
1.250 	3762.853671
1.255 	3473.719564
1.260 	3199.22025
1.265 	2938.924429
1.270 	2692.413525
1.275 	2459.281255
1.280 	2239.133227
1.285 	2031.58654
1.290 	1836.269404
1.295 	1652.820781
1.300 	1480.890022
1.305 	1320.136535
1.310 	1170.229452
1.315 	1030.847317
1.320 	901.677779
1.325 	782.4172971
1.330 	672.770861
1.335 	572.4517156
1.340 	481.1810991
1.345 	398.6879888
1.350 	324.7088571
1.355 	258.9874355
1.360 	201.2744871
1.365 	151.3275882
1.370 	108.9109159
1.375 	73.79504522
1.380 	45.75675188
1.385 	24.57882294
1.390 	10.04987385
1.395 	1.964172006
1.400 	0.121466536
1.405 	4.326824048
1.410 	14.39047017
1.415 	30.12763661
1.420 	51.3584136
1.425 	77.90760738
1.430 	109.6046028
1.435 	146.2832304
1.440 	187.7816386
1.445 	233.9421693
1.450 	284.6112393
1.455 	339.6392238
1.460 	398.8803459
1.465 	462.1925681
1.470 	529.4374889
1.475 	600.4802416
1.480 	675.1893976
1.485 	753.4368721
1.490 	835.0978335
1.495 	920.0506155
1.500 	1008.176632
1.505 	1099.360296
1.510 	1193.488937
1.515 	1290.45273
1.520 	1390.144614
1.525 	1492.460225
1.530 	1597.297825
1.535 	1704.558234
1.540 	1814.144764
1.545 	1925.963159
1.550 	2039.921529
1.555 	2155.930293
1.560 	2273.902123
1.565 	2393.751885
1.570 	2515.396587
1.575 	2638.755326
1.580 	2763.749235
1.585 	2890.301438
1.590 	3018.336999
1.595 	3147.782876
1.600 	3278.567875
1.605 	3410.622608
1.610 	3543.87945
1.615 	3678.272497
1.620 	3813.737525
1.625 	3950.211952
1.630 	4087.634802
1.635 	4225.946663
1.640 	4365.089656
1.645 	4505.007398
1.650 	4645.644967
1.655 	4786.948873
1.660 	4928.867019
1.665 	5071.348676
1.670 	5214.344451
1.675 	5357.806253
1.680 	5501.687271
1.685 	5645.941938
1.690 	5790.525912
1.695 	5935.396042
1.700 	6080.510344
1.705 	6225.827979
1.710 	6371.309222
1.715 	6516.915443
1.720 	6662.60908
1.725 	6808.353617
1.730 	6954.113562
1.735 	7099.854424
1.740 	7245.542691
1.745 	7391.14581
1.750 	7536.632167
1.755 	7681.971064
1.760 	7827.132704
1.765 	7972.088166
1.770 	8116.80939
1.775 	8261.26916
1.780 	8405.441081
1.785 	8549.299565
1.790 	8692.819813
1.795 	8835.977799
1.800 	8978.75025
1.805 	9121.114635
1.810 	9263.049145
1.815 	9404.532679
1.820 	9545.54483
1.825 	9686.065867
1.830 	9826.076723
1.835 	9965.558982
1.840 	10104.49486
1.845 	10242.8672
1.850 	10380.65944
1.855 	10517.85562
1.860 	10654.44037
1.865 	10790.39889
1.870 	10925.71691
1.875 	11060.38073
1.880 	11194.37718
1.885 	11327.6936
1.890 	11460.31785
1.895 	11592.23828
1.900 	11723.44373
1.905 	11853.92351
1.910 	11983.66741
1.915 	12112.66567
1.920 	12240.90895
1.925 	12368.38838
1.930 	12495.0955
1.935 	12621.02225
1.940 	12746.16101
1.945 	12870.50452
1.950 	12994.04593
1.955 	13116.77875
1.960 	13238.69687
1.965 	13359.79455
1.970 	13480.06638
1.975 	13599.50731
1.980 	13718.11261
1.985 	13835.8779
1.990 	13952.79909
1.995 	14068.87242
2.000 	14184.09443
2.005 	14298.46196
2.010 	14411.97214
2.015 	14524.62235
2.020 	14636.4103
2.025 	14747.33393
2.030 	14857.39144
2.035 	14966.58129
2.040 	15074.90221
2.045 	15182.35314
2.050 	15288.93326
2.055 	15394.64199
2.060 	15499.47896
2.065 	15603.44404
2.070 	15706.53728
2.075 	15808.75895
2.080 	15910.10951
2.085 	16010.58963
2.090 	16110.20016
2.095 	16208.94212
2.100 	16306.81672
2.105 	16403.82535
2.110 	16499.96955
2.115 	16595.25103
2.120 	16689.67165
2.125 	16783.23345
2.130 	16875.93858
2.135 	16967.78936
2.140 	17058.78823
2.145 	17148.93778
2.150 	17238.24073
2.155 	17326.69991
2.160 	17414.31829
2.165 	17501.09895
2.170 	17587.04508
2.175 	17672.15999
2.180 	17756.44708
2.185 	17839.90986
2.190 	17922.55196
2.195 	18004.37706
2.200 	18085.38898
2.205 	18165.59159
2.210 	18244.98886
2.215 	18323.58486
2.220 	18401.38369
2.225 	18478.38958
2.230 	18554.6068
2.235 	18630.03969
2.240 	18704.69266
2.245 	18778.5702
2.250 	18851.67682
2.255 	18924.01713
2.260 	18995.59578
2.265 	19066.41746
2.270 	19136.48692
2.275 	19205.80895
2.280 	19274.3884
2.285 	19342.23015
2.290 	19409.33912
2.295 	19475.72028
2.300 	19541.3786
2.305 	19606.31913
2.310 	19670.54692
2.315 	19734.06706
2.320 	19796.88466
2.325 	19859.00487
2.330 	19920.43283
2.335 	19981.17374
2.340 	20041.2328
2.345 	20100.61522
2.350 	20159.32624
2.355 	20217.3711
2.360 	20274.75507
2.365 	20331.48342
2.370 	20387.56142
2.375 	20442.99436
2.380 	20497.78754
2.385 	20551.94625
2.390 	20605.47578
2.395 	20658.38145
2.400 	20710.66855
2.405 	20762.34238
2.410 	20813.40824
2.415 	20863.87142
2.420 	20913.73721
2.425 	20963.01089
2.430 	21011.69775
2.435 	21059.80305
2.440 	21107.33204
2.445 	21154.28998
2.450 	21200.68209
2.455 	21246.51362
2.460 	21291.78976
2.465 	21336.51571
2.470 	21380.69666
2.475 	21424.33776
2.480 	21467.44418
2.485 	21510.02104
2.490 	21552.07346
2.495 	21593.60652
2.500 	21634.62531
2.505 	21675.13488
2.510 	21715.14025
2.515 	21754.64645
2.520 	21793.65845
2.525 	21832.18123
2.530 	21870.21973
2.535 	21907.77886
2.540 	21944.86352
2.545 	21981.47858
2.550 	22017.62887
2.555 	22053.31922
2.560 	22088.55441
2.565 	22123.3392
2.570 	22157.67833
2.575 	22191.57652
2.580 	22225.03842
2.585 	22258.06871
2.590 	22290.67199
2.595 	22322.85286
2.600 	22354.61588
2.605 	22385.96558
2.610 	22416.90648
2.615 	22447.44303
2.620 	22477.57968
2.625 	22507.32085
2.630 	22536.6709
2.635 	22565.6342
2.640 	22594.21505
2.645 	22622.41774
2.650 	22650.24653
2.655 	22677.70563
2.660 	22704.79924
2.665 	22731.53151
2.670 	22757.90657
2.675 	22783.92851
2.680 	22809.6014
2.685 	22834.92925
2.690 	22859.91607
2.695 	22884.56581
2.700 	22908.88241
2.705 	22932.86976
2.710 	22956.53172
2.715 	22979.87214
2.720 	23002.8948
2.725 	23025.60347
2.730 	23048.00189
2.735 	23070.09375
2.740 	23091.88272
2.745 	23113.37244
2.750 	23134.56651
2.755 	23155.46849
2.760 	23176.08192
2.765 	23196.41032
2.770 	23216.45714
2.775 	23236.22582
2.780 	23255.71978
2.785 	23274.94239
2.790 	23293.897
2.795 	23312.5869
2.800 	23331.01538
2.805 	23349.18569
2.810 	23367.10104
2.815 	23384.76461
2.820 	23402.17956
2.825 	23419.349
2.830 	23436.27603
2.835 	23452.9637
2.840 	23469.41505
2.845 	23485.63306
2.850 	23501.6207
2.855 	23517.38091
2.860 	23532.91659
2.865 	23548.23062
2.870 	23563.32584
2.875 	23578.20506
2.880 	23592.87108
2.885 	23607.32664
2.890 	23621.57448
2.895 	23635.61729
2.900 	23649.45773
2.905 	23663.09845
2.910 	23676.54206
2.915 	23689.79113
2.920 	23702.84823
2.925 	23715.71588
2.930 	23728.39658
2.935 	23740.89279
2.940 	23753.20696
2.945 	23765.34151
2.950 	23777.29882
2.955 	23789.08125
2.960 	23800.69115
2.965 	23812.13081
2.970 	23823.40251
2.975 	23834.50853
2.980 	23845.45107
2.985 	23856.23236
2.990 	23866.85456
2.995 	23877.31983
3.000 	23887.63029
3.005 	23897.78806
3.010 	23907.79521
3.015 	23917.65379
3.020 	23927.36583
3.025 	23936.93334
3.030 	23946.3583
3.035 	23955.64267
3.040 	23964.78838
3.045 	23973.79735
3.050 	23982.67146
3.055 	23991.41258
3.060 	24000.02255
3.065 	24008.5032
3.070 	24016.85631
3.075 	24025.08367
3.080 	24033.18703
3.085 	24041.16813
3.090 	24049.02867
3.095 	24056.77035
3.100 	24064.39483
3.105 	24071.90377
3.110 	24079.29879
3.115 	24086.5815
3.120 	24093.75349
3.125 	24100.81632
3.130 	24107.77154
3.135 	24114.62069
3.140 	24121.36526
3.145 	24128.00675
3.150 	24134.54664
3.155 	24140.98636
3.160 	24147.32735
3.165 	24153.57104
3.170 	24159.71881
3.175 	24165.77204
3.180 	24171.7321
3.185 	24177.60033
3.190 	24183.37805
3.195 	24189.06657
3.200 	24194.66718
3.205 	24200.18116
3.210 	24205.60976
3.215 	24210.95423
3.220 	24216.21579
3.225 	24221.39565
3.230 	24226.495
3.235 	24231.51501
3.240 	24236.45685
3.245 	24241.32167
3.250 	24246.11059
3.255 	24250.82473
3.260 	24255.46519
3.265 	24260.03306
3.270 	24264.5294
3.275 	24268.95527
3.280 	24273.31172
3.285 	24277.59977
3.290 	24281.82043
3.295 	24285.97471
3.300 	24290.06359
3.305 	24294.08805
3.310 	24298.04905
3.315 	24301.94752
3.320 	24305.78442
3.325 	24309.56064
3.330 	24313.27712
3.335 	24316.93473
3.340 	24320.53437
3.345 	24324.0769
3.350 	24327.56319
3.355 	24330.99407
3.360 	24334.37039
3.365 	24337.69297
3.370 	24340.96263
3.375 	24344.18015
3.380 	24347.34633
3.385 	24350.46196
3.390 	24353.52779
3.395 	24356.54458
3.400 	24359.51308
3.405 	24362.43403
3.410 	24365.30815
3.415 	24368.13615
3.420 	24370.91873
3.425 	24373.65661
3.430 	24376.35045
3.435 	24379.00093
3.440 	24381.60872
3.445 	24384.17447
3.450 	24386.69883
3.455 	24389.18243
3.460 	24391.62592
3.465 	24394.02989
3.470 	24396.39496
3.475 	24398.72174
3.480 	24401.01082
3.485 	24403.26277
3.490 	24405.47818
3.495 	24407.65761
3.500 	24409.80162
3.505 	24411.91077
3.510 	24413.98558
3.515 	24416.0266
3.520 	24418.03436
3.525 	24420.00937
3.530 	24421.95215
3.535 	24423.86319
3.540 	24425.743
3.545 	24427.59206
3.550 	24429.41086
3.555 	24431.19987
3.560 	24432.95956
3.565 	24434.69039
3.570 	24436.39281
3.575 	24438.06728
3.580 	24439.71422
3.585 	24441.33409
3.590 	24442.92729
3.595 	24444.49426
3.600 	24446.03541
3.605 	24447.55114
3.610 	24449.04187
3.615 	24450.50799
3.620 	24451.94988
3.625 	24453.36794
3.630 	24454.76253
3.635 	24456.13405
3.640 	24457.48284
3.645 	24458.80928
3.650 	24460.11372
3.655 	24461.39652
3.660 	24462.65801
3.665 	24463.89854
3.670 	24465.11844
3.675 	24466.31805
3.680 	24467.49769
3.685 	24468.65768
3.690 	24469.79834
3.695 	24470.91997
3.700 	24472.02289
3.705 	24473.10739
3.710 	24474.17377
3.715 	24475.22232
3.720 	24476.25333
3.725 	24477.26709
3.730 	24478.26386
3.735 	24479.24394
3.740 	24480.20757
3.745 	24481.15505
3.750 	24482.08661
3.755 	24483.00253
3.760 	24483.90306
3.765 	24484.78844
3.770 	24485.65893
3.775 	24486.51476
3.780 	24487.35617
3.785 	24488.18341
3.790 	24488.99669
3.795 	24489.79625
3.800 	24490.58231
3.805 	24491.35509
3.810 	24492.11481
3.815 	24492.86169
3.820 	24493.59592
3.825 	24494.31773
3.830 	24495.02731
3.835 	24495.72486
3.840 	24496.41059
3.845 	24497.08468
3.850 	24497.74732
3.855 	24498.39872
3.860 	24499.03904
3.865 	24499.66848
3.870 	24500.28721
3.875 	24500.8954
3.880 	24501.49324
3.885 	24502.0809
3.890 	24502.65854
3.895 	24503.22632
3.900 	24503.78442
3.905 	24504.33298
3.910 	24504.87218
3.915 	24505.40216
3.920 	24505.92308
3.925 	24506.43508
3.930 	24506.93832
3.935 	24507.43295
3.940 	24507.91909
3.945 	24508.39691
3.950 	24508.86653
3.955 	24509.32809
3.960 	24509.78173
3.965 	24510.22757
3.970 	24510.66575
3.975 	24511.0964
3.980 	24511.51964
3.985 	24511.9356
3.990 	24512.3444
3.995 	24512.74615
4.000 	24513.14098
4.005 	24513.529
4.010 	24513.91033
4.015 	24514.28507
4.020 	24514.65335
4.025 	24515.01526
4.030 	24515.37092
4.035 	24515.72042
4.040 	24516.06388
4.045 	24516.4014
4.050 	24516.73307
4.055 	24517.059
4.060 	24517.37928
4.065 	24517.694
4.070 	24518.00326
4.075 	24518.30716
4.080 	24518.60578
4.085 	24518.89922
4.090 	24519.18755
4.095 	24519.47087
4.100 	24519.74926
4.105 	24520.02281
4.110 	24520.2916
4.115 	24520.5557
4.120 	24520.8152
4.125 	24521.07018
4.130 	24521.32071
4.135 	24521.56687
4.140 	24521.80874
4.145 	24522.04638
4.150 	24522.27986
4.155 	24522.50927
4.160 	24522.73467
4.165 	24522.95612
4.170 	24523.1737
4.175 	24523.38747
4.180 	24523.5975
4.185 	24523.80384
4.190 	24524.00657
4.195 	24524.20574
4.200 	24524.40142
4.205 	24524.59367
4.210 	24524.78254
4.215 	24524.96809
4.220 	24525.15038
4.225 	24525.32947
4.230 	24525.5054
4.235 	24525.67824
4.240 	24525.84804
4.245 	24526.01485
4.250 	24526.17872
4.255 	24526.33971
4.260 	24526.49785
4.265 	24526.65321
4.270 	24526.80583
4.275 	24526.95575
4.280 	24527.10302
4.285 	24527.2477
4.290 	24527.38981
4.295 	24527.52942
4.300 	24527.66655
4.305 	24527.80126
4.310 	24527.93359
4.315 	24528.06357
4.320 	24528.19125
4.325 	24528.31667
4.330 	24528.43987
4.335 	24528.56088
4.340 	24528.67974
4.345 	24528.7965
4.350 	24528.91118
4.355 	24529.02383
4.360 	24529.13447
4.365 	24529.24315
4.370 	24529.3499
4.375 	24529.45475
4.380 	24529.55773
4.385 	24529.65888
4.390 	24529.75823
4.395 	24529.85581
4.400 	24529.95165
4.405 	24530.04579
4.410 	24530.13824
4.415 	24530.22905
4.420 	24530.31823
4.425 	24530.40583
4.430 	24530.49186
4.435 	24530.57635
4.440 	24530.65934
4.445 	24530.74084
4.450 	24530.82088
4.455 	24530.89949
4.460 	24530.9767
4.465 	24531.05252
4.470 	24531.12699
4.475 	24531.20012
4.480 	24531.27194
4.485 	24531.34247
4.490 	24531.41174
4.495 	24531.47977
4.500 	24531.54658
4.505 	24531.61219
4.510 	24531.67662
4.515 	24531.73989
4.520 	24531.80202
4.525 	24531.86304
4.530 	24531.92297
4.535 	24531.98181
4.540 	24532.0396
4.545 	24532.09634
4.550 	24532.15207
4.555 	24532.20679
4.560 	24532.26052
4.565 	24532.31329
4.570 	24532.36511
4.575 	24532.41599
4.580 	24532.46595
4.585 	24532.51502
4.590 	24532.56319
4.595 	24532.6105
4.600 	24532.65695
4.605 	24532.70257
4.610 	24532.74736
4.615 	24532.79134
4.620 	24532.83452
4.625 	24532.87693
4.630 	24532.91856
4.635 	24532.95945
4.640 	24532.99959
4.645 	24533.039
4.650 	24533.0777
4.655 	24533.11571
4.660 	24533.15302
4.665 	24533.18965
4.670 	24533.22562
4.675 	24533.26094
4.680 	24533.29562
4.685 	24533.32966
4.690 	24533.36309
4.695 	24533.39591
4.700 	24533.42814
4.705 	24533.45978
4.710 	24533.49084
4.715 	24533.52134
4.720 	24533.55128
4.725 	24533.58068
4.730 	24533.60955
4.735 	24533.63789
4.740 	24533.66571
4.745 	24533.69302
4.750 	24533.71984
4.755 	24533.74617
4.760 	24533.77202
4.765 	24533.7974
4.770 	24533.82231
4.775 	24533.84677
4.780 	24533.87078
4.785 	24533.89436
4.790 	24533.9175
4.795 	24533.94022
4.800 	24533.96253
4.805 	24533.98442
4.810 	24534.00592
4.815 	24534.02702
4.820 	24534.04774
4.825 	24534.06808
4.830 	24534.08805
4.835 	24534.10765
4.840 	24534.12689
4.845 	24534.14578
4.850 	24534.16432
4.855 	24534.18252
4.860 	24534.20039
4.865 	24534.21793
4.870 	24534.23515
4.875 	24534.25206
4.880 	24534.26865
4.885 	24534.28494
4.890 	24534.30093
4.895 	24534.31662
4.900 	24534.33203
4.905 	24534.34715
4.910 	24534.362
4.915 	24534.37657
4.920 	24534.39088
4.925 	24534.40492
4.930 	24534.4187
4.935 	24534.43223
4.940 	24534.44551
4.945 	24534.45854
4.950 	24534.47134
4.955 	24534.4839
4.960 	24534.49623
4.965 	24534.50833
4.970 	24534.5202
4.975 	24534.53186
4.980 	24534.5433
4.985 	24534.55453
4.990 	24534.56556
4.995 	24534.57638
5.000 	24534.587
5.005 	24534.59742
5.010 	24534.60766
5.015 	24534.6177
5.020 	24534.62756
5.025 	24534.63723
5.030 	24534.64673
5.035 	24534.65605
5.040 	24534.66519
5.045 	24534.67417
5.050 	24534.68298
5.055 	24534.69163
5.060 	24534.70012
5.065 	24534.70845
5.070 	24534.71663
5.075 	24534.72465
5.080 	24534.73253
5.085 	24534.74026
5.090 	24534.74785
5.095 	24534.75529
5.100 	24534.7626
5.105 	24534.76977
5.110 	24534.77681
5.115 	24534.78372
5.120 	24534.7905
5.125 	24534.79715
5.130 	24534.80368
5.135 	24534.81009
5.140 	24534.81638
5.145 	24534.82255
5.150 	24534.82861
5.155 	24534.83455
5.160 	24534.84038
5.165 	24534.84611
5.170 	24534.85173
5.175 	24534.85724
5.180 	24534.86265
5.185 	24534.86796
5.190 	24534.87318
5.195 	24534.87829
5.200 	24534.88331
5.205 	24534.88823
5.210 	24534.89307
5.215 	24534.89781
5.220 	24534.90246
5.225 	24534.90703
5.230 	24534.91151
5.235 	24534.91591
5.240 	24534.92023
5.245 	24534.92446
5.250 	24534.92862
5.255 	24534.9327
5.260 	24534.9367
5.265 	24534.94063
5.270 	24534.94448
5.275 	24534.94827
5.280 	24534.95198
5.285 	24534.95562
5.290 	24534.95919
5.295 	24534.9627
5.300 	24534.96614
5.305 	24534.96952
5.310 	24534.97283
5.315 	24534.97608
5.320 	24534.97927
5.325 	24534.9824
5.330 	24534.98547
5.335 	24534.98849
5.340 	24534.99144
5.345 	24534.99435
5.350 	24534.99719
5.355 	24534.99999
5.360 	24535.00273
5.365 	24535.00542
5.370 	24535.00806
5.375 	24535.01065
5.380 	24535.01319
5.385 	24535.01568
5.390 	24535.01813
5.395 	24535.02053
5.400 	24535.02288
5.405 	24535.0252
5.410 	24535.02746
5.415 	24535.02969
5.420 	24535.03187
5.425 	24535.03401
5.430 	24535.03611
5.435 	24535.03818
5.440 	24535.0402
5.445 	24535.04218
5.450 	24535.04413
5.455 	24535.04604
5.460 	24535.04792
5.465 	24535.04976
5.470 	24535.05156
5.475 	24535.05333
5.480 	24535.05507
5.485 	24535.05677
5.490 	24535.05845
5.495 	24535.06009
5.500 	24535.0617
5.505 	24535.06327
5.510 	24535.06482
5.515 	24535.06634
5.520 	24535.06784
5.525 	24535.0693
5.530 	24535.07073
5.535 	24535.07214
5.540 	24535.07352
5.545 	24535.07488
5.550 	24535.07621
5.555 	24535.07751
5.560 	24535.07879
5.565 	24535.08005
5.570 	24535.08128
5.575 	24535.08249
5.580 	24535.08368
5.585 	24535.08484
5.590 	24535.08598
5.595 	24535.0871
5.600 	24535.0882
5.605 	24535.08928
5.610 	24535.09033
5.615 	24535.09137
5.620 	24535.09239
5.625 	24535.09339
5.630 	24535.09437
5.635 	24535.09533
5.640 	24535.09627
5.645 	24535.09719
5.650 	24535.0981
5.655 	24535.09899
5.660 	24535.09986
5.665 	24535.10072
5.670 	24535.10156
5.675 	24535.10238
5.680 	24535.10319
5.685 	24535.10398
5.690 	24535.10476
5.695 	24535.10552
5.700 	24535.10627
5.705 	24535.10701
5.710 	24535.10773
5.715 	24535.10843
5.720 	24535.10913
5.725 	24535.10981
5.730 	24535.11047
5.735 	24535.11113
5.740 	24535.11177
5.745 	24535.1124
5.750 	24535.11302
5.755 	24535.11362
5.760 	24535.11422
5.765 	24535.1148
5.770 	24535.11537
5.775 	24535.11593
5.780 	24535.11648
5.785 	24535.11702
5.790 	24535.11755
5.795 	24535.11807
