0.800 	206587.1268
0.805 	199660.5741
0.810 	192948.3583
0.815 	186443.9643
0.820 	180141.0779
0.825 	174033.5801
0.830 	168115.5408
0.835 	162381.2129
0.840 	156825.0268
0.845 	151441.5848
0.850 	146225.6559
0.855 	141172.1701
0.860 	136276.2143
0.865 	131533.0265
0.870 	126937.9916
0.875 	122486.6369
0.880 	118174.6273
0.885 	113997.7613
0.890 	109951.9668
0.895 	106033.2969
0.900 	102237.9264
0.905 	98562.14733
0.910 	95002.36606
0.915 	91555.0992
0.920 	88216.97037
0.925 	84984.70682
0.930 	81855.1362
0.935 	78825.18346
0.940 	75891.86774
0.945 	73052.29952
0.950 	70303.67768
0.955 	67643.2868
0.960 	65068.49447
0.965 	62576.74868
0.970 	60165.57532
0.975 	57832.57575
0.980 	55575.42446
0.985 	53391.86673
0.990 	51279.71649
0.995 	49236.8541
1.000 	47261.22436
1.005 	45350.83442
1.010 	43503.75188
1.015 	41718.10289
1.020 	39992.07031
1.025 	38323.89195
1.030 	36711.85887
1.035 	35154.31369
1.040 	33649.64899
1.045 	32196.30577
1.050 	30792.77192
1.055 	29437.58077
1.060 	28129.30965
1.065 	26866.57856
1.070 	25648.0488
1.075 	24472.42173
1.080 	23338.43746
1.085 	22244.87371
1.090 	21190.5446
1.095 	20174.29954
1.100 	19195.02212
1.105 	18251.62904
1.110 	17343.06912
1.115 	16468.32228
1.120 	15626.39855
1.125 	14816.33721
1.130 	14037.20579
1.135 	13288.0993
1.140 	12568.13928
1.145 	11876.47306
1.150 	11212.27292
1.155 	10574.73535
1.160 	9963.080264
1.165 	9376.550335
1.170 	8814.410244
1.175 	8275.946036
1.180 	7760.464451
1.185 	7267.292296
1.190 	6795.775827
1.195 	6345.280157
1.200 	5915.188682
1.205 	5504.902517
1.210 	5113.839964
1.215 	4741.435983
1.220 	4387.14169
1.225 	4050.423867
1.230 	3730.764483
1.235 	3427.66024
1.240 	3140.622124
1.245 	2869.174977
1.250 	2612.857078
1.255 	2371.21974
1.260 	2143.826918
1.265 	1930.254831
1.270 	1730.091593
1.275 	1542.936863
1.280 	1368.401493
1.285 	1206.107203
1.290 	1055.686253
1.295 	916.7811311
1.300 	789.0442535
1.305 	672.1376689
1.310 	565.7327758
1.315 	469.5100471
1.320 	383.1587641
1.325 	306.3767583
1.330 	238.8701619
1.335 	180.3531657
1.340 	130.5477843
1.345 	89.18362994
1.350 	55.9976915
1.355 	30.73412213
1.360 	13.14403256
1.365 	2.985291136
1.370 	0.1
1.375 	4.025957588
1.380 	14.77317628
1.385 	32.0470066
1.390 	55.63631616
1.395 	85.33565424
1.400 	120.9450914
1.405 	162.2700639
1.410 	209.1212233
1.415 	261.3142902
1.420 	318.6699129
1.425 	381.0135301
1.430 	448.1752378
1.435 	519.9896607
1.440 	596.2958269
1.445 	676.9370469
1.450 	761.7607958
1.455 	850.6185998
1.460 	943.3659255
1.465 	1039.862073
1.470 	1139.97007
1.475 	1243.556576
1.480 	1350.491777
1.485 	1460.649299
1.490 	1573.90611
1.495 	1690.142432
1.500 	1809.241656
1.505 	1931.090255
1.510 	2055.577709
1.515 	2182.596415
1.520 	2312.041621
1.525 	2443.811345
1.530 	2577.806305
1.535 	2713.929847
1.540 	2852.087879
1.545 	2992.188803
1.550 	3134.143451
1.555 	3277.865024
1.560 	3423.269029
1.565 	3570.273221
1.570 	3718.797546
1.575 	3868.764085
1.580 	4020.097001
1.585 	4172.722483
1.590 	4326.568701
1.595 	4481.565751
1.600 	4637.645607
1.605 	4794.742078
1.610 	4952.790759
1.615 	5111.728988
1.620 	5271.495803
1.625 	5432.031899
1.630 	5593.279586
1.635 	5755.182756
1.640 	5917.686834
1.645 	6080.73875
1.650 	6244.286897
1.655 	6408.281095
1.660 	6572.672562
1.665 	6737.413872
1.670 	6902.458931
1.675 	7067.762938
1.680 	7233.282357
1.685 	7398.974886
1.690 	7564.799429
1.695 	7730.716065
1.700 	7896.686021
1.705 	8062.671644
1.710 	8228.636376
1.715 	8394.544727
1.720 	8560.36225
1.725 	8726.055516
1.730 	8891.59209
1.735 	9056.940507
1.740 	9222.070252
1.745 	9386.951734
1.750 	9551.556266
1.755 	9715.856045
1.760 	9879.824128
1.765 	10043.43442
1.770 	10206.66163
1.775 	10369.4813
1.780 	10531.86973
1.785 	10693.804
1.790 	10855.26193
1.795 	11016.22207
1.800 	11176.6637
1.805 	11336.56678
1.810 	11495.91195
1.815 	11654.68053
1.820 	11812.85447
1.825 	11970.41637
1.830 	12127.34944
1.835 	12283.6375
1.840 	12439.26497
1.845 	12594.21681
1.850 	12748.4786
1.855 	12902.03641
1.860 	13054.8769
1.865 	13206.98723
1.870 	13358.35507
1.875 	13508.96859
1.880 	13658.81645
1.885 	13807.88781
1.890 	13956.17226
1.895 	14103.65987
1.900 	14250.34115
1.905 	14396.20702
1.910 	14541.24885
1.915 	14685.45843
1.920 	14828.82791
1.925 	14971.34988
1.930 	15113.0173
1.935 	15253.82348
1.940 	15393.76213
1.945 	15532.82729
1.950 	15671.01338
1.955 	15808.31512
1.960 	15944.72758
1.965 	16080.24617
1.970 	16214.86658
1.975 	16348.58484
1.980 	16481.39725
1.985 	16613.30043
1.990 	16744.29127
1.995 	16874.36694
2.000 	17003.52487
2.005 	17131.76277
2.010 	17259.07859
2.015 	17385.47056
2.020 	17510.93712
2.025 	17635.47696
2.030 	17759.089
2.035 	17881.7724
2.040 	18003.52651
2.045 	18124.35093
2.050 	18244.24542
2.055 	18363.20999
2.060 	18481.24482
2.065 	18598.35028
2.070 	18714.52694
2.075 	18829.77554
2.080 	18944.09699
2.085 	19057.49239
2.090 	19169.96299
2.095 	19281.51021
2.100 	19392.13561
2.105 	19501.84093
2.110 	19610.62803
2.115 	19718.49892
2.120 	19825.45577
2.125 	19931.50085
2.130 	20036.63659
2.135 	20140.86553
2.140 	20244.19034
2.145 	20346.6138
2.150 	20448.13881
2.155 	20548.76838
2.160 	20648.50563
2.165 	20747.35379
2.170 	20845.31618
2.175 	20942.39622
2.180 	21038.59742
2.185 	21133.92339
2.190 	21228.37782
2.195 	21321.96449
2.200 	21414.68725
2.205 	21506.55005
2.210 	21597.55688
2.215 	21687.71184
2.220 	21777.01908
2.225 	21865.48283
2.230 	21953.10735
2.235 	22039.897
2.240 	22125.85619
2.245 	22210.98938
2.250 	22295.30108
2.255 	22378.79586
2.260 	22461.47834
2.265 	22543.35318
2.270 	22624.42508
2.275 	22704.69881
2.280 	22784.17915
2.285 	22862.87094
2.290 	22940.77903
2.295 	23017.90833
2.300 	23094.26378
2.305 	23169.85034
2.310 	23244.67299
2.315 	23318.73677
2.320 	23392.0467
2.325 	23464.60787
2.330 	23536.42536
2.335 	23607.50427
2.340 	23677.84975
2.345 	23747.46692
2.350 	23816.36095
2.355 	23884.53702
2.360 	23952.00031
2.365 	24018.75601
2.370 	24084.80933
2.375 	24150.16549
2.380 	24214.8297
2.385 	24278.80719
2.390 	24342.1032
2.395 	24404.72294
2.400 	24466.67167
2.405 	24527.95462
2.410 	24588.57701
2.415 	24648.54409
2.420 	24707.86108
2.425 	24766.53322
2.430 	24824.56572
2.435 	24881.96381
2.440 	24938.73268
2.445 	24994.87756
2.450 	25050.40362
2.455 	25105.31606
2.460 	25159.62004
2.465 	25213.32075
2.470 	25266.42331
2.475 	25318.93288
2.480 	25370.85458
2.485 	25422.19352
2.490 	25472.9548
2.495 	25523.1435
2.500 	25572.76468
2.505 	25621.8234
2.510 	25670.32468
2.515 	25718.27355
2.520 	25765.67498
2.525 	25812.53395
2.530 	25858.85543
2.535 	25904.64435
2.540 	25949.90562
2.545 	25994.64413
2.550 	26038.86476
2.555 	26082.57235
2.560 	26125.77173
2.565 	26168.4677
2.570 	26210.66504
2.575 	26252.36852
2.580 	26293.58285
2.585 	26334.31275
2.590 	26374.5629
2.595 	26414.33795
2.600 	26453.64254
2.605 	26492.48127
2.610 	26530.85873
2.615 	26568.77945
2.620 	26606.24797
2.625 	26643.26879
2.630 	26679.84638
2.635 	26715.98518
2.640 	26751.68961
2.645 	26786.96406
2.650 	26821.81288
2.655 	26856.24041
2.660 	26890.25096
2.665 	26923.84879
2.670 	26957.03817
2.675 	26989.82329
2.680 	27022.20835
2.685 	27054.19752
2.690 	27085.79491
2.695 	27117.00464
2.700 	27147.83078
2.705 	27178.27736
2.710 	27208.3484
2.715 	27238.04788
2.720 	27267.37975
2.725 	27296.34795
2.730 	27324.95636
2.735 	27353.20884
2.740 	27381.10924
2.745 	27408.66135
2.750 	27435.86896
2.755 	27462.7358
2.760 	27489.26559
2.765 	27515.46202
2.770 	27541.32874
2.775 	27566.86938
2.780 	27592.08753
2.785 	27616.98676
2.790 	27641.5706
2.795 	27665.84257
2.800 	27689.80614
2.805 	27713.46476
2.810 	27736.82184
2.815 	27759.88078
2.820 	27782.64494
2.825 	27805.11764
2.830 	27827.30218
2.835 	27849.20184
2.840 	27870.81986
2.845 	27892.15946
2.850 	27913.22382
2.855 	27934.01609
2.860 	27954.5394
2.865 	27974.79686
2.870 	27994.79154
2.875 	28014.52647
2.880 	28034.00467
2.885 	28053.22912
2.890 	28072.20279
2.895 	28090.92861
2.900 	28109.40948
2.905 	28127.64827
2.910 	28145.64783
2.915 	28163.41098
2.920 	28180.94051
2.925 	28198.2392
2.930 	28215.30978
2.935 	28232.15496
2.940 	28248.77743
2.945 	28265.17984
2.950 	28281.36484
2.955 	28297.33503
2.960 	28313.09298
2.965 	28328.64126
2.970 	28343.9824
2.975 	28359.11889
2.980 	28374.05322
2.985 	28388.78783
2.990 	28403.32517
2.995 	28417.66763
3.000 	28431.81759
3.005 	28445.7774
3.010 	28459.54939
3.015 	28473.13588
3.020 	28486.53914
3.025 	28499.76142
3.030 	28512.80497
3.035 	28525.67199
3.040 	28538.36467
3.045 	28550.88517
3.050 	28563.23563
3.055 	28575.41818
3.060 	28587.4349
3.065 	28599.28786
3.070 	28610.97913
3.075 	28622.51072
3.080 	28633.88464
3.085 	28645.10288
3.090 	28656.1674
3.095 	28667.08013
3.100 	28677.843
3.105 	28688.45791
3.110 	28698.92673
3.115 	28709.25131
3.120 	28719.43351
3.125 	28729.47512
3.130 	28739.37795
3.135 	28749.14377
3.140 	28758.77433
3.145 	28768.27138
3.150 	28777.63661
3.155 	28786.87174
3.160 	28795.97844
3.165 	28804.95836
3.170 	28813.81315
3.175 	28822.54442
3.180 	28831.15377
3.185 	28839.6428
3.190 	28848.01305
3.195 	28856.26609
3.200 	28864.40343
3.205 	28872.42659
3.210 	28880.33706
3.215 	28888.13632
3.220 	28895.82582
3.225 	28903.40701
3.230 	28910.88131
3.235 	28918.25013
3.240 	28925.51486
3.245 	28932.67687
3.250 	28939.73753
3.255 	28946.69816
3.260 	28953.56011
3.265 	28960.32468
3.270 	28966.99316
3.275 	28973.56683
3.280 	28980.04696
3.285 	28986.43479
3.290 	28992.73156
3.295 	28998.93849
3.300 	29005.05677
3.305 	29011.08761
3.310 	29017.03216
3.315 	29022.8916
3.320 	29028.66707
3.325 	29034.35969
3.330 	29039.9706
3.335 	29045.50089
3.340 	29050.95165
3.345 	29056.32396
3.350 	29061.61888
3.355 	29066.83747
3.360 	29071.98076
3.365 	29077.04977
3.370 	29082.04553
3.375 	29086.96902
3.380 	29091.82124
3.385 	29096.60315
3.390 	29101.31573
3.395 	29105.95992
3.400 	29110.53665
3.405 	29115.04687
3.410 	29119.49147
3.415 	29123.87137
3.420 	29128.18745
3.425 	29132.44059
3.430 	29136.63167
3.435 	29140.76154
3.440 	29144.83106
3.445 	29148.84104
3.450 	29152.79233
3.455 	29156.68573
3.460 	29160.52205
3.465 	29164.30209
3.470 	29168.02663
3.475 	29171.69643
3.480 	29175.31228
3.485 	29178.87491
3.490 	29182.38507
3.495 	29185.84351
3.500 	29189.25093
3.505 	29192.60807
3.510 	29195.91562
3.515 	29199.17428
3.520 	29202.38474
3.525 	29205.54767
3.530 	29208.66376
3.535 	29211.73365
3.540 	29214.758
3.545 	29217.73746
3.550 	29220.67266
3.555 	29223.56423
3.560 	29226.41278
3.565 	29229.21893
3.570 	29231.98327
3.575 	29234.70641
3.580 	29237.38892
3.585 	29240.0314
3.590 	29242.6344
3.595 	29245.19849
3.600 	29247.72423
3.605 	29250.21217
3.610 	29252.66284
3.615 	29255.07678
3.620 	29257.45452
3.625 	29259.79658
3.630 	29262.10346
3.635 	29264.37567
3.640 	29266.61372
3.645 	29268.81809
3.650 	29270.98927
3.655 	29273.12774
3.660 	29275.23397
3.665 	29277.30843
3.670 	29279.35157
3.675 	29281.36385
3.680 	29283.34571
3.685 	29285.2976
3.690 	29287.21995
3.695 	29289.11319
3.700 	29290.97775
3.705 	29292.81403
3.710 	29294.62245
3.715 	29296.40343
3.720 	29298.15734
3.725 	29299.88461
3.730 	29301.5856
3.735 	29303.26071
3.740 	29304.91031
3.745 	29306.53478
3.750 	29308.13448
3.755 	29309.70978
3.760 	29311.26104
3.765 	29312.78861
3.770 	29314.29283
3.775 	29315.77405
3.780 	29317.23262
3.785 	29318.66885
3.790 	29320.08309
3.795 	29321.47565
3.800 	29322.84686
3.805 	29324.19703
3.810 	29325.52648
3.815 	29326.8355
3.820 	29328.1244
3.825 	29329.39349
3.830 	29330.64304
3.835 	29331.87336
3.840 	29333.08473
3.845 	29334.27742
3.850 	29335.45173
3.855 	29336.60791
3.860 	29337.74625
3.865 	29338.86701
3.870 	29339.97044
3.875 	29341.05681
3.880 	29342.12637
3.885 	29343.17938
3.890 	29344.21608
3.895 	29345.23671
3.900 	29346.24152
3.905 	29347.23074
3.910 	29348.2046
3.915 	29349.16335
3.920 	29350.10719
3.925 	29351.03637
3.930 	29351.95109
3.935 	29352.85158
3.940 	29353.73805
3.945 	29354.61071
3.950 	29355.46976
3.955 	29356.31543
3.960 	29357.14789
3.965 	29357.96737
3.970 	29358.77404
3.975 	29359.56811
3.980 	29360.34977
3.985 	29361.1192
3.990 	29361.87659
3.995 	29362.62213
4.000 	29363.35598
4.005 	29364.07834
4.010 	29364.78936
4.015 	29365.48924
4.020 	29366.17812
4.025 	29366.8562
4.030 	29367.52361
4.035 	29368.18054
4.040 	29368.82714
4.045 	29369.46357
4.050 	29370.08997
4.055 	29370.70652
4.060 	29371.31335
4.065 	29371.91061
4.070 	29372.49845
4.075 	29373.07702
4.080 	29373.64646
4.085 	29374.2069
4.090 	29374.75849
4.095 	29375.30137
4.100 	29375.83565
4.105 	29376.36148
4.110 	29376.87899
4.115 	29377.38831
4.120 	29377.88955
4.125 	29378.38285
4.130 	29378.86833
4.135 	29379.3461
4.140 	29379.81629
4.145 	29380.27902
4.150 	29380.73439
4.155 	29381.18253
4.160 	29381.62354
4.165 	29382.05754
4.170 	29382.48463
4.175 	29382.90492
4.180 	29383.31852
4.185 	29383.72553
4.190 	29384.12604
4.195 	29384.52017
4.200 	29384.90801
4.205 	29385.28966
4.210 	29385.66522
4.215 	29386.03478
4.220 	29386.39843
4.225 	29386.75626
4.230 	29387.10837
4.235 	29387.45485
4.240 	29387.79578
4.245 	29388.13124
4.250 	29388.46134
4.255 	29388.78614
4.260 	29389.10573
4.265 	29389.4202
4.270 	29389.72962
4.275 	29390.03407
4.280 	29390.33363
4.285 	29390.62838
4.290 	29390.91838
4.295 	29391.20373
4.300 	29391.48448
4.305 	29391.76072
4.310 	29392.03251
4.315 	29392.29991
4.320 	29392.56301
4.325 	29392.82187
4.330 	29393.07656
4.335 	29393.32713
4.340 	29393.57366
4.345 	29393.81621
4.350 	29394.05485
4.355 	29394.28962
4.360 	29394.5206
4.365 	29394.74785
4.370 	29394.97142
4.375 	29395.19137
4.380 	29395.40776
4.385 	29395.62065
4.390 	29395.83009
4.395 	29396.03613
4.400 	29396.23883
4.405 	29396.43824
4.410 	29396.63442
4.415 	29396.82741
4.420 	29397.01727
4.425 	29397.20405
4.430 	29397.38779
4.435 	29397.56854
4.440 	29397.74635
4.445 	29397.92127
4.450 	29398.09335
4.455 	29398.26262
4.460 	29398.42913
4.465 	29398.59293
4.470 	29398.75407
4.475 	29398.91257
4.480 	29399.06849
4.485 	29399.22187
4.490 	29399.37274
4.495 	29399.52115
4.500 	29399.66714
4.505 	29399.81074
4.510 	29399.95199
4.515 	29400.09093
4.520 	29400.2276
4.525 	29400.36204
4.530 	29400.49427
4.535 	29400.62434
4.540 	29400.75228
4.545 	29400.87812
4.550 	29401.0019
4.555 	29401.12365
4.560 	29401.2434
4.565 	29401.36119
4.570 	29401.47704
4.575 	29401.591
4.580 	29401.70308
4.585 	29401.81332
4.590 	29401.92175
4.595 	29402.02839
4.600 	29402.13328
4.605 	29402.23645
4.610 	29402.33792
4.615 	29402.43771
4.620 	29402.53587
4.625 	29402.6324
4.630 	29402.72735
4.635 	29402.82073
4.640 	29402.91257
4.645 	29403.0029
4.650 	29403.09174
4.655 	29403.17911
4.660 	29403.26503
4.665 	29403.34954
4.670 	29403.43265
4.675 	29403.51439
4.680 	29403.59478
4.685 	29403.67383
4.690 	29403.75158
4.695 	29403.82805
4.700 	29403.90324
4.705 	29403.9772
4.710 	29404.04992
4.715 	29404.12145
4.720 	29404.19178
4.725 	29404.26095
4.730 	29404.32898
4.735 	29404.39587
4.740 	29404.46166
4.745 	29404.52635
4.750 	29404.58997
4.755 	29404.65253
4.760 	29404.71406
4.765 	29404.77456
4.770 	29404.83405
4.775 	29404.89256
4.780 	29404.95009
4.785 	29405.00666
4.790 	29405.0623
4.795 	29405.117
4.800 	29405.1708
4.805 	29405.2237
4.810 	29405.27571
4.815 	29405.32687
4.820 	29405.37716
4.825 	29405.42662
4.830 	29405.47526
4.835 	29405.52308
4.840 	29405.5701
4.845 	29405.61634
4.850 	29405.66181
4.855 	29405.70651
4.860 	29405.75047
4.865 	29405.7937
4.870 	29405.8362
4.875 	29405.87799
4.880 	29405.91908
4.885 	29405.95948
4.890 	29405.99921
4.895 	29406.03827
4.900 	29406.07668
4.905 	29406.11444
4.910 	29406.15158
4.915 	29406.18808
4.920 	29406.22398
4.925 	29406.25927
4.930 	29406.29398
4.935 	29406.3281
4.940 	29406.36164
4.945 	29406.39463
4.950 	29406.42706
4.955 	29406.45894
4.960 	29406.49029
4.965 	29406.52111
4.970 	29406.55141
4.975 	29406.58121
4.980 	29406.6105
4.985 	29406.6393
4.990 	29406.66761
4.995 	29406.69545
5.000 	29406.72282
5.005 	29406.74973
5.010 	29406.77618
5.015 	29406.80219
5.020 	29406.82776
5.025 	29406.8529
5.030 	29406.87761
5.035 	29406.90191
5.040 	29406.9258
5.045 	29406.94928
5.050 	29406.97237
5.055 	29406.99507
5.060 	29407.01738
5.065 	29407.03932
5.070 	29407.06088
5.075 	29407.08208
5.080 	29407.10293
5.085 	29407.12342
5.090 	29407.14356
5.095 	29407.16336
5.100 	29407.18283
5.105 	29407.20197
5.110 	29407.22078
5.115 	29407.23928
5.120 	29407.25746
5.125 	29407.27533
5.130 	29407.2929
5.135 	29407.31017
5.140 	29407.32715
5.145 	29407.34384
5.150 	29407.36025
5.155 	29407.37638
5.160 	29407.39223
5.165 	29407.40782
5.170 	29407.42314
5.175 	29407.4382
5.180 	29407.453
5.185 	29407.46756
5.190 	29407.48186
5.195 	29407.49592
5.200 	29407.50975
5.205 	29407.52333
5.210 	29407.53669
5.215 	29407.54982
5.220 	29407.56272
5.225 	29407.57541
5.230 	29407.58788
5.235 	29407.60014
5.240 	29407.61218
5.245 	29407.62403
5.250 	29407.63567
5.255 	29407.64711
5.260 	29407.65835
5.265 	29407.66941
5.270 	29407.68028
5.275 	29407.69096
5.280 	29407.70145
5.285 	29407.71177
5.290 	29407.72191
5.295 	29407.73188
5.300 	29407.74168
5.305 	29407.75131
5.310 	29407.76078
5.315 	29407.77008
5.320 	29407.77923
5.325 	29407.78822
5.330 	29407.79705
5.335 	29407.80574
5.340 	29407.81427
5.345 	29407.82266
5.350 	29407.83091
5.355 	29407.83901
5.360 	29407.84697
5.365 	29407.8548
5.370 	29407.8625
5.375 	29407.87006
5.380 	29407.87749
5.385 	29407.8848
5.390 	29407.89197
5.395 	29407.89903
5.400 	29407.90597
5.405 	29407.91278
5.410 	29407.91948
5.415 	29407.92606
5.420 	29407.93253
5.425 	29407.93889
5.430 	29407.94514
5.435 	29407.95129
5.440 	29407.95732
5.445 	29407.96326
5.450 	29407.96909
5.455 	29407.97482
5.460 	29407.98045
5.465 	29407.98598
5.470 	29407.99142
5.475 	29407.99677
5.480 	29408.00202
5.485 	29408.00719
5.490 	29408.01226
5.495 	29408.01725
5.500 	29408.02215
5.505 	29408.02697
5.510 	29408.0317
5.515 	29408.03635
5.520 	29408.04092
5.525 	29408.04541
5.530 	29408.04983
5.535 	29408.05417
5.540 	29408.05843
5.545 	29408.06262
5.550 	29408.06674
5.555 	29408.07078
5.560 	29408.07476
5.565 	29408.07867
5.570 	29408.08251
5.575 	29408.08628
5.580 	29408.08999
5.585 	29408.09364
5.590 	29408.09722
5.595 	29408.10074
5.600 	29408.10419
5.605 	29408.10759
5.610 	29408.11093
5.615 	29408.11421
5.620 	29408.11744
5.625 	29408.12061
5.630 	29408.12372
5.635 	29408.12678
5.640 	29408.12979
5.645 	29408.13274
5.650 	29408.13565
5.655 	29408.1385
5.660 	29408.1413
5.665 	29408.14406
5.670 	29408.14677
5.675 	29408.14943
5.680 	29408.15204
5.685 	29408.15461
5.690 	29408.15713
5.695 	29408.15961
5.700 	29408.16205
5.705 	29408.16444
5.710 	29408.1668
5.715 	29408.16911
5.720 	29408.17138
5.725 	29408.17361
5.730 	29408.17581
5.735 	29408.17796
5.740 	29408.18008
5.745 	29408.18216
5.750 	29408.1842
5.755 	29408.18621
5.760 	29408.18819
5.765 	29408.19013
5.770 	29408.19203
5.775 	29408.19391
5.780 	29408.19575
5.785 	29408.19755
5.790 	29408.19933
5.795 	29408.20107
