0	0	322.145
0	1	325.063
0	2	330.8985
0	3	339.6499
0	4	351.3152
0	5	365.8915
0	6	383.3755
0	7	403.7629
0	8	427.0489
0	9	453.2279
0	10	482.2937
0	11	514.2395
0	12	549.0577
0	13	586.74
0	14	627.2778
0	15	670.6614
0	16	716.8808
0	17	765.9252
0	18	817.7833
0	19	872.4432
0	20	929.8923
0	21	990.1175
0	22	1053.1053
0	23	1118.8414
0	24	1187.3111
0	25	1258.4992
0	26	1332.39
0	27	1408.9671
0	28	1488.214
0	29	1570.1136
0	30	1654.6483
0	31	1741.8
0	32	1831.5506
0	33	1923.8811
0	34	2018.7726
0	35	2116.2056
0	36	2216.1604
0	37	2318.6169
0	38	2423.5548
0	39	2530.9534
0	40	2640.792
0	41	2753.0495
0	42	2867.7046
0	43	2984.7359
0	44	3104.1216
0	45	3225.8401
0	46	3349.8693
0	47	3476.1871
0	48	3604.7715
0	49	3735.6002
0	50	3868.6507
0	51	4003.9006
0	52	4141.3275
0	53	4280.9088
0	54	4422.6219
0	55	4566.4442
0	56	4712.3532
0	57	4860.3261
0	58	5010.3404
0	59	5162.3734
0	60	5316.4025
0	61	5472.4051
0	62	5630.3587
0	63	5790.2406
0	64	5952.0285
0	65	6115.6997
0	66	6281.2318
0	67	6448.6024
0	68	6617.7891
0	69	6788.7697
0	70	6961.5216
0	71	7136.0228
0	72	7312.2509
0	73	7490.1837
0	74	7669.7991
0	75	7851.0749
0	76	8033.989
0	77	8218.5193
0	78	8404.6436
0	79	8592.34
0	80	8781.5863
0	81	8972.3605
0	82	9164.6405
0	83	9358.4043
0	84	9553.6298
0	85	9750.2949
0	86	9948.3774
0	87	10147.8553
0	88	10348.7063
0	89	10550.9082
0	90	10754.4386
0	91	10959.2754
0	92	11165.3959
0	93	11372.7778
0	94	11581.3984
0	95	11791.2351
0	96	12002.265
0	97	12214.4653
0	98	12427.8129
0	99	12642.2847
0	100	12857.8573
0	101	13074.5072
0	102	13292.2107
0	103	13510.9441
0	104	13730.6832
0	105	13951.4037
0	106	14173.0811
0	107	14395.6906
0	108	14619.2072
0	109	14843.6056
0	110	15068.86
0	111	15294.9444
0	112	15521.8326
0	113	15749.4978
0	114	15977.9128
0	115	16207.05
0	116	16436.8813
0	117	16667.3782
0	118	16898.5116
0	119	17130.2517
0	120	17362.5682
0	121	17595.4301
0	122	17828.8057
0	123	18062.6623
0	124	18296.9667
0	125	18531.6844
0	126	18766.7803
0	127	19002.2178
0	128	19237.9594
0	129	19473.9661
0	130	19710.1977
0	131	19946.6122
0	132	20183.166
0	133	20419.8135
0	134	20656.5071
0	135	20893.1966
0	136	21129.8293
0	137	21366.3493
0	138	21602.6974
0	139	21838.8103
0	140	22074.6202
0	141	22310.0539
0	142	22545.0318
0	143	22779.467
0	144	23013.2631
0	145	23246.3126
0	146	23478.4933
0	147	23709.6645
0	148	23939.6596
0	149	24168.275
0	150	24395.2481
0	151	24620.213
0	152	24842.6207
0	153	25061.6843
0	154	25276.6896
0	155	25487.742
1	0	973.4634
1	1	976.3686
1	2	982.1783
1	3	990.8913
1	4	1002.5058
1	5	1017.0193
1	6	1034.4287
1	7	1054.7301
1	8	1077.9195
1	9	1103.9916
1	10	1132.9411
1	11	1164.7618
1	12	1199.4467
1	13	1236.9886
1	14	1277.3795
1	15	1320.6107
1	16	1366.6731
1	17	1415.5569
1	18	1467.2517
1	19	1521.7465
1	20	1579.0298
1	21	1639.0894
1	22	1701.9127
1	23	1767.4865
1	24	1835.7968
1	25	1906.8295
1	26	1980.5695
1	27	2057.0015
1	28	2136.1095
1	29	2217.8771
1	30	2302.2873
1	31	2389.3227
1	32	2478.9654
1	33	2571.197
1	34	2665.9987
1	35	2763.3513
1	36	2863.2351
1	37	2965.63
1	38	3070.5155
1	39	3177.8709
1	40	3287.675
1	41	3399.9062
1	42	3514.5427
1	43	3631.5624
1	44	3750.9429
1	45	3872.6615
1	46	3996.6953
1	47	4123.0211
1	48	4251.6157
1	49	4382.4554
1	50	4515.5167
1	51	4650.7756
1	52	4788.2082
1	53	4927.7903
1	54	5069.4978
1	55	5213.3064
1	56	5359.1918
1	57	5507.1294
1	58	5657.095
1	59	5809.0641
1	60	5963.0121
1	61	6118.9145
1	62	6276.7469
1	63	6436.4849
1	64	6598.1038
1	65	6761.5795
1	66	6926.8874
1	67	7094.0032
1	68	7262.9027
1	69	7433.5616
1	70	7605.9556
1	71	7780.0608
1	72	7955.8529
1	73	8133.3079
1	74	8312.4019
1	75	8493.111
1	76	8675.4112
1	77	8859.2788
1	78	9044.6899
1	79	9231.6208
1	80	9420.0478
1	81	9609.9472
1	82	9801.2953
1	83	9994.0684
1	84	10188.243
1	85	10383.7953
1	86	10580.7017
1	87	10778.9384
1	88	10978.4819
1	89	11179.3084
1	90	11381.3939
1	91	11584.7148
1	92	11789.247
1	93	11994.9666
1	94	12201.8494
1	95	12409.8713
1	96	12619.0078
1	97	12829.2346
1	98	13040.5269
1	99	13252.8601
1	100	13466.209
1	101	13680.5485
1	102	13895.8533
1	103	14112.0976
1	104	14329.2555
1	105	14547.3009
1	106	14766.2073
1	107	14985.9477
1	108	15206.495
1	109	15427.8216
1	110	15649.8995
1	111	15872.7002
1	112	16096.1948
1	113	16320.3537
1	114	16545.147
1	115	16770.5439
1	116	16996.5131
1	117	17223.0226
1	118	17450.0394
1	119	17677.5299
1	120	17905.4594
1	121	18133.7924
1	122	18362.4921
1	123	18591.5205
1	124	18820.8384
1	125	19050.4051
1	126	19280.1783
1	127	19510.1139
1	128	19740.1659
1	129	19970.286
1	130	20200.4236
1	131	20430.5251
1	132	20660.5339
1	133	20890.3899
1	134	21120.0286
1	135	21349.3809
1	136	21578.3722
1	137	21806.9209
1	138	22034.9379
1	139	22262.324
1	140	22488.9682
1	141	22714.7444
1	142	22939.5065
1	143	23163.0816
1	144	23385.2589
1	145	23605.7685
1	146	23824.24
1	147	24040.1135
1	148	24252.5093
1	149	24460.3413
1	150	24663.3279
2	0	1638.3043
2	1	1641.1831
2	2	1646.9403
2	3	1655.5746
2	4	1667.0845
2	5	1681.4678
2	6	1698.7217
2	7	1718.8429
2	8	1741.8275
2	9	1767.6712
2	10	1796.3689
2	11	1827.9153
2	12	1862.3042
2	13	1899.5291
2	14	1939.5827
2	15	1982.4574
2	16	2028.145
2	17	2076.6365
2	18	2127.9227
2	19	2181.9936
2	20	2238.8387
2	21	2298.4471
2	22	2360.8072
2	23	2425.9069
2	24	2493.7335
2	25	2564.2739
2	26	2637.5143
2	27	2713.4404
2	28	2792.0374
2	29	2873.2901
2	30	2957.1824
2	31	3043.6981
2	32	3132.8202
2	33	3224.5313
2	34	3318.8136
2	35	3415.6485
2	36	3515.0172
2	37	3616.9003
2	38	3721.278
2	39	3828.1299
2	40	3937.4353
2	41	4049.1731
2	42	4163.3215
2	43	4279.8587
2	44	4398.7623
2	45	4520.0093
2	46	4643.5768
2	47	4769.4413
2	48	4897.5788
2	49	5027.9655
2	50	5160.5768
2	51	5295.3882
2	52	5432.3747
2	53	5571.5112
2	54	5712.7724
2	55	5856.1328
2	56	6001.5666
2	57	6149.0481
2	58	6298.5513
2	59	6450.0502
2	60	6603.5185
2	61	6758.93
2	62	6916.2584
2	63	7075.4775
2	64	7236.5608
2	65	7399.4819
2	66	7564.2144
2	67	7730.7321
2	68	7899.0085
2	69	8069.0173
2	70	8240.7322
2	71	8414.127
2	72	8589.1754
2	73	8765.8515
2	74	8944.1289
2	75	9123.9818
2	76	9305.3841
2	77	9488.31
2	78	9672.7336
2	79	9858.629
2	80	10045.9706
2	81	10234.7327
2	82	10424.8894
2	83	10616.4153
2	84	10809.2847
2	85	11003.4719
2	86	11198.9515
2	87	11395.6977
2	88	11593.685
2	89	11792.8877
2	90	11993.2801
2	91	12194.8364
2	92	12397.5308
2	93	12601.3375
2	94	12806.2303
2	95	13012.183
2	96	13219.1696
2	97	13427.1633
2	98	13636.1377
2	99	13846.0658
2	100	14056.9207
2	101	14268.6748
2	102	14481.3008
2	103	14694.7705
2	104	14909.0558
2	105	15124.1281
2	106	15339.9582
2	107	15556.5167
2	108	15773.7736
2	109	15991.6985
2	110	16210.2603
2	111	16429.4272
2	112	16649.167
2	113	16869.4465
2	114	17090.2317
2	115	17311.4879
2	116	17533.1793
2	117	17755.2692
2	118	17977.7194
2	119	18200.4908
2	120	18423.5427
2	121	18646.833
2	122	18870.3176
2	123	19093.9509
2	124	19317.6848
2	125	19541.4691
2	126	19765.2507
2	127	19988.9736
2	128	20212.5782
2	129	20436.0012
2	130	20659.1743
2	131	20882.0243
2	132	21104.4712
2	133	21326.428
2	134	21547.7982
2	135	21768.4743
2	136	21988.3349
2	137	22207.2407
2	138	22425.029
2	139	22641.5046
2	140	22856.4254
2	141	23069.4753
2	142	23280.2062
2	143	23487.9156
2	144	23691.4927
2	145	23889.755
2	146	24081.9634
3	0	2313.4357
3	1	2316.2802
3	2	2321.9687
3	3	2330.5001
3	4	2341.8731
3	5	2356.0856
3	6	2373.1352
3	7	2393.0189
3	8	2415.7332
3	9	2441.2742
3	10	2469.6374
3	11	2500.8178
3	12	2534.81
3	13	2571.6081
3	14	2611.2055
3	15	2653.5954
3	16	2698.7701
3	17	2746.7218
3	18	2797.4419
3	19	2850.9215
3	20	2907.151
3	21	2966.1204
3	22	3027.8192
3	23	3092.2363
3	24	3159.3602
3	25	3229.1786
3	26	3301.6791
3	27	3376.8485
3	28	3454.6731
3	29	3535.1387
3	30	3618.2306
3	31	3703.9336
3	32	3792.232
3	33	3883.1093
3	34	3976.549
3	35	4072.5335
3	36	4171.0451
3	37	4272.0655
3	38	4375.5757
3	39	4481.5564
3	40	4589.9877
3	41	4700.8492
3	42	4814.1201
3	43	4929.779
3	44	5047.8042
3	45	5168.1732
3	46	5290.8635
3	47	5415.8519
3	48	5543.1146
3	49	5672.6279
3	50	5804.3671
3	51	5938.3076
3	52	6074.4241
3	53	6212.6913
3	54	6353.0831
3	55	6495.5736
3	56	6640.1363
3	57	6786.7444
3	58	6935.371
3	59	7085.989
3	60	7238.5709
3	61	7393.0891
3	62	7549.516
3	63	7707.8236
3	64	7867.984
3	65	8029.9689
3	66	8193.7502
3	67	8359.2997
3	68	8526.589
3	69	8695.5897
3	70	8866.2735
3	71	9038.6119
3	72	9212.5767
3	73	9388.1393
3	74	9565.2716
3	75	9743.9451
3	76	9924.1316
3	77	10105.8028
3	78	10288.9306
3	79	10473.4868
3	80	10659.4433
3	81	10846.7721
3	82	11035.445
3	83	11225.4342
3	84	11416.7116
3	85	11609.2494
3	86	11803.0194
3	87	11997.9939
3	88	12194.1449
3	89	12391.4443
3	90	12589.8641
3	91	12789.3762
3	92	12989.9524
3	93	13191.5644
3	94	13394.1838
3	95	13597.782
3	96	13802.3302
3	97	14007.7997
3	98	14214.161
3	99	14421.3849
3	100	14629.4415
3	101	14838.3009
3	102	15047.9327
3	103	15258.3059
3	104	15469.3893
3	105	15681.1513
3	106	15893.5593
3	107	16106.5806
3	108	16320.1816
3	109	16534.3279
3	110	16748.9844
3	111	16964.1152
3	112	17179.6833
3	113	17395.6508
3	114	17611.9783
3	115	17828.6254
3	116	18045.5503
3	117	18262.7093
3	118	18480.0572
3	119	18697.5467
3	120	18915.1283
3	121	19132.7501
3	122	19350.3573
3	123	19567.8918
3	124	19785.2921
3	125	20002.4923
3	126	20219.4216
3	127	20436.0036
3	128	20652.1553
3	129	20867.7853
3	130	21082.7927
3	131	21297.0645
3	132	21510.4727
3	133	21722.8699
3	134	21934.0829
3	135	22143.9034
3	136	22352.0714
3	137	22558.2452
3	138	22761.9354
3	139	22962.3632
3	140	23158.2816
3	141	23348.4254
4	0	2995.3721
4	1	2998.1773
4	2	3003.7873
4	3	3012.2012
4	4	3023.4176
4	5	3037.4347
4	6	3054.2503
4	7	3073.8616
4	8	3096.2655
4	9	3121.4584
4	10	3149.436
4	11	3180.194
4	12	3213.7273
4	13	3250.0304
4	14	3289.0975
4	15	3330.9221
4	16	3375.4973
4	17	3422.8159
4	18	3472.8701
4	19	3525.6514
4	20	3581.1513
4	21	3639.3605
4	22	3700.2693
4	23	3763.8674
4	24	3830.1442
4	25	3899.0885
4	26	3970.6886
4	27	4044.9324
4	28	4121.8072
4	29	4201.2998
4	30	4283.3966
4	31	4368.0833
4	32	4455.3453
4	33	4545.1673
4	34	4637.5337
4	35	4732.4281
4	36	4829.8338
4	37	4929.7334
4	38	5032.1093
4	39	5136.943
4	40	5244.2156
4	41	5353.9078
4	42	5465.9996
4	43	5580.4706
4	44	5697.2999
4	45	5816.4659
4	46	5937.9466
4	47	6061.7197
4	48	6187.762
4	49	6316.0501
4	50	6446.56
4	51	6579.2673
4	52	6714.1471
4	53	6851.1739
4	54	6990.3221
4	55	7131.5653
4	56	7274.877
4	57	7420.2301
4	58	7567.5972
4	59	7716.9506
4	60	7868.2622
4	61	8021.5036
4	62	8176.6461
4	63	8333.6608
4	64	8492.5183
4	65	8653.1894
4	66	8815.6442
4	67	8979.8531
4	68	9145.786
4	69	9313.4127
4	70	9482.703
4	71	9653.6265
4	72	9826.1528
4	73	10000.2514
4	74	10175.8916
4	75	10353.0429
4	76	10531.6746
4	77	10711.7561
4	78	10893.2567
4	79	11076.1458
4	80	11260.3926
4	81	11445.9666
4	82	11632.8371
4	83	11820.9735
4	84	12010.3451
4	85	12200.9212
4	86	12392.6713
4	87	12585.5645
4	88	12779.5703
4	89	12974.6578
4	90	13170.7962
4	91	13367.9546
4	92	13566.1018
4	93	13765.2067
4	94	13965.238
4	95	14166.1641
4	96	14367.9532
4	97	14570.5733
4	98	14773.992
4	99	14978.1767
4	100	15183.0943
4	101	15388.7113
4	102	15594.9937
4	103	15801.9069
4	104	16009.4158
4	105	16217.4846
4	106	16426.0767
4	107	16635.1546
4	108	16844.68
4	109	17054.6134
4	110	17264.9143
4	111	17475.5409
4	112	17686.4499
4	113	17897.5964
4	114	18108.9338
4	115	18320.4136
4	116	18531.9847
4	117	18743.5939
4	118	18955.1849
4	119	19166.6982
4	120	19378.0705
4	121	19589.2342
4	122	19800.1169
4	123	20010.6402
4	124	20220.7186
4	125	20430.2586
4	126	20639.1565
4	127	20847.2962
4	128	21054.5463
4	129	21260.7552
4	130	21465.7449
4	131	21669.3015
4	132	21871.1582
4	133	22070.9655
4	134	22268.2263
4	135	22462.1494
4	136	22651.4363
4	137	22834.667
5	0	3680.874
5	1	3683.6369
5	2	3689.1622
5	3	3697.4492
5	4	3708.4965
5	5	3722.3025
5	6	3738.8651
5	7	3758.1817
5	8	3780.2495
5	9	3805.0649
5	10	3832.6243
5	11	3862.9234
5	12	3895.9575
5	13	3931.7216
5	14	3970.2102
5	15	4011.4172
5	16	4055.3363
5	17	4101.9607
5	18	4151.2831
5	19	4203.2957
5	20	4257.9905
5	21	4315.3588
5	22	4375.3916
5	23	4438.0793
5	24	4503.4119
5	25	4571.379
5	26	4641.9697
5	27	4715.1726
5	28	4790.9759
5	29	4869.3671
5	30	4950.3335
5	31	5033.8618
5	32	5119.938
5	33	5208.548
5	34	5299.6769
5	35	5393.3094
5	36	5489.4297
5	37	5588.0213
5	38	5689.0675
5	39	5792.5508
5	40	5898.4534
5	41	6006.7567
5	42	6117.4418
5	43	6230.4892
5	44	6345.8787
5	45	6463.5898
5	46	6583.6013
5	47	6705.8916
5	48	6830.4383
5	49	6957.2187
5	50	7086.2095
5	51	7217.3869
5	52	7350.7264
5	53	7486.2032
5	54	7623.7917
5	55	7763.4661
5	56	7905.2
5	57	8048.9663
5	58	8194.7377
5	59	8342.4863
5	60	8492.1838
5	61	8643.8014
5	62	8797.3098
5	63	8952.6796
5	64	9109.8807
5	65	9268.8829
5	66	9429.6554
5	67	9592.1673
5	68	9756.3872
5	69	9922.2837
5	70	10089.8248
5	71	10258.9786
5	72	10429.7128
5	73	10601.9949
5	74	10775.7923
5	75	10951.0722
5	76	11127.8018
5	77	11305.9481
5	78	11485.4778
5	79	11666.3579
5	80	11848.5549
5	81	12032.0357
5	82	12216.7666
5	83	12402.7143
5	84	12589.8451
5	85	12778.1255
5	86	12967.5217
5	87	13158
5	88	13349.5265
5	89	13542.0672
5	90	13735.588
5	91	13930.0547
5	92	14125.4327
5	93	14321.6875
5	94	14518.7842
5	95	14716.6875
5	96	14915.3621
5	97	15114.772
5	98	15314.8809
5	99	15515.6523
5	100	15717.0486
5	101	15919.0321
5	102	16121.5641
5	103	16324.6053
5	104	16528.1155
5	105	16732.0535
5	106	16936.3769
5	107	17141.0423
5	108	17346.0049
5	109	17551.2181
5	110	17756.6338
5	111	17962.202
5	112	18167.8703
5	113	18373.584
5	114	18579.2855
5	115	18784.9138
5	116	18990.4044
5	117	19195.6885
5	118	19400.6922
5	119	19605.3357
5	120	19809.5325
5	121	20013.1877
5	122	20216.1963
5	123	20418.441
5	124	20619.7892
5	125	20820.0884
5	126	21019.16
5	127	21216.7902
5	128	21412.714
5	129	21606.5876
5	130	21797.9303
5	131	21985.9885
5	132	22169.4961
5	133	22346.8646
5	134	22516.622
6	0	4367.0581
6	1	4369.7766
6	2	4375.213
6	3	4383.3667
6	4	4394.2364
6	5	4407.8205
6	6	4424.1171
6	7	4443.1238
6	8	4464.8378
6	9	4489.256
6	10	4516.3746
6	11	4546.1898
6	12	4578.6971
6	13	4613.8918
6	14	4651.7686
6	15	4692.3219
6	16	4735.5457
6	17	4781.4335
6	18	4829.9785
6	19	4881.1734
6	20	4935.0104
6	21	4991.4814
6	22	5050.578
6	23	5112.2909
6	24	5176.6109
6	25	5243.5281
6	26	5313.032
6	27	5385.112
6	28	5459.7567
6	29	5536.9546
6	30	5616.6934
6	31	5698.9605
6	32	5783.7429
6	33	5871.0268
6	34	5960.7984
6	35	6053.0429
6	36	6147.7453
6	37	6244.8901
6	38	6344.4613
6	39	6446.4421
6	40	6550.8155
6	41	6657.5639
6	42	6766.669
6	43	6878.1122
6	44	6991.8743
6	45	7107.9353
6	46	7226.2749
6	47	7346.8722
6	48	7469.7058
6	49	7594.7535
6	50	7721.9927
6	51	7851.4003
6	52	7982.9524
6	53	8116.6247
6	54	8252.3923
6	55	8390.2297
6	56	8530.1108
6	57	8672.0089
6	58	8815.897
6	59	8961.7472
6	60	9109.5312
6	61	9259.2202
6	62	9410.7849
6	63	9564.1953
6	64	9719.4212
6	65	9876.4315
6	66	10035.1951
6	67	10195.68
6	68	10357.8541
6	69	10521.6848
6	70	10687.1389
6	71	10854.1832
6	72	11022.7837
6	73	11192.9065
6	74	11364.5171
6	75	11537.5807
6	76	11712.0625
6	77	11887.9271
6	78	12065.1391
6	79	12243.6628
6	80	12423.4622
6	81	12604.5014
6	82	12786.7439
6	83	12970.1534
6	84	13154.6931
6	85	13340.3262
6	86	13527.0158
6	87	13714.7247
6	88	13903.4153
6	89	14093.0502
6	90	14283.5915
6	91	14475.001
6	92	14667.2404
6	93	14860.2708
6	94	15054.0533
6	95	15248.5482
6	96	15443.7156
6	97	15639.5148
6	98	15835.9048
6	99	16032.8435
6	100	16230.2885
6	101	16428.196
6	102	16626.5217
6	103	16825.2198
6	104	17024.2432
6	105	17223.5437
6	106	17423.0712
6	107	17622.7737
6	108	17822.5972
6	109	18022.4853
6	110	18222.3789
6	111	18422.2156
6	112	18621.9296
6	113	18821.4507
6	114	19020.7041
6	115	19219.609
6	116	19418.0781
6	117	19616.0158
6	118	19813.3169
6	119	20009.8641
6	120	20205.5253
6	121	20400.1493
6	122	20593.5598
6	123	20785.5472
6	124	20975.854
6	125	21164.1508
6	126	21349.9872
6	127	21532.6782
6	128	21711.0643
6	129	21883.4524
6	130	22049.0319
7	0	5051.3779
7	1	5054.0503
7	2	5059.3947
7	3	5067.4103
7	4	5078.0961
7	5	5091.4504
7	6	5107.4715
7	7	5126.157
7	8	5147.5042
7	9	5171.5102
7	10	5198.1714
7	11	5227.4842
7	12	5259.4442
7	13	5294.0469
7	14	5331.2873
7	15	5371.1601
7	16	5413.6595
7	17	5458.7793
7	18	5506.5129
7	19	5556.8534
7	20	5609.7935
7	21	5665.3252
7	22	5723.4405
7	23	5784.1307
7	24	5847.3869
7	25	5913.1994
7	26	5981.5585
7	27	6052.4539
7	28	6125.8747
7	29	6201.8099
7	30	6280.2476
7	31	6361.176
7	32	6444.5823
7	33	6530.4535
7	34	6618.7762
7	35	6709.5364
7	36	6802.7197
7	37	6898.311
7	38	6996.295
7	39	7096.6556
7	40	7199.3765
7	41	7304.4405
7	42	7411.8303
7	43	7521.5278
7	44	7633.5143
7	45	7747.7707
7	46	7864.2774
7	47	7983.014
7	48	8103.9597
7	49	8227.093
7	50	8352.3921
7	51	8479.8342
7	52	8609.3961
7	53	8741.0541
7	54	8874.7838
7	55	9010.56
7	56	9148.3571
7	57	9288.1489
7	58	9429.9085
7	59	9573.6083
7	60	9719.2202
7	61	9866.7155
7	62	10016.0648
7	63	10167.2381
7	64	10320.2047
7	65	10474.9336
7	66	10631.393
7	67	10789.5504
7	68	10949.373
7	69	11110.8274
7	70	11273.8794
7	71	11438.4946
7	72	11604.638
7	73	11772.2739
7	74	11941.3665
7	75	12111.8792
7	76	12283.7752
7	77	12457.0171
7	78	12631.5673
7	79	12807.3875
7	80	12984.4395
7	81	13162.6842
7	82	13342.0825
7	83	13522.5948
7	84	13704.1814
7	85	13886.8018
7	86	14070.4156
7	87	14254.9819
7	88	14440.4592
7	89	14626.806
7	90	14813.9801
7	91	15001.9389
7	92	15190.6394
7	93	15380.038
7	94	15570.0906
7	95	15760.7522
7	96	15951.9773
7	97	16143.7196
7	98	16335.9315
7	99	16528.5648
7	100	16721.5698
7	101	16914.8956
7	102	17108.4897
7	103	17302.2978
7	104	17496.2638
7	105	17690.3292
7	106	17884.4328
7	107	18078.5106
7	108	18272.4951
7	109	18466.3149
7	110	18659.8937
7	111	18853.15
7	112	19045.9956
7	113	19238.3348
7	114	19430.0624
7	115	19621.062
7	116	19811.2028
7	117	20000.3361
7	118	20188.2901
7	119	20374.8616
7	120	20559.8041
7	121	20742.8071
7	122	20923.4567
7	123	21101.1471
7	124	21274.873
7	125	21442.9903
7	126	21604.2235
8	0	5731.5744
8	1	5734.1995
8	2	5739.4493
8	3	5747.3231
8	4	5757.8198
8	5	5770.938
8	6	5786.6757
8	7	5805.0309
8	8	5826.0009
8	9	5849.5828
8	10	5875.7733
8	11	5904.5687
8	12	5935.9649
8	13	5969.9576
8	14	6006.5419
8	15	6045.7126
8	16	6087.4641
8	17	6131.7906
8	18	6178.6856
8	19	6228.1424
8	20	6280.154
8	21	6334.7127
8	22	6391.8107
8	23	6451.4397
8	24	6513.5908
8	25	6578.255
8	26	6645.4228
8	27	6715.084
8	28	6787.2285
8	29	6861.8452
8	30	6938.9229
8	31	7018.45
8	32	7100.4143
8	33	7184.8031
8	34	7271.6035
8	35	7360.8018
8	36	7452.384
8	37	7546.3357
8	38	7642.6419
8	39	7741.287
8	40	7842.2552
8	41	7945.53
8	42	8051.0942
8	43	8158.9303
8	44	8269.0204
8	45	8381.3456
8	46	8495.8869
8	47	8612.6245
8	48	8731.5379
8	49	8852.6064
8	50	8975.8083
8	51	9101.1215
8	52	9228.5233
8	53	9357.9903
8	54	9489.4984
8	55	9623.0231
8	56	9758.5389
8	57	9896.0201
8	58	10035.4398
8	59	10176.7708
8	60	10319.9851
8	61	10465.0541
8	62	10611.9484
8	63	10760.6379
8	64	10911.0919
8	65	11063.279
8	66	11217.1671
8	67	11372.7233
8	68	11529.9141
8	69	11688.7054
8	70	11849.0624
8	71	12010.9494
8	72	12174.3304
8	73	12339.1685
8	74	12505.4262
8	75	12673.0655
8	76	12842.0476
8	77	13012.3333
8	78	13183.8827
8	79	13356.6551
8	80	13530.6097
8	81	13705.7047
8	82	13881.8979
8	83	14059.1467
8	84	14237.4076
8	85	14416.6368
8	86	14596.7899
8	87	14777.8216
8	88	14959.6865
8	89	15142.3381
8	90	15325.7294
8	91	15509.8127
8	92	15694.5394
8	93	15879.8602
8	94	16065.7247
8	95	16252.0815
8	96	16438.878
8	97	16626.0604
8	98	16813.5733
8	99	17001.3597
8	100	17189.3609
8	101	17377.5157
8	102	17565.7607
8	103	17754.0296
8	104	17942.2529
8	105	18130.3573
8	106	18318.2651
8	107	18505.8935
8	108	18693.1536
8	109	18879.9491
8	110	19066.1751
8	111	19251.716
8	112	19436.4429
8	113	19620.2103
8	114	19802.8514
8	115	19984.1708
8	116	20163.9345
8	117	20341.8523
8	118	20517.5476
8	119	20690.4908
8	120	20859.8413
8	121	21024.1496
8	122	21181.6615
9	0	6405.6217
9	1	6408.1984
9	2	6413.3515
9	3	6421.0801
9	4	6431.3834
9	5	6444.2597
9	6	6459.7075
9	7	6477.7244
9	8	6498.308
9	9	6521.4555
9	10	6547.1636
9	11	6575.4287
9	12	6606.2468
9	13	6639.6138
9	14	6675.5247
9	15	6713.9747
9	16	6754.9583
9	17	6798.4696
9	18	6844.5025
9	19	6893.0504
9	20	6944.1064
9	21	6997.6631
9	22	7053.7128
9	23	7112.2474
9	24	7173.2583
9	25	7236.7367
9	26	7302.6732
9	27	7371.0581
9	28	7441.8812
9	29	7515.132
9	30	7590.7994
9	31	7668.872
9	32	7749.338
9	33	7832.1849
9	34	7917.4001
9	35	8004.9703
9	36	8094.8818
9	37	8187.1204
9	38	8281.6716
9	39	8378.52
9	40	8477.6501
9	41	8579.0458
9	42	8682.6902
9	43	8788.5664
9	44	8896.6564
9	45	9006.942
9	46	9119.4044
9	47	9234.0241
9	48	9350.7812
9	49	9469.6549
9	50	9590.6242
9	51	9713.6672
9	52	9838.7614
9	53	9965.8838
9	54	10095.0105
9	55	10226.1172
9	56	10359.1788
9	57	10494.1695
9	58	10631.0627
9	59	10769.8313
9	60	10910.4474
9	61	11052.8822
9	62	11197.1064
9	63	11343.0897
9	64	11490.8013
9	65	11640.2093
9	66	11791.2813
9	67	11943.9841
9	68	12098.2834
9	69	12254.1445
9	70	12411.5315
9	71	12570.4081
9	72	12730.7369
9	73	12892.4798
9	74	13055.5979
9	75	13220.0514
9	76	13385.7998
9	77	13552.8017
9	78	13721.015
9	79	13890.3967
9	80	14060.903
9	81	14232.4894
9	82	14405.1104
9	83	14578.7198
9	84	14753.2706
9	85	14928.7147
9	86	15105.0033
9	87	15282.0867
9	88	15459.9142
9	89	15638.434
9	90	15817.5933
9	91	15997.3382
9	92	16177.6134
9	93	16358.3623
9	94	16539.5269
9	95	16721.0474
9	96	16902.8622
9	97	17084.9075
9	98	17267.1173
9	99	17449.4228
9	100	17631.7522
9	101	17814.03
9	102	17996.1766
9	103	18178.1077
9	104	18359.7331
9	105	18540.9559
9	106	18721.6712
9	107	18901.7639
9	108	19081.1071
9	109	19259.5582
9	110	19436.9557
9	111	19613.1122
9	112	19787.8063
9	113	19960.7678
9	114	20131.6545
9	115	20300.0039
9	116	20465.1219
9	117	20625.823
9	118	20780.2556
10	0	7071.6811
10	1	7074.2084
10	2	7079.2626
10	3	7086.843
10	4	7096.9486
10	5	7109.578
10	6	7124.7293
10	7	7142.4006
10	8	7162.5893
10	9	7185.2927
10	10	7210.5075
10	11	7238.2302
10	12	7268.457
10	13	7301.1836
10	14	7336.4054
10	15	7374.1173
10	16	7414.3142
10	17	7456.9902
10	18	7502.1393
10	19	7549.755
10	20	7599.8304
10	21	7652.3585
10	22	7707.3315
10	23	7764.7415
10	24	7824.58
10	25	7886.8384
10	26	7951.5074
10	27	8018.5775
10	28	8088.0385
10	29	8159.8802
10	30	8234.0917
10	31	8310.6617
10	32	8389.5785
10	33	8470.83
10	34	8554.4035
10	35	8640.2861
10	36	8728.4641
10	37	8818.9237
10	38	8911.6504
10	39	9006.6292
10	40	9103.8446
10	41	9203.2807
10	42	9304.921
10	43	9408.7485
10	44	9514.7457
10	45	9622.8944
10	46	9733.176
10	47	9845.5713
10	48	9960.0603
10	49	10076.6227
10	50	10195.2375
10	51	10315.8828
10	52	10438.5365
10	53	10563.1755
10	54	10689.7761
10	55	10818.3141
10	56	10948.7643
10	57	11081.1009
10	58	11215.2975
10	59	11351.3267
10	60	11489.1604
10	61	11628.77
10	62	11770.1256
10	63	11913.1968
10	64	12057.9524
10	65	12204.36
10	66	12352.3868
10	67	12501.9988
10	68	12653.1611
10	69	12805.838
10	70	12959.9929
10	71	13115.588
10	72	13272.5849
10	73	13430.944
10	74	13590.6246
10	75	13751.5854
10	76	13913.7836
10	77	14077.1758
10	78	14241.7172
10	79	14407.3621
10	80	14574.0639
10	81	14741.7744
10	82	14910.4448
10	83	15080.0248
10	84	15250.463
10	85	15421.7067
10	86	15593.7021
10	87	15766.3937
10	88	15939.7248
10	89	16113.6371
10	90	16288.0706
10	91	16462.9635
10	92	16638.2522
10	93	16813.8707
10	94	16989.7507
10	95	17165.8213
10	96	17342.0084
10	97	17518.2346
10	98	17694.4184
10	99	17870.4737
10	100	18046.3091
10	101	18221.8269
10	102	18396.9217
10	103	18571.479
10	104	18745.3731
10	105	18918.4647
10	106	19090.5967
10	107	19261.5893
10	108	19431.2329
10	109	19599.2761
10	110	19765.4069
10	111	19929.2188
10	112	20090.1347
10	113	20247.2209
10	114	20398.8561
10	115	20543.3378
11	0	7728.0637
11	1	7730.5405
11	2	7735.4938
11	3	7742.9229
11	4	7752.8267
11	5	7765.2038
11	6	7780.0525
11	7	7797.3708
11	8	7817.1561
11	9	7839.4058
11	10	7864.1166
11	11	7891.285
11	12	7920.9073
11	13	7952.9792
11	14	7987.4961
11	15	8024.453
11	16	8063.8449
11	17	8105.6658
11	18	8149.9099
11	19	8196.5707
11	20	8245.6414
11	21	8297.1149
11	22	8350.9837
11	23	8407.2398
11	24	8465.8749
11	25	8526.8802
11	26	8590.2468
11	27	8655.965
11	28	8724.025
11	29	8794.4164
11	30	8867.1284
11	31	8942.1498
11	32	9019.4691
11	33	9099.0741
11	34	9180.9523
11	35	9265.0908
11	36	9351.4761
11	37	9440.0943
11	38	9530.9311
11	39	9623.9714
11	40	9719.2
11	41	9816.6009
11	42	9916.1577
11	43	10017.8534
11	44	10121.6706
11	45	10227.5911
11	46	10335.5964
11	47	10445.6672
11	48	10557.7836
11	49	10671.9253
11	50	10788.0711
11	51	10906.1993
11	52	11026.2876
11	53	11148.3129
11	54	11272.2513
11	55	11398.0785
11	56	11525.7692
11	57	11655.2973
11	58	11786.6362
11	59	11919.7583
11	60	12054.6352
11	61	12191.2376
11	62	12329.5354
11	63	12469.4977
11	64	12611.0926
11	65	12754.2871
11	66	12899.0475
11	67	13045.3391
11	68	13193.1258
11	69	13342.371
11	70	13493.0367
11	71	13645.0838
11	72	13798.4722
11	73	13953.1605
11	74	14109.1064
11	75	14266.266
11	76	14424.5944
11	77	14584.0454
11	78	14744.5713
11	79	14906.1232
11	80	15068.6507
11	81	15232.102
11	82	15396.4236
11	83	15561.5606
11	84	15727.4564
11	85	15894.0525
11	86	16061.2885
11	87	16229.1023
11	88	16397.4292
11	89	16566.2026
11	90	16735.3531
11	91	16904.8086
11	92	17074.4939
11	93	17244.3302
11	94	17414.2349
11	95	17584.1209
11	96	17753.8959
11	97	17923.4614
11	98	18092.7122
11	99	18261.5342
11	100	18429.8031
11	101	18597.3822
11	102	18764.1188
11	103	18929.8401
11	104	19094.347
11	105	19257.4047
11	106	19418.7277
11	107	19577.9549
11	108	19734.5981
11	109	19887.9216
11	110	20036.6523
11	111	20178.8403
11	112	20313.1157
12	0	8373.1975
12	1	8375.6228
12	2	8380.473
12	3	8387.7475
12	4	8397.4452
12	5	8409.5648
12	6	8424.1044
12	7	8441.0621
12	8	8460.4354
12	9	8482.2214
12	10	8506.4172
12	11	8533.0191
12	12	8562.0234
12	13	8593.4258
12	14	8627.2218
12	15	8663.4064
12	16	8701.9745
12	17	8742.9203
12	18	8786.2378
12	19	8831.9206
12	20	8879.962
12	21	8930.3548
12	22	8983.0914
12	23	9038.1641
12	24	9095.5643
12	25	9155.2836
12	26	9217.3126
12	27	9281.642
12	28	9348.2617
12	29	9417.1615
12	30	9488.3306
12	31	9561.7578
12	32	9637.4313
12	33	9715.3393
12	34	9795.469
12	35	9877.8075
12	36	9962.3414
12	37	10049.0566
12	38	10137.9388
12	39	10228.973
12	40	10322.1438
12	41	10417.4351
12	42	10514.8305
12	43	10614.3129
12	44	10715.8647
12	45	10819.4677
12	46	10925.1032
12	47	11032.7517
12	48	11142.3933
12	49	11254.0074
12	50	11367.5726
12	51	11483.0671
12	52	11600.4681
12	53	11719.7523
12	54	11840.8956
12	55	11963.8732
12	56	12088.6594
12	57	12215.2279
12	58	12343.5513
12	59	12473.6016
12	60	12605.3498
12	61	12738.766
12	62	12873.8193
12	63	13010.478
12	64	13148.7093
12	65	13288.4792
12	66	13429.753
12	67	13572.4945
12	68	13716.6665
12	69	13862.2308
12	70	14009.1477
12	71	14157.3764
12	72	14306.8747
12	73	14457.5989
12	74	14609.5042
12	75	14762.5441
12	76	14916.6705
12	77	15071.8339
12	78	15227.9829
12	79	15385.0646
12	80	15543.024
12	81	15701.8042
12	82	15861.3464
12	83	16021.5895
12	84	16182.47
12	85	16343.922
12	86	16505.8767
12	87	16668.2626
12	88	16831.0048
12	89	16994.0248
12	90	17157.2402
12	91	17320.5642
12	92	17483.9047
12	93	17647.1638
12	94	17810.2369
12	95	17973.0112
12	96	18135.3645
12	97	18297.1629
12	98	18458.2583
12	99	18618.4844
12	100	18777.6519
12	101	18935.5406
12	102	19091.8879
12	103	19246.3697
12	104	19398.5649
12	105	19547.879
12	106	19693.3483
12	107	19833.287
12	108	19965.9885
13	0	9005.6016
13	1	9007.9742
13	2	9012.7191
13	3	9019.8357
13	4	9029.3228
13	5	9041.179
13	6	9055.4027
13	7	9071.9917
13	8	9090.9436
13	9	9112.2556
13	10	9135.9246
13	11	9161.947
13	12	9190.319
13	13	9221.0364
13	14	9254.0946
13	15	9289.4887
13	16	9327.2133
13	17	9367.2627
13	18	9409.631
13	19	9454.3117
13	20	9501.298
13	21	9550.5826
13	22	9602.1581
13	23	9656.0165
13	24	9712.1493
13	25	9770.5479
13	26	9831.203
13	27	9894.1051
13	28	9959.2442
13	29	10026.6099
13	30	10096.1912
13	31	10167.9769
13	32	10241.9553
13	33	10318.1141
13	34	10396.4407
13	35	10476.922
13	36	10559.5444
13	37	10644.2937
13	38	10731.1554
13	39	10820.1144
13	40	10911.155
13	41	11004.261
13	42	11099.4157
13	43	11196.6018
13	44	11295.8015
13	45	11396.9963
13	46	11500.1672
13	47	11605.2944
13	48	11712.3575
13	49	11821.3357
13	50	11932.2072
13	51	12044.9497
13	52	12159.5399
13	53	12275.9541
13	54	12394.1675
13	55	12514.1548
13	56	12635.8896
13	57	12759.3449
13	58	12884.4926
13	59	13011.3038
13	60	13139.7485
13	61	13269.7959
13	62	13401.4141
13	63	13534.57
13	64	13669.2296
13	65	13805.3577
13	66	13942.9177
13	67	14081.8719
13	68	14222.1814
13	69	14363.8056
13	70	14506.7029
13	71	14650.8298
13	72	14796.1416
13	73	14942.5916
13	74	15090.1315
13	75	15238.7114
13	76	15388.2792
13	77	15538.781
13	78	15690.1604
13	79	15842.3591
13	80	15995.3161
13	81	16148.9679
13	82	16303.2482
13	83	16458.0876
13	84	16613.4131
13	85	16769.1486
13	86	16925.2134
13	87	17081.5226
13	88	17237.9862
13	89	17394.5083
13	90	17550.9866
13	91	17707.311
13	92	17863.3622
13	93	18019.0106
13	94	18174.113
13	95	18328.5101
13	96	18482.0221
13	97	18634.4425
13	98	18785.5285
13	99	18934.9868
13	100	19082.448
13	101	19227.4167
13	102	19369.1513
13	103	19506.3668
13	104	19637.0767
14	0	9623.8647
14	1	9626.1835
14	2	9630.8206
14	3	9637.7755
14	4	9647.047
14	5	9658.6337
14	6	9672.5339
14	7	9688.7455
14	8	9707.2661
14	9	9728.0927
14	10	9751.2222
14	11	9776.651
14	12	9804.3754
14	13	9834.3909
14	14	9866.6931
14	15	9901.2768
14	16	9938.1367
14	17	9977.267
14	18	10018.6618
14	19	10062.3143
14	20	10108.2178
14	21	10156.365
14	22	10206.7482
14	23	10259.3593
14	24	10314.1899
14	25	10371.2311
14	26	10430.4735
14	27	10491.9075
14	28	10555.5229
14	29	10621.3092
14	30	10689.2552
14	31	10759.3496
14	32	10831.5804
14	33	10905.9352
14	34	10982.4012
14	35	11060.9649
14	36	11141.6125
14	37	11224.3298
14	38	11309.1016
14	39	11395.9128
14	40	11484.7473
14	41	11575.5886
14	42	11668.4196
14	43	11763.2227
14	44	11859.9795
14	45	11958.6712
14	46	12059.2783
14	47	12161.7805
14	48	12266.1569
14	49	12372.386
14	50	12480.4456
14	51	12590.3124
14	52	12701.9627
14	53	12815.3719
14	54	12930.5145
14	55	13047.3642
14	56	13165.8937
14	57	13286.0748
14	58	13407.8785
14	59	13531.2746
14	60	13656.232
14	61	13782.7182
14	62	13910.6999
14	63	14040.1425
14	64	14171.01
14	65	14303.2652
14	66	14436.8697
14	67	14571.7832
14	68	14707.9644
14	69	14845.3699
14	70	14983.9551
14	71	15123.6731
14	72	15264.4756
14	73	15406.3118
14	74	15549.1292
14	75	15692.8727
14	76	15837.4849
14	77	15982.9057
14	78	16129.0723
14	79	16275.9185
14	80	16423.3751
14	81	16571.3692
14	82	16719.8236
14	83	16868.657
14	84	17017.7829
14	85	17167.1091
14	86	17316.5372
14	87	17465.9613
14	88	17615.267
14	89	17764.3298
14	90	17913.0129
14	91	18061.165
14	92	18208.6161
14	93	18355.1727
14	94	18500.6104
14	95	18644.6622
14	96	18787
14	97	18927.2002
14	98	19064.6692
14	99	19198.4512
14	100	19326.8642
14	101	19448.2062
15	0	10226.626
15	1	10228.8895
15	2	10233.4162
15	3	10240.2053
15	4	10249.2558
15	5	10260.5662
15	6	10274.1348
15	7	10289.9594
15	8	10308.0374
15	9	10328.3662
15	10	10350.9423
15	11	10375.7622
15	12	10402.822
15	13	10432.1172
15	14	10463.6433
15	15	10497.3951
15	16	10533.367
15	17	10571.5534
15	18	10611.948
15	19	10654.5441
15	20	10699.3347
15	21	10746.3124
15	22	10795.4693
15	23	10846.7974
15	24	10900.2878
15	25	10955.9316
15	26	11013.7192
15	27	11073.6408
15	28	11135.6859
15	29	11199.8438
15	30	11266.1032
15	31	11334.4523
15	32	11404.8789
15	33	11477.3703
15	34	11551.9134
15	35	11628.4945
15	36	11707.0993
15	37	11787.7131
15	38	11870.3206
15	39	11954.906
15	40	12041.4528
15	41	12129.9441
15	42	12220.3622
15	43	12312.689
15	44	12406.9056
15	45	12502.9924
15	46	12600.9293
15	47	12700.6952
15	48	12802.2687
15	49	12905.6274
15	50	13010.7479
15	51	13117.6064
15	52	13226.1781
15	53	13336.4373
15	54	13448.3573
15	55	13561.9105
15	56	13677.0686
15	57	13793.8019
15	58	13912.0797
15	59	14031.8702
15	60	14153.1406
15	61	14275.8566
15	62	14399.9826
15	63	14525.4819
15	64	14652.316
15	65	14780.4452
15	66	14909.8278
15	67	15040.4209
15	68	15172.1792
15	69	15305.0559
15	70	15439.002
15	71	15573.9662
15	72	15709.8949
15	73	15846.7321
15	74	15984.4187
15	75	16122.8928
15	76	16262.0894
15	77	16401.9397
15	78	16542.371
15	79	16683.3064
15	80	16824.6642
15	81	16966.357
15	82	17108.2915
15	83	17250.3674
15	84	17392.4762
15	85	17534.5001
15	86	17676.3097
15	87	17817.7625
15	88	17958.6991
15	89	18098.9392
15	90	18238.2755
15	91	18376.4645
15	92	18513.2125
15	93	18648.1502
15	94	18780.7848
15	95	18910.382
15	96	19035.6709
15	97	19154.6902
16	0	10812.5578
16	1	10814.7645
16	2	10819.1777
16	3	10825.7965
16	4	10834.6199
16	5	10845.6465
16	6	10858.8743
16	7	10874.3012
16	8	10891.9246
16	9	10911.7416
16	10	10933.7489
16	11	10957.9428
16	12	10984.3193
16	13	11012.8739
16	14	11043.6017
16	15	11076.4976
16	16	11111.556
16	17	11148.7709
16	18	11188.1359
16	19	11229.6441
16	20	11273.2885
16	21	11319.0614
16	22	11366.9548
16	23	11416.9602
16	24	11469.0688
16	25	11523.2712
16	26	11579.5576
16	27	11637.918
16	28	11698.3416
16	29	11760.8172
16	30	11825.3334
16	31	11891.8779
16	32	11960.4381
16	33	12031.0011
16	34	12103.5532
16	35	12178.0801
16	36	12254.5673
16	37	12332.9995
16	38	12413.3608
16	39	12495.6348
16	40	12579.8046
16	41	12665.8523
16	42	12753.7599
16	43	12843.5082
16	44	12935.0776
16	45	13028.4479
16	46	13123.5978
16	47	13220.5056
16	48	13319.1485
16	49	13419.5031
16	50	13521.5452
16	51	13625.2494
16	52	13730.5896
16	53	13837.5387
16	54	13946.0686
16	55	14056.1501
16	56	14167.7529
16	57	14280.8456
16	58	14395.3954
16	59	14511.3684
16	60	14628.7292
16	61	14747.441
16	62	14867.4655
16	63	14988.7628
16	64	15111.2913
16	65	15235.0074
16	66	15359.8656
16	67	15485.8185
16	68	15612.8163
16	69	15740.8067
16	70	15869.7348
16	71	15999.5429
16	72	16130.1703
16	73	16261.5528
16	74	16393.6224
16	75	16526.3072
16	76	16659.5303
16	77	16793.2101
16	78	16927.259
16	79	17061.5828
16	80	17196.0797
16	81	17330.6392
16	82	17465.1401
16	83	17599.4492
16	84	17733.418
16	85	17866.8792
16	86	17999.642
16	87	18131.484
16	88	18262.1407
16	89	18391.2862
16	90	18518.4996
16	91	18643.1903
16	92	18764.4033
16	93	18880.4665
16	94	18989.8279
17	0	11380.35
17	1	11382.4983
17	2	11386.7946
17	3	11393.2381
17	4	11401.8277
17	5	11412.5618
17	6	11425.4387
17	7	11440.456
17	8	11457.611
17	9	11476.9009
17	10	11498.3221
17	11	11521.8709
17	12	11547.5432
17	13	11575.3342
17	14	11605.2391
17	15	11637.2525
17	16	11671.3686
17	17	11707.5812
17	18	11745.8838
17	19	11786.2694
17	20	11828.7304
17	21	11873.2591
17	22	11919.8472
17	23	11968.4859
17	24	12019.1661
17	25	12071.878
17	26	12126.6117
17	27	12183.3566
17	28	12242.1015
17	29	12302.835
17	30	12365.5449
17	31	12430.2188
17	32	12496.8436
17	33	12565.4056
17	34	12635.8906
17	35	12708.284
17	36	12782.5704
17	37	12858.7338
17	38	12936.7578
17	39	13016.6252
17	40	13098.3181
17	41	13181.8181
17	42	13267.1059
17	43	13354.1617
17	44	13442.9647
17	45	13533.4935
17	46	13625.7259
17	47	13719.6388
17	48	13815.2081
17	49	13912.4091
17	50	14011.2158
17	51	14111.6014
17	52	14213.538
17	53	14316.9967
17	54	14421.9473
17	55	14528.3584
17	56	14636.1974
17	57	14745.4303
17	58	14856.0217
17	59	14967.9347
17	60	15081.1306
17	61	15195.5692
17	62	15311.2083
17	63	15428.0038
17	64	15545.9096
17	65	15664.877
17	66	15784.8551
17	67	15905.7901
17	68	16027.6256
17	69	16150.3016
17	70	16273.755
17	71	16397.9184
17	72	16522.7203
17	73	16648.0845
17	74	16773.9291
17	75	16900.1662
17	76	17026.7009
17	77	17153.4299
17	78	17280.2404
17	79	17407.0085
17	80	17533.5961
17	81	17659.8488
17	82	17785.5907
17	83	17910.6187
17	84	18034.6933
17	85	18157.5238
17	86	18278.7431
17	87	18397.8571
17	88	18514.1183
17	89	18626.221
17	90	18732.3107
18	0	11928.6959
18	1	11930.7839
18	2	11934.9595
18	3	11941.222
18	4	11949.5701
18	5	11960.0023
18	6	11972.5167
18	7	11987.1109
18	8	12003.7822
18	9	12022.5275
18	10	12043.3432
18	11	12066.2254
18	12	12091.1698
18	13	12118.1716
18	14	12147.2257
18	15	12178.3265
18	16	12211.468
18	17	12246.6439
18	18	12283.8471
18	19	12323.0706
18	20	12364.3065
18	21	12407.5466
18	22	12452.7825
18	23	12500.0049
18	24	12549.2043
18	25	12600.3706
18	26	12653.4933
18	27	12708.5615
18	28	12765.5635
18	29	12824.4872
18	30	12885.3201
18	31	12948.0491
18	32	13012.6603
18	33	13079.1396
18	34	13147.472
18	35	13217.6421
18	36	13289.6337
18	37	13363.4301
18	38	13439.0138
18	39	13516.3668
18	40	13595.47
18	41	13676.3041
18	42	13758.8486
18	43	13843.0824
18	44	13928.9835
18	45	14016.529
18	46	14105.6951
18	47	14196.4573
18	48	14288.7897
18	49	14382.6656
18	50	14478.0573
18	51	14574.9357
18	52	14673.2707
18	53	14773.0308
18	54	14874.1832
18	55	14976.6936
18	56	15080.5262
18	57	15185.6438
18	58	15292.0071
18	59	15399.5751
18	60	15508.305
18	61	15618.1514
18	62	15729.0671
18	63	15841.002
18	64	15953.9034
18	65	16067.7156
18	66	16182.3795
18	67	16297.8325
18	68	16414.008
18	69	16530.8347
18	70	16648.2363
18	71	16766.1308
18	72	16884.4296
18	73	17003.0366
18	74	17121.8468
18	75	17240.7448
18	76	17359.6027
18	77	17478.2773
18	78	17596.6065
18	79	17714.4042
18	80	17831.452
18	81	17947.488
18	82	18062.1866
18	83	18175.121
18	84	18285.6766
18	85	18392.826
18	86	18494.8649
18	87	18590.7807
19	0	12456.2766
19	1	12458.3022
19	2	12462.3528
19	3	12468.4277
19	4	12476.5257
19	5	12486.6452
19	6	12498.7841
19	7	12512.94
19	8	12529.1101
19	9	12547.2911
19	10	12567.4792
19	11	12589.6704
19	12	12613.8603
19	13	12640.0437
19	14	12668.2154
19	15	12698.3695
19	16	12730.4998
19	17	12764.5995
19	18	12800.6615
19	19	12838.6782
19	20	12878.6415
19	21	12920.5428
19	22	12964.3731
19	23	13010.1228
19	24	13057.7819
19	25	13107.3398
19	26	13158.7856
19	27	13212.1074
19	28	13267.2933
19	29	13324.3304
19	30	13383.2056
19	31	13443.9048
19	32	13506.4136
19	33	13570.7169
19	34	13636.7989
19	35	13704.6432
19	36	13774.2326
19	37	13845.5494
19	38	13918.5748
19	39	13993.2897
19	40	14069.6738
19	41	14147.7062
19	42	14227.365
19	43	14308.6275
19	44	14391.47
19	45	14475.868
19	46	14561.7955
19	47	14649.2259
19	48	14738.1313
19	49	14828.4824
19	50	14920.2488
19	51	15013.3988
19	52	15107.899
19	53	15203.7148
19	54	15300.8098
19	55	15399.1457
19	56	15498.6825
19	57	15599.3782
19	58	15701.1885
19	59	15804.0667
19	60	15907.9638
19	61	16012.8275
19	62	16118.6029
19	63	16225.2314
19	64	16332.6506
19	65	16440.794
19	66	16549.5904
19	67	16658.9631
19	68	16768.8293
19	69	16879.0993
19	70	16989.6751
19	71	17100.4492
19	72	17211.3024
19	73	17322.1018
19	74	17432.6973
19	75	17542.9168
19	76	17652.56
19	77	17761.3879
19	78	17869.1069
19	79	17975.3383
19	80	18079.5543
19	81	18180.9092
19	82	18277.9394
19	83	18369.3066
20	0	12961.7456
20	1	12963.7062
20	2	12967.6269
20	3	12973.5069
20	4	12981.345
20	5	12991.1394
20	6	13002.888
20	7	13016.5882
20	8	13032.237
20	9	13049.8311
20	10	13069.3665
20	11	13090.839
20	12	13114.2437
20	13	13139.5755
20	14	13166.8287
20	15	13195.9971
20	16	13227.0743
20	17	13260.0531
20	18	13294.9259
20	19	13331.6847
20	20	13370.321
20	21	13410.8258
20	22	13453.1894
20	23	13497.4018
20	24	13543.4524
20	25	13591.3299
20	26	13641.0227
20	27	13692.5183
20	28	13745.8039
20	29	13800.866
20	30	13857.6903
20	31	13916.2621
20	32	13976.5659
20	33	14038.5855
20	34	14102.3039
20	35	14167.7037
20	36	14234.7664
20	37	14303.4728
20	38	14373.8028
20	39	14445.7356
20	40	14519.2494
20	41	14594.3214
20	42	14670.9279
20	43	14749.044
20	44	14828.644
20	45	14909.7007
20	46	14992.1859
20	47	15076.0701
20	48	15161.3224
20	49	15247.9103
20	50	15335.7999
20	51	15424.9557
20	52	15515.3402
20	53	15606.9141
20	54	15699.6361
20	55	15793.4626
20	56	15888.3474
20	57	15984.2419
20	58	16081.0944
20	59	16178.8501
20	60	16277.4505
20	61	16376.8333
20	62	16476.9315
20	63	16577.6733
20	64	16678.9811
20	65	16780.7708
20	66	16882.9504
20	67	16985.4193
20	68	17088.0659
20	69	17190.7661
20	70	17293.3795
20	71	17395.7462
20	72	17497.68
20	73	17598.9602
20	74	17699.3169
20	75	17798.4058
20	76	17895.7553
20	77	17990.6298
20	78	18081.7536
20	79	18167.7083
21	0	13443.7112
21	1	13445.6041
21	2	13449.3892
21	3	13455.0659
21	4	13462.6327
21	5	13472.0878
21	6	13483.4289
21	7	13496.6535
21	8	13511.7582
21	9	13528.7394
21	10	13547.5932
21	11	13568.3148
21	12	13590.8992
21	13	13615.341
21	14	13641.6341
21	15	13669.772
21	16	13699.7478
21	17	13731.5538
21	18	13765.182
21	19	13800.624
21	20	13837.8706
21	21	13876.9121
21	22	13917.7385
21	23	13960.3388
21	24	14004.7017
21	25	14050.8153
21	26	14098.6669
21	27	14148.2434
21	28	14199.5309
21	29	14252.5148
21	30	14307.1799
21	31	14363.5102
21	32	14421.4889
21	33	14481.0986
21	34	14542.321
21	35	14605.1368
21	36	14669.5262
21	37	14735.4681
21	38	14802.9407
21	39	14871.921
21	40	14942.3851
21	41	15014.3079
21	42	15087.6632
21	43	15162.4235
21	44	15238.5599
21	45	15316.0424
21	46	15394.8392
21	47	15474.917
21	48	15556.2409
21	49	15638.7741
21	50	15722.4777
21	51	15807.3109
21	52	15893.2304
21	53	15980.1905
21	54	16068.1426
21	55	16157.035
21	56	16246.8128
21	57	16337.4173
21	58	16428.7854
21	59	16520.8493
21	60	16613.5361
21	61	16706.7661
21	62	16800.4529
21	63	16894.5014
21	64	16988.8065
21	65	17083.2511
21	66	17177.703
21	67	17272.0115
21	68	17366.0016
21	69	17459.4659
21	70	17552.1516
21	71	17643.7371
21	72	17733.784
21	73	17821.614
21	74	17906.0594
21	75	17985.7976
22	0	13900.7178
22	1	13902.5396
22	2	13906.1827
22	3	13911.6461
22	4	13918.9285
22	5	13928.0278
22	6	13938.9417
22	7	13951.6674
22	8	13966.2013
22	9	13982.5396
22	10	14000.678
22	11	14020.6116
22	12	14042.3349
22	13	14065.8421
22	14	14091.1267
22	15	14118.1818
22	16	14146.9998
22	17	14177.5727
22	18	14209.8919
22	19	14243.9481
22	20	14279.7316
22	21	14317.232
22	22	14356.4383
22	23	14397.3388
22	24	14439.9214
22	25	14484.1729
22	26	14530.0799
22	27	14577.6279
22	28	14626.8019
22	29	14677.5859
22	30	14729.9635
22	31	14783.9171
22	32	14839.4284
22	33	14896.4782
22	34	14955.0464
22	35	15015.1118
22	36	15076.6524
22	37	15139.6448
22	38	15204.0648
22	39	15269.8868
22	40	15337.084
22	41	15405.6282
22	42	15475.4897
22	43	15546.6376
22	44	15619.0389
22	45	15692.6591
22	46	15767.4619
22	47	15843.4086
22	48	15920.4586
22	49	15998.5687
22	50	16077.6932
22	51	16157.7831
22	52	16238.7866
22	53	16320.648
22	54	16403.3077
22	55	16486.7014
22	56	16570.7598
22	57	16655.4074
22	58	16740.5619
22	59	16826.1331
22	60	16912.0208
22	61	16998.1135
22	62	17084.2851
22	63	17170.3919
22	64	17256.2665
22	65	17341.7104
22	66	17426.4811
22	67	17510.2687
22	68	17592.6468
22	69	17672.9472
22	70	17750.0373
22	71	17822.8207
23	0	14331.2218
23	1	14332.9687
23	2	14336.4621
23	3	14341.7008
23	4	14348.6833
23	5	14357.4076
23	6	14367.8711
23	7	14380.0706
23	8	14394.0025
23	9	14409.6626
23	10	14427.0461
23	11	14446.1479
23	12	14466.9621
23	13	14489.4823
23	14	14513.7014
23	15	14539.6121
23	16	14567.2061
23	17	14596.4747
23	18	14627.4085
23	19	14659.9975
23	20	14694.2312
23	21	14730.098
23	22	14767.5862
23	23	14806.6828
23	24	14847.3746
23	25	14889.6473
23	26	14933.4859
23	27	14978.8746
23	28	15025.7968
23	29	15074.235
23	30	15124.1708
23	31	15175.5848
23	32	15228.4565
23	33	15282.7646
23	34	15338.4865
23	35	15395.5984
23	36	15454.0754
23	37	15513.8913
23	38	15575.0183
23	39	15637.4273
23	40	15701.0876
23	41	15765.9666
23	42	15832.03
23	43	15899.2416
23	44	15967.5628
23	45	16036.9528
23	46	16107.3682
23	47	16178.7628
23	48	16251.0871
23	49	16324.2881
23	50	16398.3091
23	51	16473.0887
23	52	16548.5606
23	53	16624.6525
23	54	16701.2857
23	55	16778.3733
23	56	16855.819
23	57	16933.5152
23	58	17011.3399
23	59	17089.1535
23	60	17166.793
23	61	17244.0639
23	62	17320.7261
23	63	17396.4688
23	64	17470.8522
23	65	17543.1611
23	66	17612.2615
23	67	17677.535
24	0	14733.5635
24	1	14735.231
24	2	14738.5655
24	3	14743.5658
24	4	14750.2302
24	5	14758.5566
24	6	14768.542
24	7	14780.183
24	8	14793.4758
24	9	14808.4156
24	10	14824.9974
24	11	14843.2154
24	12	14863.0632
24	13	14884.5338
24	14	14907.6196
24	15	14932.3124
24	16	14958.603
24	17	14986.4821
24	18	15015.9392
24	19	15046.9633
24	20	15079.5427
24	21	15113.6648
24	22	15149.3164
24	23	15186.4834
24	24	15225.1508
24	25	15265.3028
24	26	15306.9226
24	27	15349.9926
24	28	15394.4942
24	29	15440.4075
24	30	15487.7118
24	31	15536.3852
24	32	15586.4043
24	33	15637.7448
24	34	15690.3808
24	35	15744.285
24	36	15799.4284
24	37	15855.7806
24	38	15913.309
24	39	15971.9795
24	40	16031.7555
24	41	16092.5982
24	42	16154.4663
24	43	16217.3157
24	44	16281.0992
24	45	16345.766
24	46	16411.2615
24	47	16477.5269
24	48	16544.4981
24	49	16612.1054
24	50	16680.2721
24	51	16748.914
24	52	16817.9371
24	53	16887.2356
24	54	16956.6897
24	55	17026.1606
24	56	17095.4854
24	57	17164.467
24	58	17232.8581
24	59	17300.3271
24	60	17366.3759
24	61	17430.1719
24	62	17490.7238
25	0	15105.9294
25	1	15107.512
25	2	15110.6767
25	3	15115.4221
25	4	15121.7465
25	5	15129.6473
25	6	15139.1214
25	7	15150.1651
25	8	15162.7739
25	9	15176.9428
25	10	15192.666
25	11	15209.9372
25	12	15228.7494
25	13	15249.0946
25	14	15270.9646
25	15	15294.3499
25	16	15319.2407
25	17	15345.6263
25	18	15373.495
25	19	15402.8346
25	20	15433.6318
25	21	15465.8725
25	22	15499.5418
25	23	15534.6237
25	24	15571.1013
25	25	15608.9565
25	26	15648.1703
25	27	15688.7223
25	28	15730.5913
25	29	15773.7543
25	30	15818.1873
25	31	15863.8648
25	32	15910.7595
25	33	15958.8426
25	34	16008.0836
25	35	16058.4498
25	36	16109.9067
25	37	16162.4171
25	38	16215.9416
25	39	16270.4378
25	40	16325.8602
25	41	16382.1599
25	42	16439.2842
25	43	16497.1756
25	44	16555.7718
25	45	16615.0045
25	46	16674.7984
25	47	16735.0701
25	48	16795.7262
25	49	16856.6609
25	50	16917.7528
25	51	16978.8604
25	52	17039.8141
25	53	17100.4046
25	54	17160.3584
25	55	17219.2811
25	56	17276.5278
25	57	17331.1938
25	58	17383.1025
26	0	15446.303
26	1	15447.794
26	2	15450.7754
26	3	15455.2458
26	4	15461.2031
26	5	15468.6445
26	6	15477.5664
26	7	15487.9647
26	8	15499.8344
26	9	15513.1698
26	10	15527.9644
26	11	15544.2111
26	12	15561.9018
26	13	15581.0278
26	14	15601.5795
26	15	15623.5463
26	16	15646.9169
26	17	15671.6791
26	18	15697.8198
26	19	15725.3247
26	20	15754.1787
26	21	15784.3656
26	22	15815.8679
26	23	15848.6673
26	24	15882.744
26	25	15918.0768
26	26	15954.6435
26	27	15992.42
26	28	16031.3809
26	29	16071.499
26	30	16112.7453
26	31	16155.0889
26	32	16198.4966
26	33	16242.9329
26	34	16288.3598
26	35	16334.7363
26	36	16382.0183
26	37	16430.1581
26	38	16479.1039
26	39	16528.7994
26	40	16579.1827
26	41	16630.186
26	42	16681.7337
26	43	16733.7414
26	44	16786.1138
26	45	16838.7416
26	46	16891.4974
26	47	16944.2294
26	48	16996.7504
26	49	17048.8167
26	50	17100.0785
26	51	17149.9693
26	52	17197.716
26	53	17243.2034
27	0	15752.3953
27	1	15753.7864
27	2	15756.5677
27	3	15760.7376
27	4	15766.2937
27	5	15773.2329
27	6	15781.5512
27	7	15791.2435
27	8	15802.3043
27	9	15814.7271
27	10	15828.5042
27	11	15843.6276
27	12	15860.0878
27	13	15877.8747
27	14	15896.9772
27	15	15917.3829
27	16	15939.0787
27	17	15962.0503
27	18	15986.282
27	19	16011.7573
27	20	16038.4581
27	21	16066.3651
27	22	16095.4575
27	23	16125.7131
27	24	16157.108
27	25	16189.6166
27	26	16223.2112
27	27	16257.8623
27	28	16293.5381
27	29	16330.2044
27	30	16367.8242
27	31	16406.3574
27	32	16445.7609
27	33	16485.9872
27	34	16526.985
27	35	16568.6977
27	36	16611.0628
27	37	16654.0108
27	38	16697.4639
27	39	16741.3337
27	40	16785.5186
27	41	16829.8997
27	42	16874.3342
27	43	16918.644
27	44	16962.592
27	45	17005.8233
27	46	17047.7719
27	47	17087.8659
27	48	17126.1252
28	0	16021.5434
28	1	16022.8235
28	2	16025.3826
28	3	16029.2189
28	4	16034.3297
28	5	16040.711
28	6	16048.3581
28	7	16057.2654
28	8	16067.426
28	9	16078.8321
28	10	16091.475
28	11	16105.3446
28	12	16120.4299
28	13	16136.7187
28	14	16154.1976
28	15	16172.8516
28	16	16192.6649
28	17	16213.6198
28	18	16235.6973
28	19	16258.8768
28	20	16283.1359
28	21	16308.4505
28	22	16334.7943
28	23	16362.1388
28	24	16390.4534
28	25	16419.7046
28	26	16449.856
28	27	16480.8678
28	28	16512.6968
28	29	16545.2952
28	30	16578.6104
28	31	16612.5838
28	32	16647.15
28	33	16682.235
28	34	16717.754
28	35	16753.6086
28	36	16789.6816
28	37	16825.8288
28	38	16861.863
28	39	16897.5134
28	40	16932.3507
28	41	16965.8689
28	42	16998.1433
29	0	16250.551
29	1	16251.705
29	2	16254.012
29	3	16257.4695
29	4	16262.0742
29	5	16267.8213
29	6	16274.705
29	7	16282.7181
29	8	16291.8524
29	9	16302.0981
29	10	16313.4442
29	11	16325.8783
29	12	16339.3864
29	13	16353.953
29	14	16369.5609
29	15	16386.1913
29	16	16403.8232
29	17	16422.4339
29	18	16441.9983
29	19	16462.4887
29	20	16483.8749
29	21	16506.1238
29	22	16529.1986
29	23	16553.0589
29	24	16577.6596
29	25	16602.9506
29	26	16628.8755
29	27	16655.37
29	28	16682.3605
29	29	16709.7609
29	30	16737.4681
29	31	16765.3538
29	32	16793.2474
29	33	16820.8931
29	34	16847.9039
29	35	16873.9807
29	36	16899.339
30	0	16435.4174
30	1	16436.4235
30	2	16438.4342
30	3	16441.4464
30	4	16445.4557
30	5	16450.4557
30	6	16456.4388
30	7	16463.3956
30	8	16471.3147
30	9	16480.1832
30	10	16489.9862
30	11	16500.7065
30	12	16512.3249
30	13	16524.8198
30	14	16538.1667
30	15	16552.3383
30	16	16567.304
30	17	16583.0294
30	18	16599.4755
30	19	16616.5985
30	20	16634.3481
30	21	16652.666
30	22	16671.4844
30	23	16690.7214
30	24	16710.2751
30	25	16730.0095
30	26	16749.7173
30	27	16769.1024
30	28	16788.0076
30	29	16806.658
31	0	16570.8145
31	1	16571.6359
31	2	16573.2765
31	3	16575.7317
31	4	16578.9946
31	5	16583.0558
31	6	16587.9032
31	7	16593.5223
31	8	16599.8951
31	9	16607.0006
31	10	16614.814
31	11	16623.3062
31	12	16632.4427
31	13	16642.1833
31	14	16652.4792
31	15	16663.2713
31	16	16674.4842
31	17	16686.0136
31	18	16697.6924
31	19	16709.3298
31	20	16720.9697
32	0	16648.8104
32	1	16649.362
32	2	16650.4598
32	3	16652.0921
32	4	16654.2405
32	5	16656.8779
32	6	16659.9648
32	7	16663.4377
32	8	16667.1705
32	9	16671.1973
32	10	16675.7545
