0	0	378.6906
0	1	380.9929
0	2	385.5972
0	3	392.5029
0	4	401.7093
0	5	413.2155
0	6	427.02
0	7	443.1214
0	8	461.5178
0	9	482.2072
0	10	505.1874
0	11	530.4556
0	12	558.0092
0	13	587.8451
0	14	619.9598
0	15	654.35
0	16	691.0117
0	17	729.9409
0	18	771.1334
0	19	814.5844
0	20	860.2894
0	21	908.2431
0	22	958.4405
0	23	1010.8758
0	24	1065.5435
0	25	1122.4376
0	26	1181.5517
0	27	1242.8795
0	28	1306.4144
0	29	1372.1494
0	30	1440.0775
0	31	1510.1912
0	32	1582.4831
0	33	1656.9454
0	34	1733.5701
0	35	1812.349
0	36	1893.2737
0	37	1976.3356
0	38	2061.5259
0	39	2148.8356
0	40	2238.2555
0	41	2329.7762
0	42	2423.3881
0	43	2519.0814
0	44	2616.8461
0	45	2716.6721
0	46	2818.549
0	47	2922.4664
0	48	3028.4134
0	49	3136.3793
0	50	3246.353
0	51	3358.3234
0	52	3472.2789
0	53	3588.2081
0	54	3706.0993
0	55	3825.9407
0	56	3947.7202
0	57	4071.4256
0	58	4197.0447
0	59	4324.565
0	60	4453.974
0	61	4585.2587
0	62	4718.4065
0	63	4853.4042
0	64	4990.2387
0	65	5128.8967
0	66	5269.3649
0	67	5411.6296
0	68	5555.6773
0	69	5701.4941
0	70	5849.0661
0	71	5998.3794
0	72	6149.4198
0	73	6302.1731
0	74	6456.6248
0	75	6612.7606
0	76	6770.5658
0	77	6930.0259
0	78	7091.126
0	79	7253.8512
0	80	7418.1867
0	81	7584.1172
0	82	7751.6277
0	83	7920.703
0	84	8091.3275
0	85	8263.486
0	86	8437.1629
0	87	8612.3426
0	88	8789.0094
0	89	8967.1475
0	90	9146.741
0	91	9327.774
0	92	9510.2305
0	93	9694.0944
0	94	9879.3494
0	95	10065.9794
0	96	10253.968
0	97	10443.2987
0	98	10633.955
0	99	10825.9205
0	100	11019.1784
0	101	11213.7121
0	102	11409.5047
0	103	11606.5394
0	104	11804.7992
0	105	12004.2672
0	106	12204.9262
0	107	12406.759
0	108	12609.7486
0	109	12813.8774
0	110	13019.1282
0	111	13225.4834
0	112	13432.9256
0	113	13641.4371
0	114	13851.0003
0	115	14061.5973
0	116	14273.2103
0	117	14485.8213
0	118	14699.4124
0	119	14913.9654
0	120	15129.4622
0	121	15345.8844
0	122	15563.2136
0	123	15781.4315
0	124	16000.5195
0	125	16220.4588
0	126	16441.2308
0	127	16662.8165
0	128	16885.1971
0	129	17108.3533
0	130	17332.2661
0	131	17556.9161
0	132	17782.2838
0	133	18008.3498
0	134	18235.0942
0	135	18462.4974
0	136	18690.5392
0	137	18919.1997
0	138	19148.4585
0	139	19378.2951
0	140	19608.6891
0	141	19839.6196
0	142	20071.0657
0	143	20303.0063
0	144	20535.42
0	145	20768.2852
0	146	21001.5802
0	147	21235.2831
0	148	21469.3716
0	149	21703.8232
0	150	21938.6152
0	151	22173.7245
0	152	22409.128
0	153	22644.8018
0	154	22880.7222
0	155	23116.8649
0	156	23353.2051
0	157	23589.7179
0	158	23826.3779
0	159	24063.1591
0	160	24300.0353
0	161	24536.9796
0	162	24773.9647
0	163	25010.9628
0	164	25247.9454
0	165	25484.8833
0	166	25721.7469
0	167	25958.5055
1	0	1129.948
1	1	1132.2351
1	2	1136.8091
1	3	1143.6693
1	4	1152.8151
1	5	1164.2453
1	6	1177.9588
1	7	1193.9539
1	8	1212.2287
1	9	1232.7813
1	10	1255.6093
1	11	1280.71
1	12	1308.0807
1	13	1337.7182
1	14	1369.6192
1	15	1403.78
1	16	1440.1969
1	17	1478.8656
1	18	1519.7818
1	19	1562.941
1	20	1608.3382
1	21	1655.9684
1	22	1705.8262
1	23	1757.906
1	24	1812.2021
1	25	1868.7084
1	26	1927.4185
1	27	1988.326
1	28	2051.4242
1	29	2116.706
1	30	2184.1642
1	31	2253.7914
1	32	2325.5801
1	33	2399.5222
1	34	2475.6098
1	35	2553.8344
1	36	2634.1878
1	37	2716.661
1	38	2801.2453
1	39	2887.9314
1	40	2976.7101
1	41	3067.5718
1	42	3160.5069
1	43	3255.5054
1	44	3352.5572
1	45	3451.6521
1	46	3552.7795
1	47	3655.9289
1	48	3761.0894
1	49	3868.2499
1	50	3977.3995
1	51	4088.5266
1	52	4201.6198
1	53	4316.6674
1	54	4433.6575
1	55	4552.5783
1	56	4673.4174
1	57	4796.1627
1	58	4920.8016
1	59	5047.3216
1	60	5175.7099
1	61	5305.9536
1	62	5438.0398
1	63	5571.9551
1	64	5707.6863
1	65	5845.2201
1	66	5984.5427
1	67	6125.6405
1	68	6268.4998
1	69	6413.1065
1	70	6559.4466
1	71	6707.5059
1	72	6857.2702
1	73	7008.7249
1	74	7161.8556
1	75	7316.6477
1	76	7473.0864
1	77	7631.1569
1	78	7790.8442
1	79	7952.1333
1	80	8115.009
1	81	8279.4561
1	82	8445.4592
1	83	8613.0029
1	84	8782.0717
1	85	8952.6499
1	86	9124.7219
1	87	9298.2717
1	88	9473.2836
1	89	9649.7415
1	90	9827.6294
1	91	10006.9311
1	92	10187.6304
1	93	10369.711
1	94	10553.1564
1	95	10737.9503
1	96	10924.076
1	97	11111.5169
1	98	11300.2562
1	99	11490.2773
1	100	11681.5631
1	101	11874.0968
1	102	12067.8613
1	103	12262.8395
1	104	12459.0141
1	105	12656.3681
1	106	12854.8838
1	107	13054.5441
1	108	13255.3312
1	109	13457.2277
1	110	13660.2159
1	111	13864.278
1	112	14069.3961
1	113	14275.5524
1	114	14482.7288
1	115	14690.9072
1	116	14900.0695
1	117	15110.1974
1	118	15321.2724
1	119	15533.2761
1	120	15746.1901
1	121	15959.9955
1	122	16174.6736
1	123	16390.2056
1	124	16606.5724
1	125	16823.7551
1	126	17041.7343
1	127	17260.4907
1	128	17480.005
1	129	17700.2574
1	130	17921.2284
1	131	18142.8981
1	132	18365.2465
1	133	18588.2534
1	134	18811.8986
1	135	19036.1617
1	136	19261.022
1	137	19486.4587
1	138	19712.4509
1	139	19938.9775
1	140	20166.0171
1	141	20393.5481
1	142	20621.5488
1	143	20849.9972
1	144	21078.8711
1	145	21308.148
1	146	21537.8051
1	147	21767.8195
1	148	21998.1678
1	149	22228.8265
1	150	22459.7715
1	151	22690.9787
1	152	22922.4234
1	153	23154.0807
1	154	23385.925
1	155	23617.9305
1	156	23850.071
1	157	24082.3197
1	158	24314.6493
1	159	24547.0319
1	160	24779.4391
1	161	25011.8419
1	162	25244.2104
1	163	25476.5144
1	164	25708.7224
1	165	25940.8025
2	0	1872.2351
2	1	1874.5066
2	2	1879.0494
2	3	1885.863
2	4	1894.9464
2	5	1906.2988
2	6	1919.9187
2	7	1935.8046
2	8	1953.9546
2	9	1974.3667
2	10	1997.0384
2	11	2021.9672
2	12	2049.15
2	13	2078.5839
2	14	2110.2654
2	15	2144.1908
2	16	2180.3563
2	17	2218.7576
2	18	2259.3903
2	19	2302.2498
2	20	2347.3311
2	21	2394.6292
2	22	2444.1385
2	23	2495.8535
2	24	2549.7682
2	25	2605.8765
2	26	2664.172
2	27	2724.6482
2	28	2787.2983
2	29	2852.115
2	30	2919.0912
2	31	2988.2193
2	32	3059.4916
2	33	3132.9002
2	34	3208.4368
2	35	3286.093
2	36	3365.8603
2	37	3447.7298
2	38	3531.6925
2	39	3617.7391
2	40	3705.8602
2	41	3796.0463
2	42	3888.2874
2	43	3982.5735
2	44	4078.8944
2	45	4177.2397
2	46	4277.5988
2	47	4379.961
2	48	4484.3152
2	49	4590.6503
2	50	4698.9551
2	51	4809.2181
2	52	4921.4275
2	53	5035.5716
2	54	5151.6385
2	55	5269.6159
2	56	5389.4916
2	57	5511.2531
2	58	5634.8878
2	59	5760.383
2	60	5887.7258
2	61	6016.9031
2	62	6147.9017
2	63	6280.7084
2	64	6415.3096
2	65	6551.6918
2	66	6689.8412
2	67	6829.744
2	68	6971.3861
2	69	7114.7536
2	70	7259.8321
2	71	7406.6074
2	72	7555.0649
2	73	7705.1901
2	74	7856.9682
2	75	8010.3845
2	76	8165.4241
2	77	8322.0719
2	78	8480.3128
2	79	8640.1316
2	80	8801.5129
2	81	8964.4413
2	82	9128.9013
2	83	9294.8773
2	84	9462.3534
2	85	9631.314
2	86	9801.743
2	87	9973.6245
2	88	10146.9424
2	89	10321.6805
2	90	10497.8225
2	91	10675.3521
2	92	10854.2527
2	93	11034.508
2	94	11216.1012
2	95	11399.0156
2	96	11583.2345
2	97	11768.7409
2	98	11955.518
2	99	12143.5487
2	100	12332.8158
2	101	12523.3021
2	102	12714.9904
2	103	12907.8632
2	104	13101.9032
2	105	13297.0927
2	106	13493.4141
2	107	13690.8498
2	108	13889.3818
2	109	14088.9923
2	110	14289.6634
2	111	14491.3769
2	112	14694.1146
2	113	14897.8584
2	114	15102.5899
2	115	15308.2906
2	116	15514.9419
2	117	15722.5253
2	118	15931.0219
2	119	16140.4129
2	120	16350.6793
2	121	16561.8021
2	122	16773.762
2	123	16986.5398
2	124	17200.1159
2	125	17414.4709
2	126	17629.5849
2	127	17845.4383
2	128	18062.011
2	129	18279.2828
2	130	18497.2335
2	131	18715.8428
2	132	18935.0899
2	133	19154.9541
2	134	19375.4145
2	135	19596.4499
2	136	19818.0391
2	137	20040.1604
2	138	20262.7922
2	139	20485.9124
2	140	20709.499
2	141	20933.5293
2	142	21157.9808
2	143	21382.8305
2	144	21608.0551
2	145	21833.6311
2	146	22059.5345
2	147	22285.7412
2	148	22512.2267
2	149	22738.9659
2	150	22965.9336
2	151	23193.104
2	152	23420.4509
2	153	23647.9476
2	154	23875.567
2	155	24103.2813
2	156	24331.0623
2	157	24558.881
2	158	24786.7079
2	159	25014.5127
2	160	25242.2644
2	161	25469.931
2	162	25697.4799
2	163	25924.8774
3	0	2605.4644
3	1	2607.72
3	2	2612.2308
3	3	2618.9964
3	4	2628.0158
3	5	2639.2882
3	6	2652.8121
3	7	2668.5859
3	8	2686.6077
3	9	2706.8755
3	10	2729.3868
3	11	2754.1389
3	12	2781.129
3	13	2810.3538
3	14	2841.8099
3	15	2875.4935
3	16	2911.4009
3	17	2949.5276
3	18	2989.8692
3	19	3032.4211
3	20	3077.1781
3	21	3124.1352
3	22	3173.2868
3	23	3224.6272
3	24	3278.1504
3	25	3333.8502
3	26	3391.7202
3	27	3451.7537
3	28	3513.9438
3	29	3578.2833
3	30	3644.7648
3	31	3713.3807
3	32	3784.1232
3	33	3856.9842
3	34	3931.9554
3	35	4009.0284
3	36	4088.1944
3	37	4169.4445
3	38	4252.7695
3	39	4338.1601
3	40	4425.6068
3	41	4515.0998
3	42	4606.6291
3	43	4700.1846
3	44	4795.7559
3	45	4893.3326
3	46	4992.9039
3	47	5094.4588
3	48	5197.9864
3	49	5303.4753
3	50	5410.9141
3	51	5520.2912
3	52	5631.5948
3	53	5744.8129
3	54	5859.9334
3	55	5976.9441
3	56	6095.8325
3	57	6216.5859
3	58	6339.1917
3	59	6463.6369
3	60	6589.9085
3	61	6717.9933
3	62	6847.8779
3	63	6979.5489
3	64	7112.9927
3	65	7248.1954
3	66	7385.1432
3	67	7523.8221
3	68	7664.2179
3	69	7806.3163
3	70	7950.103
3	71	8095.5634
3	72	8242.683
3	73	8391.4468
3	74	8541.8401
3	75	8693.8479
3	76	8847.455
3	77	9002.6463
3	78	9159.4065
3	79	9317.7201
3	80	9477.5716
3	81	9638.9453
3	82	9801.8257
3	83	9966.1967
3	84	10132.0425
3	85	10299.3471
3	86	10468.0944
3	87	10638.2681
3	88	10809.8519
3	89	10982.8294
3	90	11157.1842
3	91	11332.8996
3	92	11509.9589
3	93	11688.3455
3	94	11868.0424
3	95	12049.0327
3	96	12231.2994
3	97	12414.8254
3	98	12599.5934
3	99	12785.5861
3	100	12972.7861
3	101	13161.1761
3	102	13350.7383
3	103	13541.4552
3	104	13733.3089
3	105	13926.2818
3	106	14120.3557
3	107	14315.5127
3	108	14511.7347
3	109	14709.0035
3	110	14907.3007
3	111	15106.6079
3	112	15306.9066
3	113	15508.1782
3	114	15710.404
3	115	15913.5651
3	116	16117.6425
3	117	16322.6173
3	118	16528.4703
3	119	16735.1821
3	120	16942.7333
3	121	17151.1044
3	122	17360.2758
3	123	17570.2275
3	124	17780.9398
3	125	17992.3924
3	126	18204.5651
3	127	18417.4375
3	128	18630.9891
3	129	18845.1991
3	130	19060.0466
3	131	19275.5105
3	132	19491.5695
3	133	19708.2022
3	134	19925.3868
3	135	20143.1015
3	136	20361.3241
3	137	20580.0322
3	138	20799.2031
3	139	21018.8141
3	140	21238.8419
3	141	21459.263
3	142	21680.0536
3	143	21901.1897
3	144	22122.6468
3	145	22344.4001
3	146	22566.4243
3	147	22788.694
3	148	23011.1829
3	149	23233.8647
3	150	23456.7123
3	151	23679.6982
3	152	23902.7943
3	153	24125.972
3	154	24349.2019
3	155	24572.454
3	156	24795.6976
3	157	25018.9011
3	158	25242.0322
3	159	25465.0576
3	160	25687.9429
3	161	25910.6527
4	0	3329.538
4	1	3331.7772
4	2	3336.2552
4	3	3342.9715
4	4	3351.9253
4	5	3363.1155
4	6	3376.5408
4	7	3392.1995
4	8	3410.0898
4	9	3430.2095
4	10	3452.5561
4	11	3477.1269
4	12	3503.9191
4	13	3532.9293
4	14	3564.1541
4	15	3597.5897
4	16	3633.2321
4	17	3671.0771
4	18	3711.12
4	19	3753.3562
4	20	3797.7805
4	21	3844.3877
4	22	3893.1722
4	23	3944.1283
4	24	3997.2498
4	25	4052.5306
4	26	4109.964
4	27	4169.5433
4	28	4231.2615
4	29	4295.1114
4	30	4361.0855
4	31	4429.176
4	32	4499.375
4	33	4571.6744
4	34	4646.0659
4	35	4722.5406
4	36	4801.09
4	37	4881.7048
4	38	4964.376
4	39	5049.0939
4	40	5135.8489
4	41	5224.6312
4	42	5315.4308
4	43	5408.2372
4	44	5503.04
4	45	5599.8287
4	46	5698.5923
4	47	5799.3198
4	48	5901.9999
4	49	6006.6214
4	50	6113.1725
4	51	6221.6416
4	52	6332.0167
4	53	6444.2857
4	54	6558.4363
4	55	6674.4562
4	56	6792.3327
4	57	6912.0531
4	58	7033.6044
4	59	7156.9737
4	60	7282.1477
4	61	7409.1131
4	62	7537.8563
4	63	7668.3638
4	64	7800.6216
4	65	7934.616
4	66	8070.3329
4	67	8207.758
4	68	8346.8771
4	69	8487.6756
4	70	8630.1392
4	71	8774.2529
4	72	8920.0021
4	73	9067.3717
4	74	9216.3468
4	75	9366.9121
4	76	9519.0524
4	77	9672.7523
4	78	9827.9962
4	79	9984.7686
4	80	10143.0537
4	81	10302.8357
4	82	10464.0986
4	83	10626.8265
4	84	10791.0031
4	85	10956.6124
4	86	11123.6378
4	87	11292.063
4	88	11461.8714
4	89	11633.0464
4	90	11805.5714
4	91	11979.4294
4	92	12154.6035
4	93	12331.0768
4	94	12508.8321
4	95	12687.8522
4	96	12868.1199
4	97	13049.6178
4	98	13232.3283
4	99	13416.234
4	100	13601.317
4	101	13787.5598
4	102	13974.9443
4	103	14163.4528
4	104	14353.067
4	105	14543.7689
4	106	14735.5401
4	107	14928.3624
4	108	15122.2173
4	109	15317.0861
4	110	15512.9503
4	111	15709.7911
4	112	15907.5895
4	113	16106.3265
4	114	16305.983
4	115	16506.5398
4	116	16707.9775
4	117	16910.2766
4	118	17113.4174
4	119	17317.3802
4	120	17522.1451
4	121	17727.692
4	122	17934.0007
4	123	18141.0509
4	124	18348.822
4	125	18557.2934
4	126	18766.4443
4	127	18976.2534
4	128	19186.6998
4	129	19397.7618
4	130	19609.418
4	131	19821.6464
4	132	20034.425
4	133	20247.7315
4	134	20461.5434
4	135	20675.8378
4	136	20890.5917
4	137	21105.7816
4	138	21321.3841
4	139	21537.375
4	140	21753.7301
4	141	21970.4246
4	142	22187.4337
4	143	22404.7317
4	144	22622.293
4	145	22840.091
4	146	23058.0992
4	147	23276.2903
4	148	23494.6363
4	149	23713.1089
4	150	23931.6791
4	151	24150.3173
4	152	24368.993
4	153	24587.6752
4	154	24806.3319
4	155	25024.9302
4	156	25243.4364
4	157	25461.8157
4	158	25680.032
4	159	25898.0482
5	0	4044.3589
5	1	4046.5812
5	2	4051.0255
5	3	4057.6912
5	4	4066.5776
5	5	4077.6835
5	6	4091.0076
5	7	4106.5482
5	8	4124.3033
5	9	4144.2709
5	10	4166.4485
5	11	4190.8332
5	12	4217.4222
5	13	4246.2121
5	14	4277.1995
5	15	4310.3804
5	16	4345.7509
5	17	4383.3066
5	18	4423.0429
5	19	4464.955
5	20	4509.0378
5	21	4555.2859
5	22	4603.6937
5	23	4654.2553
5	24	4706.9646
5	25	4761.8153
5	26	4818.8007
5	27	4877.914
5	28	4939.148
5	29	5002.4956
5	30	5067.949
5	31	5135.5005
5	32	5205.142
5	33	5276.8653
5	34	5350.662
5	35	5426.5232
5	36	5504.44
5	37	5584.4034
5	38	5666.4039
5	39	5750.432
5	40	5836.4778
5	41	5924.5315
5	42	6014.5827
5	43	6106.6211
5	44	6200.6361
5	45	6296.6169
5	46	6394.5526
5	47	6494.4319
5	48	6596.2435
5	49	6699.9758
5	50	6805.6172
5	51	6913.1558
5	52	7022.5794
5	53	7133.8758
5	54	7247.0327
5	55	7362.0373
5	56	7478.8771
5	57	7597.5391
5	58	7718.0102
5	59	7840.2772
5	60	7964.3268
5	61	8090.1454
5	62	8217.7194
5	63	8347.0349
5	64	8478.078
5	65	8610.8347
5	66	8745.2907
5	67	8881.4316
5	68	9019.2429
5	69	9158.7101
5	70	9299.8183
5	71	9442.5527
5	72	9586.8983
5	73	9732.84
5	74	9880.3625
5	75	10029.4505
5	76	10180.0884
5	77	10332.2608
5	78	10485.9518
5	79	10641.1457
5	80	10797.8265
5	81	10955.9783
5	82	11115.5848
5	83	11276.6298
5	84	11439.097
5	85	11602.9699
5	86	11768.232
5	87	11934.8665
5	88	12102.8567
5	89	12272.1857
5	90	12442.8367
5	91	12614.7924
5	92	12788.0357
5	93	12962.5494
5	94	13138.3161
5	95	13315.3183
5	96	13493.5385
5	97	13672.959
5	98	13853.5619
5	99	14035.3296
5	100	14218.2439
5	101	14402.2868
5	102	14587.4402
5	103	14773.6857
5	104	14961.0049
5	105	15149.3794
5	106	15338.7906
5	107	15529.2198
5	108	15720.648
5	109	15913.0564
5	110	16106.426
5	111	16300.7374
5	112	16495.9715
5	113	16692.1087
5	114	16889.1295
5	115	17087.0142
5	116	17285.743
5	117	17485.2958
5	118	17685.6526
5	119	17886.793
5	120	18088.6965
5	121	18291.3427
5	122	18494.7106
5	123	18698.7794
5	124	18903.5278
5	125	19108.9346
5	126	19314.9781
5	127	19521.6367
5	128	19728.8884
5	129	19936.7109
5	130	20145.0819
5	131	20353.9786
5	132	20563.378
5	133	20773.2571
5	134	20983.5922
5	135	21194.3595
5	136	21405.5349
5	137	21617.0938
5	138	21829.0114
5	139	22041.2626
5	140	22253.8216
5	141	22466.6623
5	142	22679.7584
5	143	22893.0827
5	144	23106.6077
5	145	23320.3054
5	146	23534.1472
5	147	23748.1036
5	148	23962.1449
5	149	24176.2402
5	150	24390.3582
5	151	24604.4665
5	152	24818.532
5	153	25032.5204
5	154	25246.3966
5	155	25460.124
5	156	25673.6651
5	157	25886.9807
6	0	4749.8273
6	1	4752.0323
6	2	4756.442
6	3	4763.0559
6	4	4771.8731
6	5	4782.8924
6	6	4796.1126
6	7	4811.532
6	8	4829.1485
6	9	4848.9601
6	10	4870.9641
6	11	4895.1579
6	12	4921.5384
6	13	4950.1022
6	14	4980.8459
6	15	5013.7655
6	16	5048.8569
6	17	5086.1158
6	18	5125.5375
6	19	5167.1171
6	20	5210.8494
6	21	5256.729
6	22	5304.7503
6	23	5354.9072
6	24	5407.1936
6	25	5461.603
6	26	5518.1288
6	27	5576.7639
6	28	5637.5013
6	29	5700.3335
6	30	5765.2528
6	31	5832.2514
6	32	5901.321
6	33	5972.4534
6	34	6045.6399
6	35	6120.8718
6	36	6198.1399
6	37	6277.4351
6	38	6358.7478
6	39	6442.0684
6	40	6527.3869
6	41	6614.6932
6	42	6703.9771
6	43	6795.228
6	44	6888.4351
6	45	6983.5876
6	46	7080.6743
6	47	7179.684
6	48	7280.6051
6	49	7383.426
6	50	7488.1348
6	51	7594.7194
6	52	7703.1677
6	53	7813.4673
6	54	7925.6056
6	55	8039.5698
6	56	8155.3471
6	57	8272.9244
6	58	8392.2886
6	59	8513.4261
6	60	8636.3236
6	61	8760.9672
6	62	8887.3433
6	63	9015.4377
6	64	9145.2365
6	65	9276.7252
6	66	9409.8896
6	67	9544.7151
6	68	9681.187
6	69	9819.2904
6	70	9959.0105
6	71	10100.3322
6	72	10243.2404
6	73	10387.7195
6	74	10533.7544
6	75	10681.3293
6	76	10830.4286
6	77	10981.0365
6	78	11133.1371
6	79	11286.7144
6	80	11441.7522
6	81	11598.2342
6	82	11756.1442
6	83	11915.4655
6	84	12076.1818
6	85	12238.2762
6	86	12401.7319
6	87	12566.5321
6	88	12732.6598
6	89	12900.0977
6	90	13068.8288
6	91	13238.8357
6	92	13410.1009
6	93	13582.6069
6	94	13756.3361
6	95	13931.2706
6	96	14107.3927
6	97	14284.6844
6	98	14463.1276
6	99	14642.7042
6	100	14823.3957
6	101	15005.1839
6	102	15188.0502
6	103	15371.976
6	104	15556.9424
6	105	15742.9308
6	106	15929.922
6	107	16117.897
6	108	16306.8365
6	109	16496.7212
6	110	16687.5315
6	111	16879.2479
6	112	17071.8506
6	113	17265.3197
6	114	17459.635
6	115	17654.7765
6	116	17850.7237
6	117	18047.4561
6	118	18244.9531
6	119	18443.1936
6	120	18642.1568
6	121	18841.8213
6	122	19042.1658
6	123	19243.1685
6	124	19444.8076
6	125	19647.061
6	126	19849.9065
6	127	20053.3214
6	128	20257.283
6	129	20461.7681
6	130	20666.7535
6	131	20872.2154
6	132	21078.1298
6	133	21284.4725
6	134	21491.2189
6	135	21698.3438
6	136	21905.822
6	137	22113.6275
6	138	22321.7342
6	139	22530.1154
6	140	22738.7438
6	141	22947.5917
6	142	23156.6308
6	143	23365.8323
6	144	23575.1666
6	145	23784.6036
6	146	23994.1122
6	147	24203.6609
6	148	24413.2169
6	149	24622.7468
6	150	24832.216
6	151	25041.5891
6	152	25250.8292
6	153	25459.8983
6	154	25668.7568
7	0	5445.8378
7	1	5448.0251
7	2	5452.3993
7	3	5458.9599
7	4	5467.706
7	5	5478.6366
7	6	5491.7501
7	7	5507.045
7	8	5524.5193
7	9	5544.1707
7	10	5565.9967
7	11	5589.9944
7	12	5616.1609
7	13	5644.4928
7	14	5674.9864
7	15	5707.6378
7	16	5742.4429
7	17	5779.3972
7	18	5818.4961
7	19	5859.7345
7	20	5903.1072
7	21	5948.6088
7	22	5996.2335
7	23	6045.9752
7	24	6097.8277
7	25	6151.7845
7	26	6207.8387
7	27	6265.9835
7	28	6326.2114
7	29	6388.515
7	30	6452.8865
7	31	6519.318
7	32	6587.8011
7	33	6658.3275
7	34	6730.8884
7	35	6805.4749
7	36	6882.0778
7	37	6960.6878
7	38	7041.2954
7	39	7123.8905
7	40	7208.4634
7	41	7295.0036
7	42	7383.5008
7	43	7473.9443
7	44	7566.3233
7	45	7660.6267
7	46	7756.8432
7	47	7854.9615
7	48	7954.9699
7	49	8056.8565
7	50	8160.6094
7	51	8266.2164
7	52	8373.6651
7	53	8482.9429
7	54	8594.0372
7	55	8706.9351
7	56	8821.6236
7	57	8938.0893
7	58	9056.319
7	59	9176.299
7	60	9298.0158
7	61	9421.4554
7	62	9546.6039
7	63	9673.4471
7	64	9801.9707
7	65	9932.1603
7	66	10064.0013
7	67	10197.479
7	68	10332.5784
7	69	10469.2847
7	70	10607.5827
7	71	10747.4571
7	72	10888.8925
7	73	11031.8735
7	74	11176.3843
7	75	11322.4092
7	76	11469.9324
7	77	11618.9378
7	78	11769.4092
7	79	11921.3305
7	80	12074.6852
7	81	12229.4569
7	82	12385.629
7	83	12543.1847
7	84	12702.1072
7	85	12862.3797
7	86	13023.985
7	87	13186.906
7	88	13351.1254
7	89	13516.6258
7	90	13683.3898
7	91	13851.3997
7	92	14020.6378
7	93	14191.0863
7	94	14362.7272
7	95	14535.5425
7	96	14709.5141
7	97	14884.6236
7	98	15060.8526
7	99	15238.1827
7	100	15416.5951
7	101	15596.0712
7	102	15776.5921
7	103	15958.1386
7	104	16140.6918
7	105	16324.2323
7	106	16508.7408
7	107	16694.1976
7	108	16880.5832
7	109	17067.8777
7	110	17256.0611
7	111	17445.1134
7	112	17635.0142
7	113	17825.7431
7	114	18017.2796
7	115	18209.6028
7	116	18402.6919
7	117	18596.5256
7	118	18791.0827
7	119	18986.3416
7	120	19182.2806
7	121	19378.8777
7	122	19576.1109
7	123	19773.9576
7	124	19972.3952
7	125	20171.4008
7	126	20370.9513
7	127	20571.023
7	128	20771.5923
7	129	20972.6351
7	130	21174.1269
7	131	21376.043
7	132	21578.3581
7	133	21781.0469
7	134	21984.0832
7	135	22187.4407
7	136	22391.0926
7	137	22595.0115
7	138	22799.1694
7	139	23003.5379
7	140	23208.088
7	141	23412.7899
7	142	23617.6132
7	143	23822.5268
7	144	24027.4988
7	145	24232.4962
7	146	24437.4854
7	147	24642.4317
7	148	24847.299
7	149	25052.0505
7	150	25256.6477
7	151	25461.0508
7	152	25665.2185
8	0	6132.2862
8	1	6134.4552
8	2	6138.793
8	3	6145.2989
8	4	6153.9722
8	5	6164.8116
8	6	6177.8157
8	7	6192.9829
8	8	6210.3111
8	9	6229.7982
8	10	6251.4414
8	11	6275.238
8	12	6301.1848
8	13	6329.2786
8	14	6359.5155
8	15	6391.8917
8	16	6426.403
8	17	6463.0447
8	18	6501.8123
8	19	6542.7006
8	20	6585.7044
8	21	6630.818
8	22	6678.0358
8	23	6727.3514
8	24	6778.7587
8	25	6832.2511
8	26	6887.8216
8	27	6945.4631
8	28	7005.1683
8	29	7066.9296
8	30	7130.7392
8	31	7196.5889
8	32	7264.4704
8	33	7334.3751
8	34	7406.2943
8	35	7480.2188
8	36	7556.1395
8	37	7634.0469
8	38	7713.9311
8	39	7795.7824
8	40	7879.5906
8	41	7965.3452
8	42	8053.0358
8	43	8142.6515
8	44	8234.1814
8	45	8327.6143
8	46	8422.9388
8	47	8520.1433
8	48	8619.216
8	49	8720.1451
8	50	8822.9182
8	51	8927.5231
8	52	9033.9473
8	53	9142.1781
8	54	9252.2026
8	55	9364.0078
8	56	9477.5804
8	57	9592.9071
8	58	9709.9743
8	59	9828.7684
8	60	9949.2754
8	61	10071.4813
8	62	10195.372
8	63	10320.9331
8	64	10448.1502
8	65	10577.0086
8	66	10707.4936
8	67	10839.5903
8	68	10973.2835
8	69	11108.5582
8	70	11245.3989
8	71	11383.7903
8	72	11523.7168
8	73	11665.1626
8	74	11808.1118
8	75	11952.5485
8	76	12098.4566
8	77	12245.8199
8	78	12394.6219
8	79	12544.8463
8	80	12696.4764
8	81	12849.4955
8	82	13003.8867
8	83	13159.6331
8	84	13316.7176
8	85	13475.123
8	86	13634.832
8	87	13795.8272
8	88	13958.0909
8	89	14121.6056
8	90	14286.3534
8	91	14452.3165
8	92	14619.4768
8	93	14787.8161
8	94	14957.3163
8	95	15127.9589
8	96	15299.7254
8	97	15472.5972
8	98	15646.5555
8	99	15821.5816
8	100	15997.6562
8	101	16174.7604
8	102	16352.8748
8	103	16531.98
8	104	16712.0565
8	105	16893.0846
8	106	17075.0444
8	107	17257.9159
8	108	17441.679
8	109	17626.3134
8	110	17811.7985
8	111	17998.1137
8	112	18185.2383
8	113	18373.1511
8	114	18561.831
8	115	18751.2567
8	116	18941.4064
8	117	19132.2584
8	118	19323.7906
8	119	19515.9809
8	120	19708.8066
8	121	19902.2452
8	122	20096.2734
8	123	20290.8681
8	124	20486.0057
8	125	20681.6623
8	126	20877.8138
8	127	21074.4355
8	128	21271.5026
8	129	21468.9898
8	130	21666.8715
8	131	21865.1216
8	132	22063.7136
8	133	22262.6205
8	134	22461.8147
8	135	22661.2683
8	136	22860.9526
8	137	23060.8384
8	138	23260.8958
8	139	23461.0943
8	140	23661.4026
8	141	23861.7885
8	142	24062.219
8	143	24262.6602
8	144	24463.0771
8	145	24663.4337
8	146	24863.6926
8	147	25063.8153
8	148	25263.7617
8	149	25463.4903
8	150	25662.9576
9	0	6809.0616
9	1	6811.2119
9	2	6815.5123
9	3	6821.9622
9	4	6830.5606
9	5	6841.3065
9	6	6854.1983
9	7	6869.2345
9	8	6886.4129
9	9	6905.7312
9	10	6927.187
9	11	6950.7772
9	12	6976.4987
9	13	7004.3482
9	14	7034.3218
9	15	7066.4157
9	16	7100.6255
9	17	7136.9466
9	18	7175.3743
9	19	7215.9034
9	20	7258.5287
9	21	7303.2444
9	22	7350.0447
9	23	7398.9234
9	24	7449.874
9	25	7502.8899
9	26	7557.9642
9	27	7615.0896
9	28	7674.2588
9	29	7735.4639
9	30	7798.697
9	31	7863.9501
9	32	7931.2145
9	33	8000.4817
9	34	8071.7427
9	35	8144.9884
9	36	8220.2094
9	37	8297.3962
9	38	8376.5388
9	39	8457.6272
9	40	8540.6513
9	41	8625.6003
9	42	8712.4638
9	43	8801.2307
9	44	8891.89
9	45	8984.4303
9	46	9078.8401
9	47	9175.1077
9	48	9273.2212
9	49	9373.1684
9	50	9474.937
9	51	9578.5147
9	52	9683.8887
9	53	9791.0461
9	54	9899.9739
9	55	10010.659
9	56	10123.0879
9	57	10237.2471
9	58	10353.1228
9	59	10470.7013
9	60	10589.9685
9	61	10710.9101
9	62	10833.5119
9	63	10957.7592
9	64	11083.6374
9	65	11211.1318
9	66	11340.2273
9	67	11470.9089
9	68	11603.1613
9	69	11736.969
9	70	11872.3167
9	71	12009.1885
9	72	12147.5687
9	73	12287.4413
9	74	12428.7904
9	75	12571.5996
9	76	12715.8526
9	77	12861.533
9	78	13008.6242
9	79	13157.1094
9	80	13306.9718
9	81	13458.1945
9	82	13610.7604
9	83	13764.6521
9	84	13919.8524
9	85	14076.3439
9	86	14234.1088
9	87	14393.1296
9	88	14553.3883
9	89	14714.8669
9	90	14877.5475
9	91	15041.4116
9	92	15206.4411
9	93	15372.6175
9	94	15539.922
9	95	15708.336
9	96	15877.8406
9	97	16048.4168
9	98	16220.0455
9	99	16392.7074
9	100	16566.383
9	101	16741.0527
9	102	16916.697
9	103	17093.2959
9	104	17270.8294
9	105	17449.2773
9	106	17628.6193
9	107	17808.8349
9	108	17989.9034
9	109	18171.8039
9	110	18354.5154
9	111	18538.0167
9	112	18722.2863
9	113	18907.3025
9	114	19093.0435
9	115	19279.4873
9	116	19466.6113
9	117	19654.3933
9	118	19842.8102
9	119	20031.8389
9	120	20221.4563
9	121	20411.6384
9	122	20602.3615
9	123	20793.6012
9	124	20985.3329
9	125	21177.5316
9	126	21370.172
9	127	21563.2282
9	128	21756.6741
9	129	21950.4832
9	130	22144.6282
9	131	22339.0815
9	132	22533.8151
9	133	22728.8001
9	134	22924.0074
9	135	23119.4067
9	136	23314.9676
9	137	23510.6585
9	138	23706.4471
9	139	23902.3003
9	140	24098.1841
9	141	24294.0633
9	142	24489.9016
9	143	24685.6617
9	144	24881.3048
9	145	25076.7906
9	146	25272.0774
9	147	25467.1216
9	148	25661.8777
10	0	7476.0511
10	1	7478.1823
10	2	7482.4443
10	3	7488.8366
10	4	7497.3582
10	5	7508.0081
10	6	7520.7848
10	7	7535.6864
10	8	7552.7111
10	9	7571.8563
10	10	7593.1196
10	11	7616.498
10	12	7641.9884
10	13	7669.5871
10	14	7699.2906
10	15	7731.0947
10	16	7764.9951
10	17	7800.9873
10	18	7839.0662
10	19	7879.2269
10	20	7921.4638
10	21	7965.7712
10	22	8012.1432
10	23	8060.5735
10	24	8111.0557
10	25	8163.5829
10	26	8218.1482
10	27	8274.7442
10	28	8333.3634
10	29	8393.998
10	30	8456.64
10	31	8521.2811
10	32	8587.9127
10	33	8656.5261
10	34	8727.1122
10	35	8799.6617
10	36	8874.1653
10	37	8950.6131
10	38	9028.9953
10	39	9109.3016
10	40	9191.5216
10	41	9275.6448
10	42	9361.6602
10	43	9449.5569
10	44	9539.3237
10	45	9630.9489
10	46	9724.421
10	47	9819.7282
10	48	9916.8582
10	49	10015.799
10	50	10116.538
10	51	10219.0626
10	52	10323.3599
10	53	10429.417
10	54	10537.2206
10	55	10646.7575
10	56	10758.014
10	57	10870.9764
10	58	10985.6308
10	59	11101.9633
10	60	11219.9595
10	61	11339.6051
10	62	11460.8856
10	63	11583.7862
10	64	11708.2921
10	65	11834.3883
10	66	11962.0596
10	67	12091.2907
10	68	12222.0661
10	69	12354.3704
10	70	12488.1876
10	71	12623.5019
10	72	12760.2973
10	73	12898.5576
10	74	13038.2665
10	75	13179.4075
10	76	13321.9641
10	77	13465.9196
10	78	13611.2571
10	79	13757.9597
10	80	13906.0101
10	81	14055.3913
10	82	14206.0857
10	83	14358.076
10	84	14511.3444
10	85	14665.8733
10	86	14821.6447
10	87	14978.6405
10	88	15136.8428
10	89	15296.2331
10	90	15456.793
10	91	15618.504
10	92	15781.3473
10	93	15945.3042
10	94	16110.3557
10	95	16276.4826
10	96	16443.6657
10	97	16611.8856
10	98	16781.1227
10	99	16951.3573
10	100	17122.5694
10	101	17294.7392
10	102	17467.8464
10	103	17641.8706
10	104	17816.7914
10	105	17992.5879
10	106	18169.2394
10	107	18346.7246
10	108	18525.0225
10	109	18704.1114
10	110	18883.9697
10	111	19064.5756
10	112	19245.9067
10	113	19427.9409
10	114	19610.6555
10	115	19794.0276
10	116	19978.0341
10	117	20162.6516
10	118	20347.8562
10	119	20533.6241
10	120	20719.9308
10	121	20906.7517
10	122	21094.0616
10	123	21281.8352
10	124	21470.0466
10	125	21658.6694
10	126	21847.6771
10	127	22037.0425
10	128	22226.7377
10	129	22416.7345
10	130	22607.0043
10	131	22797.5174
10	132	22988.2438
10	133	23179.1528
10	134	23370.2128
10	135	23561.3914
10	136	23752.6553
10	137	23943.9704
10	138	24135.3015
10	139	24326.6122
10	140	24517.865
10	141	24709.021
10	142	24900.0399
10	143	25090.8797
10	144	25281.4968
10	145	25471.8457
10	146	25661.8784
11	0	8133.14
11	1	8135.2514
11	2	8139.4741
11	3	8145.8073
11	4	8154.2502
11	5	8164.8016
11	6	8177.46
11	7	8192.2236
11	8	8209.0905
11	9	8228.0582
11	10	8249.124
11	11	8272.2851
11	12	8297.5382
11	13	8324.8797
11	14	8354.306
11	15	8385.8128
11	16	8419.3958
11	17	8455.0503
11	18	8492.7715
11	19	8532.554
11	20	8574.3925
11	21	8618.281
11	22	8664.2136
11	23	8712.1839
11	24	8762.1855
11	25	8814.2113
11	26	8868.2544
11	27	8924.3072
11	28	8982.3623
11	29	9042.4117
11	30	9104.4472
11	31	9168.4605
11	32	9234.443
11	33	9302.3856
11	34	9372.2794
11	35	9444.115
11	36	9517.8826
11	37	9593.5726
11	38	9671.1748
11	39	9750.6789
11	40	9832.0744
11	41	9915.3505
11	42	10000.4964
11	43	10087.5008
11	44	10176.3523
11	45	10267.0393
11	46	10359.55
11	47	10453.8724
11	48	10549.9942
11	49	10647.9031
11	50	10747.5865
11	51	10849.0315
11	52	10952.2252
11	53	11057.1544
11	54	11163.8056
11	55	11272.1655
11	56	11382.2202
11	57	11493.9558
11	58	11607.3584
11	59	11722.4136
11	60	11839.107
11	61	11957.4241
11	62	12077.3502
11	63	12198.8703
11	64	12321.9693
11	65	12446.6322
11	66	12572.8434
11	67	12700.5875
11	68	12829.8489
11	69	12960.6116
11	70	13092.8597
11	71	13226.5772
11	72	13361.7477
11	73	13498.3548
11	74	13636.382
11	75	13775.8126
11	76	13916.6298
11	77	14058.8166
11	78	14202.3558
11	79	14347.2303
11	80	14493.4226
11	81	14640.9152
11	82	14789.6905
11	83	14939.7306
11	84	15091.0176
11	85	15243.5334
11	86	15397.2598
11	87	15552.1785
11	88	15708.2709
11	89	15865.5184
11	90	16023.9022
11	91	16183.4035
11	92	16344.003
11	93	16505.6817
11	94	16668.42
11	95	16832.1986
11	96	16996.9977
11	97	17162.7975
11	98	17329.5779
11	99	17497.3188
11	100	17665.9998
11	101	17835.6003
11	102	18006.0998
11	103	18177.4772
11	104	18349.7114
11	105	18522.7812
11	106	18696.6651
11	107	18871.3413
11	108	19046.7879
11	109	19222.9827
11	110	19399.9034
11	111	19577.5272
11	112	19755.8313
11	113	19934.7925
11	114	20114.3873
11	115	20294.592
11	116	20475.3824
11	117	20656.7342
11	118	20838.6227
11	119	21021.0227
11	120	21203.9087
11	121	21387.2548
11	122	21571.0347
11	123	21755.2217
11	124	21939.7884
11	125	22124.707
11	126	22309.9494
11	127	22495.4865
11	128	22681.2888
11	129	22867.3263
11	130	23053.568
11	131	23239.9822
11	132	23426.5366
11	133	23613.1978
11	134	23799.9316
11	135	23986.7026
11	136	24173.4746
11	137	24360.2097
11	138	24546.8692
11	139	24733.4126
11	140	24919.7979
11	141	25105.9815
11	142	25291.9177
11	143	25477.5587
12	0	8780.207
12	1	8782.2983
12	2	8786.4805
12	3	8792.7531
12	4	8801.1151
12	5	8811.5655
12	6	8824.1026
12	7	8838.7246
12	8	8855.4296
12	9	8874.2151
12	10	8895.0783
12	11	8918.0165
12	12	8943.0261
12	13	8970.1038
12	14	8999.2456
12	15	9030.4475
12	16	9063.7048
12	17	9099.0131
12	18	9136.3672
12	19	9175.7619
12	20	9217.1915
12	21	9260.6504
12	22	9306.1322
12	23	9353.6308
12	24	9403.1393
12	25	9454.6508
12	26	9508.1582
12	27	9563.654
12	28	9621.1304
12	29	9680.5795
12	30	9741.9931
12	31	9805.3625
12	32	9870.6791
12	33	9937.934
12	34	10007.1177
12	35	10078.2209
12	36	10151.2338
12	37	10226.1465
12	38	10302.9488
12	39	10381.6302
12	40	10462.1801
12	41	10544.5876
12	42	10628.8416
12	43	10714.9308
12	44	10802.8437
12	45	10892.5685
12	46	10984.0932
12	47	11077.4057
12	48	11172.4937
12	49	11269.3444
12	50	11367.9453
12	51	11468.2833
12	52	11570.3452
12	53	11674.1178
12	54	11779.5874
12	55	11886.7405
12	56	11995.5629
12	57	12106.0408
12	58	12218.1597
12	59	12331.9054
12	60	12447.2632
12	61	12564.2182
12	62	12682.7557
12	63	12802.8604
12	64	12924.5172
12	65	13047.7105
12	66	13172.4248
12	67	13298.6443
12	68	13426.3532
12	69	13555.5354
12	70	13686.1747
12	71	13818.2546
12	72	13951.7588
12	73	14086.6706
12	74	14222.9731
12	75	14360.6495
12	76	14499.6825
12	77	14640.0551
12	78	14781.7497
12	79	14924.7488
12	80	15069.0349
12	81	15214.5899
12	82	15361.396
12	83	15509.4351
12	84	15658.6889
12	85	15809.1389
12	86	15960.7665
12	87	16113.5532
12	88	16267.48
12	89	16422.5278
12	90	16578.6776
12	91	16735.9099
12	92	16894.2053
12	93	17053.5442
12	94	17213.9067
12	95	17375.2728
12	96	17537.6224
12	97	17700.9351
12	98	17865.1905
12	99	18030.3678
12	100	18196.4462
12	101	18363.4046
12	102	18531.2216
12	103	18699.8758
12	104	18869.3454
12	105	19039.6085
12	106	19210.643
12	107	19382.4263
12	108	19554.9359
12	109	19728.1487
12	110	19902.0415
12	111	20076.5909
12	112	20251.7731
12	113	20427.5638
12	114	20603.9387
12	115	20780.8731
12	116	20958.3416
12	117	21136.3189
12	118	21314.7789
12	119	21493.6953
12	120	21673.0413
12	121	21852.7896
12	122	22032.9124
12	123	22213.3812
12	124	22394.1673
12	125	22575.2409
12	126	22756.572
12	127	22938.1295
12	128	23119.8819
12	129	23301.7966
12	130	23483.8402
12	131	23665.9784
12	132	23848.176
12	133	24030.3963
12	134	24212.6019
12	135	24394.7537
12	136	24576.8112
12	137	24758.7327
12	138	24940.4742
12	139	25121.9902
12	140	25303.2329
12	141	25484.1521
13	0	9417.1292
13	1	9419.1997
13	2	9423.3405
13	3	9429.5509
13	4	9437.83
13	5	9448.1766
13	6	9460.5892
13	7	9475.066
13	8	9491.6048
13	9	9510.2033
13	10	9530.8587
13	11	9553.568
13	12	9578.3279
13	13	9605.1348
13	14	9633.9847
13	15	9664.8736
13	16	9697.7968
13	17	9732.7497
13	18	9769.7272
13	19	9808.7239
13	20	9849.7342
13	21	9892.7521
13	22	9937.7715
13	23	9984.786
13	24	10033.7887
13	25	10084.7726
13	26	10137.7305
13	27	10192.6548
13	28	10249.5376
13	29	10308.371
13	30	10369.1464
13	31	10431.8555
13	32	10496.4892
13	33	10563.0384
13	34	10631.4939
13	35	10701.846
13	36	10774.0849
13	37	10848.2004
13	38	10924.1823
13	39	11002.02
13	40	11081.7028
13	41	11163.2195
13	42	11246.5589
13	43	11331.7097
13	44	11418.66
13	45	11507.3981
13	46	11597.9117
13	47	11690.1886
13	48	11784.2163
13	49	11879.982
13	50	11977.4728
13	51	12076.6755
13	52	12177.5769
13	53	12280.1633
13	54	12384.4211
13	55	12490.3365
13	56	12597.8952
13	57	12707.0831
13	58	12817.8857
13	59	12930.2883
13	60	13044.2762
13	61	13159.8344
13	62	13276.9477
13	63	13395.6008
13	64	13515.7783
13	65	13637.4645
13	66	13760.6435
13	67	13885.2994
13	68	14011.4161
13	69	14138.9772
13	70	14267.9663
13	71	14398.3668
13	72	14530.1619
13	73	14663.3346
13	74	14797.8679
13	75	14933.7447
13	76	15070.9473
13	77	15209.4585
13	78	15349.2603
13	79	15490.3351
13	80	15632.6648
13	81	15776.2313
13	82	15921.0162
13	83	16067.0012
13	84	16214.1675
13	85	16362.4965
13	86	16511.9691
13	87	16662.5663
13	88	16814.2689
13	89	16967.0573
13	90	17120.912
13	91	17275.8133
13	92	17431.7411
13	93	17588.6754
13	94	17746.5959
13	95	17905.4821
13	96	18065.3132
13	97	18226.0685
13	98	18387.7268
13	99	18550.2669
13	100	18713.6673
13	101	18877.9062
13	102	19042.9618
13	103	19208.8118
13	104	19375.4339
13	105	19542.8054
13	106	19710.9033
13	107	19879.7044
13	108	20049.1852
13	109	20219.3219
13	110	20390.0903
13	111	20561.466
13	112	20733.4241
13	113	20905.9395
13	114	21078.9866
13	115	21252.5394
13	116	21426.5716
13	117	21601.0562
13	118	21775.9659
13	119	21951.273
13	120	22126.9489
13	121	22302.9648
13	122	22479.291
13	123	22655.8974
13	124	22832.753
13	125	23009.826
13	126	23187.0841
13	127	23364.4938
13	128	23542.0209
13	129	23719.6298
13	130	23897.2843
13	131	24074.9465
13	132	24252.5777
13	133	24430.1373
13	134	24607.5835
13	135	24784.8725
13	136	24961.9587
13	137	25138.7944
13	138	25315.3295
13	139	25491.5114
14	0	10043.7801
14	1	10045.8293
14	2	10049.9275
14	3	10056.0741
14	4	10064.2681
14	5	10074.5083
14	6	10086.7932
14	7	10101.1208
14	8	10117.4892
14	9	10135.8958
14	10	10156.3379
14	11	10178.8124
14	12	10203.316
14	13	10229.845
14	14	10258.3955
14	15	10288.9632
14	16	10321.5436
14	17	10356.1319
14	18	10392.7229
14	19	10431.3112
14	20	10471.8912
14	21	10514.4567
14	22	10559.0017
14	23	10605.5194
14	24	10654.0031
14	25	10704.4457
14	26	10756.8398
14	27	10811.1777
14	28	10867.4515
14	29	10925.6531
14	30	10985.7739
14	31	11047.8054
14	32	11111.7384
14	33	11177.5639
14	34	11245.2722
14	35	11314.8538
14	36	11386.2985
14	37	11459.5963
14	38	11534.7367
14	39	11611.7089
14	40	11690.502
14	41	11771.105
14	42	11853.5063
14	43	11937.6945
14	44	12023.6576
14	45	12111.3836
14	46	12200.8603
14	47	12292.0751
14	48	12385.0154
14	49	12479.6682
14	50	12576.0205
14	51	12674.0589
14	52	12773.77
14	53	12875.14
14	54	12978.155
14	55	13082.801
14	56	13189.0637
14	57	13296.9285
14	58	13406.3809
14	59	13517.406
14	60	13629.9888
14	61	13744.1141
14	62	13859.7665
14	63	13976.9306
14	64	14095.5906
14	65	14215.7305
14	66	14337.3344
14	67	14460.3861
14	68	14584.8691
14	69	14710.7669
14	70	14838.0628
14	71	14966.7399
14	72	15096.7811
14	73	15228.1692
14	74	15360.887
14	75	15494.9167
14	76	15630.2408
14	77	15766.8414
14	78	15904.7004
14	79	16043.7998
14	80	16184.1211
14	81	16325.6458
14	82	16468.3553
14	83	16612.2308
14	84	16757.2532
14	85	16903.4034
14	86	17050.6621
14	87	17199.0097
14	88	17348.4266
14	89	17498.8928
14	90	17650.3884
14	91	17802.8931
14	92	17956.3865
14	93	18110.8479
14	94	18266.2565
14	95	18422.5913
14	96	18579.831
14	97	18737.9541
14	98	18896.939
14	99	19056.7637
14	100	19217.4061
14	101	19378.8437
14	102	19541.0539
14	103	19704.0137
14	104	19867.6999
14	105	20032.0891
14	106	20197.1574
14	107	20362.8806
14	108	20529.2344
14	109	20696.1939
14	110	20863.7339
14	111	21031.8288
14	112	21200.4528
14	113	21369.5793
14	114	21539.1815
14	115	21709.232
14	116	21879.703
14	117	22050.5661
14	118	22221.7922
14	119	22393.3519
14	120	22565.2148
14	121	22737.35
14	122	22909.7258
14	123	23082.3097
14	124	23255.0683
14	125	23427.9673
14	126	23600.9714
14	127	23774.0442
14	128	23947.148
14	129	24120.244
14	130	24293.2918
14	131	24466.2495
14	132	24639.0735
14	133	24811.7182
14	134	24984.1362
14	135	25156.2773
14	136	25328.0892
15	0	10660.027
15	1	10662.0544
15	2	10666.109
15	3	10672.1901
15	4	10680.2967
15	5	10690.4277
15	6	10702.5815
15	7	10716.7562
15	8	10732.9496
15	9	10751.1594
15	10	10771.3826
15	11	10793.6162
15	12	10817.8568
15	13	10844.1007
15	14	10872.3439
15	15	10902.5822
15	16	10934.8108
15	17	10969.025
15	18	11005.2195
15	19	11043.3888
15	20	11083.5273
15	21	11125.6287
15	22	11169.6868
15	23	11215.695
15	24	11263.6463
15	25	11313.5335
15	26	11365.3491
15	27	11419.0855
15	28	11474.7345
15	29	11532.2879
15	30	11591.7372
15	31	11653.0735
15	32	11716.2878
15	33	11781.3706
15	34	11848.3125
15	35	11917.1035
15	36	11987.7336
15	37	12060.1925
15	38	12134.4694
15	39	12210.5537
15	40	12288.4343
15	41	12368.0998
15	42	12449.5387
15	43	12532.7393
15	44	12617.6895
15	45	12704.3772
15	46	12792.79
15	47	12882.9151
15	48	12974.7398
15	49	13068.2509
15	50	13163.4353
15	51	13260.2792
15	52	13358.7692
15	53	13458.8913
15	54	13560.6314
15	55	13663.9751
15	56	13768.9082
15	57	13875.4157
15	58	13983.483
15	59	14093.0948
15	60	14204.2361
15	61	14316.8914
15	62	14431.045
15	63	14546.6813
15	64	14663.7842
15	65	14782.3376
15	66	14902.3252
15	67	15023.7305
15	68	15146.5369
15	69	15270.7276
15	70	15396.2855
15	71	15523.1935
15	72	15651.4342
15	73	15780.9902
15	74	15911.8438
15	75	16043.9771
15	76	16177.3721
15	77	16312.0107
15	78	16447.8744
15	79	16584.9447
15	80	16723.2029
15	81	16862.6302
15	82	17003.2075
15	83	17144.9154
15	84	17287.7347
15	85	17431.6457
15	86	17576.6287
15	87	17722.6636
15	88	17869.7303
15	89	18017.8085
15	90	18166.8775
15	91	18316.9167
15	92	18467.905
15	93	18619.8213
15	94	18772.6441
15	95	18926.3519
15	96	19080.9226
15	97	19236.3343
15	98	19392.5645
15	99	19549.5906
15	100	19707.3896
15	101	19865.9383
15	102	20025.2133
15	103	20185.1908
15	104	20345.8466
15	105	20507.1562
15	106	20669.0949
15	107	20831.6375
15	108	20994.7584
15	109	21158.4317
15	110	21322.6309
15	111	21487.3292
15	112	21652.4993
15	113	21818.1133
15	114	21984.1429
15	115	22150.559
15	116	22317.3322
15	117	22484.432
15	118	22651.8277
15	119	22819.4874
15	120	22987.3788
15	121	23155.4684
15	122	23323.722
15	123	23492.1043
15	124	23660.5789
15	125	23829.1081
15	126	23997.6533
15	127	24166.1741
15	128	24334.6287
15	129	24502.9736
15	130	24671.1635
15	131	24839.1509
15	132	25006.8861
15	133	25174.3168
15	134	25341.3876
16	0	11265.7345
16	1	11267.7396
16	2	11271.7493
16	3	11277.7632
16	4	11285.7802
16	5	11295.7991
16	6	11307.8184
16	7	11321.836
16	8	11337.85
16	9	11355.8576
16	10	11375.8562
16	11	11397.8425
16	12	11421.8132
16	13	11447.7645
16	14	11475.6924
16	15	11505.5925
16	16	11537.4602
16	17	11571.2904
16	18	11607.078
16	19	11644.8174
16	20	11684.5028
16	21	11726.1279
16	22	11769.6865
16	23	11815.1717
16	24	11862.5766
16	25	11911.8939
16	26	11963.116
16	27	12016.2351
16	28	12071.2431
16	29	12128.1315
16	30	12186.8917
16	31	12247.5148
16	32	12309.9916
16	33	12374.3126
16	34	12440.468
16	35	12508.448
16	36	12578.2423
16	37	12649.8405
16	38	12723.2317
16	39	12798.405
16	40	12875.3493
16	41	12954.053
16	42	13034.5045
16	43	13116.6919
16	44	13200.603
16	45	13286.2254
16	46	13373.5466
16	47	13462.5537
16	48	13553.2337
16	49	13645.5733
16	50	13739.5592
16	51	13835.1775
16	52	13932.4144
16	53	14031.2558
16	54	14131.6875
16	55	14233.695
16	56	14337.2634
16	57	14442.3781
16	58	14549.0237
16	59	14657.1852
16	60	14766.847
16	61	14877.9935
16	62	14990.6088
16	63	15104.6769
16	64	15220.1816
16	65	15337.1065
16	66	15455.4349
16	67	15575.1502
16	68	15696.2354
16	69	15818.6734
16	70	15942.4468
16	71	16067.5383
16	72	16193.9301
16	73	16321.6045
16	74	16450.5434
16	75	16580.7286
16	76	16712.1418
16	77	16844.7645
16	78	16978.5778
16	79	17113.5629
16	80	17249.7007
16	81	17386.9719
16	82	17525.3571
16	83	17664.8364
16	84	17805.3902
16	85	17946.9982
16	86	18089.6403
16	87	18233.2959
16	88	18377.9444
16	89	18523.5648
16	90	18670.1361
16	91	18817.6368
16	92	18966.0454
16	93	19115.3402
16	94	19265.4989
16	95	19416.4993
16	96	19568.3188
16	97	19720.9345
16	98	19874.3234
16	99	20028.4618
16	100	20183.3261
16	101	20338.8922
16	102	20495.1357
16	103	20652.0317
16	104	20809.5551
16	105	20967.6803
16	106	21126.3814
16	107	21285.6321
16	108	21445.4054
16	109	21605.674
16	110	21766.4102
16	111	21927.5855
16	112	22089.171
16	113	22251.1372
16	114	22413.4539
16	115	22576.0901
16	116	22739.0143
16	117	22902.1939
16	118	23065.5957
16	119	23229.1855
16	120	23392.9279
16	121	23556.7867
16	122	23720.7244
16	123	23884.7021
16	124	24048.6798
16	125	24212.6157
16	126	24376.4665
16	127	24540.1869
16	128	24703.7297
16	129	24867.0453
16	130	25030.0816
16	131	25192.7839
16	132	25355.0938
17	0	11860.7631
17	1	11862.7451
17	2	11866.7089
17	3	11872.6538
17	4	11880.5788
17	5	11890.4827
17	6	11902.3638
17	7	11916.2203
17	8	11932.05
17	9	11949.8503
17	10	11969.6183
17	11	11991.3509
17	12	12015.0445
17	13	12040.6956
17	14	12068.2998
17	15	12097.8528
17	16	12129.3499
17	17	12162.7861
17	18	12198.1561
17	19	12235.4542
17	20	12274.6746
17	21	12315.8109
17	22	12358.8568
17	23	12403.8053
17	24	12450.6495
17	25	12499.3818
17	26	12549.9948
17	27	12602.4804
17	28	12656.8304
17	29	12713.0363
17	30	12771.0893
17	31	12830.9804
17	32	12892.7003
17	33	12956.2394
17	34	13021.5878
17	35	13088.7355
17	36	13157.672
17	37	13228.3868
17	38	13300.869
17	39	13375.1075
17	40	13451.091
17	41	13528.8077
17	42	13608.2459
17	43	13689.3936
17	44	13772.2383
17	45	13856.7676
17	46	13942.9686
17	47	14030.8284
17	48	14120.3337
17	49	14211.4711
17	50	14304.227
17	51	14398.5874
17	52	14494.5384
17	53	14592.0655
17	54	14691.1542
17	55	14791.79
17	56	14893.9578
17	57	14997.6425
17	58	15102.8289
17	59	15209.5013
17	60	15317.6442
17	61	15427.2416
17	62	15538.2773
17	63	15650.7352
17	64	15764.5986
17	65	15879.851
17	66	15996.4755
17	67	16114.4551
17	68	16233.7724
17	69	16354.41
17	70	16476.3504
17	71	16599.5757
17	72	16724.068
17	73	16849.809
17	74	16976.7803
17	75	17104.9635
17	76	17234.3398
17	77	17364.8902
17	78	17496.5955
17	79	17629.4366
17	80	17763.3937
17	81	17898.4473
17	82	18034.5773
17	83	18171.7637
17	84	18309.986
17	85	18449.2236
17	86	18589.4559
17	87	18730.6617
17	88	18872.8197
17	89	19015.9085
17	90	19159.9063
17	91	19304.7912
17	92	19450.5407
17	93	19597.1325
17	94	19744.5437
17	95	19892.7511
17	96	20041.7315
17	97	20191.461
17	98	20341.9157
17	99	20493.0712
17	100	20644.9027
17	101	20797.3852
17	102	20950.4931
17	103	21104.2006
17	104	21258.4813
17	105	21413.3084
17	106	21568.6545
17	107	21724.492
17	108	21880.7924
17	109	22037.5269
17	110	22194.666
17	111	22352.1794
17	112	22510.0363
17	113	22668.2051
17	114	22826.6535
17	115	22985.3481
17	116	23144.2549
17	117	23303.3387
17	118	23462.5632
17	119	23621.8911
17	120	23781.2838
17	121	23940.701
17	122	24100.1014
17	123	24259.4416
17	124	24418.6767
17	125	24577.7595
17	126	24736.6407
17	127	24895.2684
17	128	25053.5882
17	129	25211.5421
18	0	12444.9666
18	1	12446.925
18	2	12450.8416
18	3	12456.7157
18	4	12464.5463
18	5	12474.3321
18	6	12486.0715
18	7	12499.7626
18	8	12515.4032
18	9	12532.9906
18	10	12552.522
18	11	12573.9941
18	12	12597.4035
18	13	12622.7463
18	14	12650.0183
18	15	12679.2152
18	16	12710.332
18	17	12743.3638
18	18	12778.3052
18	19	12815.1504
18	20	12853.8934
18	21	12894.5281
18	22	12937.0477
18	23	12981.4454
18	24	13027.7141
18	25	13075.8462
18	26	13125.8339
18	27	13177.6693
18	28	13231.344
18	29	13286.8494
18	30	13344.1765
18	31	13403.3163
18	32	13464.2594
18	33	13526.9959
18	34	13591.5159
18	35	13657.8092
18	36	13725.8653
18	37	13795.6734
18	38	13867.2226
18	39	13940.5015
18	40	14015.4986
18	41	14092.2022
18	42	14170.6003
18	43	14250.6806
18	44	14332.4306
18	45	14415.8376
18	46	14500.8888
18	47	14587.5707
18	48	14675.8702
18	49	14765.7734
18	50	14857.2667
18	51	14950.3358
18	52	15044.9664
18	53	15141.1441
18	54	15238.8542
18	55	15338.0816
18	56	15438.8113
18	57	15541.0278
18	58	15644.7157
18	59	15749.859
18	60	15856.442
18	61	15964.4483
18	62	16073.8617
18	63	16184.6655
18	64	16296.843
18	65	16410.3771
18	66	16525.2509
18	67	16641.4468
18	68	16758.9473
18	69	16877.7347
18	70	16997.791
18	71	17119.0981
18	72	17241.6375
18	73	17365.3907
18	74	17490.339
18	75	17616.4634
18	76	17743.7447
18	77	17872.1636
18	78	18001.7004
18	79	18132.3354
18	80	18264.0486
18	81	18396.8196
18	82	18530.6282
18	83	18665.4536
18	84	18801.2748
18	85	18938.0708
18	86	19075.8202
18	87	19214.5013
18	88	19354.0922
18	89	19494.5707
18	90	19635.9145
18	91	19778.1007
18	92	19921.1063
18	93	20064.9081
18	94	20209.4823
18	95	20354.805
18	96	20500.8518
18	97	20647.5981
18	98	20795.0188
18	99	20943.0886
18	100	21091.7814
18	101	21241.0711
18	102	21390.9309
18	103	21541.3336
18	104	21692.2514
18	105	21843.6562
18	106	21995.519
18	107	22147.8104
18	108	22300.5002
18	109	22453.5578
18	110	22606.9514
18	111	22760.6489
18	112	22914.6171
18	113	23068.8217
18	114	23223.2279
18	115	23377.7994
18	116	23532.4989
18	117	23687.288
18	118	23842.1268
18	119	23996.9737
18	120	24151.7859
18	121	24306.5184
18	122	24461.1245
18	123	24615.5549
18	124	24769.7583
18	125	24923.6803
18	126	25077.2634
18	127	25230.4467
19	0	13018.1947
19	1	13020.129
19	2	13023.9971
19	3	13029.7985
19	4	13037.5321
19	5	13047.1967
19	6	13058.7906
19	7	13072.3119
19	8	13087.7583
19	9	13105.1272
19	10	13124.4156
19	11	13145.6204
19	12	13168.7379
19	13	13193.7643
19	14	13220.6953
19	15	13249.5265
19	16	13280.2529
19	17	13312.8696
19	18	13347.3709
19	19	13383.7512
19	20	13422.0043
19	21	13462.1239
19	22	13504.1034
19	23	13547.9356
19	24	13593.6135
19	25	13641.1293
19	26	13690.4753
19	27	13741.6432
19	28	13794.6247
19	29	13849.411
19	30	13905.9931
19	31	13964.3617
19	32	14024.5072
19	33	14086.4199
19	34	14150.0895
19	35	14215.5058
19	36	14282.6581
19	37	14351.5354
19	38	14422.1267
19	39	14494.4204
19	40	14568.4049
19	41	14644.0683
19	42	14721.3985
19	43	14800.3829
19	44	14881.0089
19	45	14963.2636
19	46	15047.134
19	47	15132.6065
19	48	15219.6675
19	49	15308.3033
19	50	15398.4998
19	51	15490.2426
19	52	15583.5173
19	53	15678.3091
19	54	15774.603
19	55	15872.3838
19	56	15971.6362
19	57	16072.3445
19	58	16174.493
19	59	16278.0654
19	60	16383.0457
19	61	16489.4173
19	62	16597.1636
19	63	16706.2677
19	64	16816.7125
19	65	16928.4807
19	66	17041.5549
19	67	17155.9172
19	68	17271.5499
19	69	17388.4348
19	70	17506.5535
19	71	17625.8876
19	72	17746.4182
19	73	17868.1265
19	74	17990.9931
19	75	18114.9989
19	76	18240.124
19	77	18366.3487
19	78	18493.6529
19	79	18622.0163
19	80	18751.4184
19	81	18881.8383
19	82	19013.2551
19	83	19145.6474
19	84	19278.9938
19	85	19413.2725
19	86	19548.4614
19	87	19684.5382
19	88	19821.4802
19	89	19959.2646
19	90	20097.8681
19	91	20237.2671
19	92	20377.4379
19	93	20518.3561
19	94	20659.9971
19	95	20802.336
19	96	20945.3474
19	97	21089.0055
19	98	21233.2841
19	99	21378.1566
19	100	21523.5956
19	101	21669.5736
19	102	21816.0624
19	103	21963.0332
19	104	22110.4566
19	105	22258.3027
19	106	22406.5406
19	107	22555.139
19	108	22704.0657
19	109	22853.2875
19	110	23002.7704
19	111	23152.4796
19	112	23302.3789
19	113	23452.4313
19	114	23602.5983
19	115	23752.8401
19	116	23903.1154
19	117	24053.3815
19	118	24203.5938
19	119	24353.7055
19	120	24503.6678
19	121	24653.4297
19	122	24802.9371
19	123	24952.1329
19	124	25100.9567
19	125	25249.3439
20	0	13580.2925
20	1	13582.2018
20	2	13586.0202
20	3	13591.7469
20	4	13599.381
20	5	13608.9212
20	6	13620.3657
20	7	13633.7126
20	8	13648.9597
20	9	13666.1042
20	10	13685.1432
20	11	13706.0734
20	12	13728.8912
20	13	13753.5926
20	14	13780.1735
20	15	13808.6291
20	16	13838.9547
20	17	13871.1451
20	18	13905.1946
20	19	13941.0974
20	20	13978.8475
20	21	14018.4382
20	22	14059.863
20	23	14103.1147
20	24	14148.1858
20	25	14195.0689
20	26	14243.7558
20	27	14294.2384
20	28	14346.5081
20	29	14400.5559
20	30	14456.3729
20	31	14513.9496
20	32	14573.2762
20	33	14634.3429
20	34	14697.1394
20	35	14761.6551
20	36	14827.8792
20	37	14895.8007
20	38	14965.4083
20	39	15036.6904
20	40	15109.6351
20	41	15184.2303
20	42	15260.4637
20	43	15338.3227
20	44	15417.7943
20	45	15498.8656
20	46	15581.5231
20	47	15665.7533
20	48	15751.5424
20	49	15838.8762
20	50	15927.7405
20	51	16018.1208
20	52	16110.0023
20	53	16203.3701
20	54	16298.2088
20	55	16394.5031
20	56	16492.2373
20	57	16591.3955
20	58	16691.9617
20	59	16793.9195
20	60	16897.2522
20	61	17001.9433
20	62	17107.9757
20	63	17215.3321
20	64	17323.9952
20	65	17433.9474
20	66	17545.1707
20	67	17657.6471
20	68	17771.3583
20	69	17886.2858
20	70	18002.4108
20	71	18119.7144
20	72	18238.1775
20	73	18357.7805
20	74	18478.5039
20	75	18600.3278
20	76	18723.232
20	77	18847.1963
20	78	18972.2
20	79	19098.2222
20	80	19225.2419
20	81	19353.2376
20	82	19482.1877
20	83	19612.0703
20	84	19742.8631
20	85	19874.5437
20	86	20007.0892
20	87	20140.4766
20	88	20274.6823
20	89	20409.6826
20	90	20545.4533
20	91	20681.9701
20	92	20819.208
20	93	20957.1417
20	94	21095.7456
20	95	21234.9935
20	96	21374.8588
20	97	21515.3146
20	98	21656.3332
20	99	21797.8864
20	100	21939.9456
20	101	22082.4815
20	102	22225.4641
20	103	22368.8629
20	104	22512.6464
20	105	22656.7825
20	106	22801.2383
20	107	22945.9799
20	108	23090.9725
20	109	23236.1802
20	110	23381.566
20	111	23527.0916
20	112	23672.7174
20	113	23818.4025
20	114	23964.104
20	115	24109.7776
20	116	24255.3769
20	117	24400.8533
20	118	24546.1559
20	119	24691.2311
20	120	24836.0223
20	121	24980.4693
20	122	25124.5082
21	0	14131.0981
21	1	14132.9819
21	2	14136.7492
21	3	14142.3992
21	4	14149.9311
21	5	14159.3434
21	6	14170.6346
21	7	14183.8024
21	8	14198.8448
21	9	14215.7588
21	10	14234.5417
21	11	14255.1899
21	12	14277.7
21	13	14302.0678
21	14	14328.289
21	15	14356.3591
21	16	14386.2731
21	17	14418.0256
21	18	14451.6111
21	19	14487.0237
21	20	14524.257
21	21	14563.3047
21	22	14604.1598
21	23	14646.8152
21	24	14691.2633
21	25	14737.4965
21	26	14785.5065
21	27	14835.2852
21	28	14886.8237
21	29	14940.1132
21	30	14995.1443
21	31	15051.9075
21	32	15110.393
21	33	15170.5907
21	34	15232.4902
21	35	15296.0808
21	36	15361.3515
21	37	15428.2911
21	38	15496.8882
21	39	15567.131
21	40	15639.0074
21	41	15712.5053
21	42	15787.6119
21	43	15864.3146
21	44	15942.6002
21	45	16022.4555
21	46	16103.867
21	47	16186.8207
21	48	16271.3026
21	49	16357.2985
21	50	16444.7939
21	51	16533.7739
21	52	16624.2235
21	53	16716.1275
21	54	16809.4704
21	55	16904.2365
21	56	17000.4099
21	57	17097.9743
21	58	17196.9134
21	59	17297.2106
21	60	17398.8489
21	61	17501.8114
21	62	17606.0806
21	63	17711.639
21	64	17818.4688
21	65	17926.5521
21	66	18035.8706
21	67	18146.4058
21	68	18258.1389
21	69	18371.0511
21	70	18485.1232
21	71	18600.3358
21	72	18716.6691
21	73	18834.1033
21	74	18952.6182
21	75	19072.1934
21	76	19192.8082
21	77	19314.4418
21	78	19437.0728
21	79	19560.6799
21	80	19685.2413
21	81	19810.7349
21	82	19937.1384
21	83	20064.4291
21	84	20192.5841
21	85	20321.5799
21	86	20451.393
21	87	20581.9993
21	88	20713.3745
21	89	20845.4938
21	90	20978.332
21	91	21111.8636
21	92	21246.0625
21	93	21380.9022
21	94	21516.3559
21	95	21652.396
21	96	21788.9946
21	97	21926.1231
21	98	22063.7522
21	99	22201.8522
21	100	22340.3925
21	101	22479.3419
21	102	22618.6684
21	103	22758.3391
21	104	22898.3202
21	105	23038.5771
21	106	23179.074
21	107	23319.774
21	108	23460.6391
21	109	23601.6298
21	110	23742.7053
21	111	23883.8231
21	112	24024.939
21	113	24166.007
21	114	24306.9788
21	115	24447.8037
21	116	24588.4284
21	117	24728.7967
21	118	24868.849
21	119	25008.5217
21	120	25147.7471
22	0	14670.4434
22	1	14672.3009
22	2	14676.0157
22	3	14681.5871
22	4	14689.014
22	5	14698.295
22	6	14709.4285
22	7	14722.4125
22	8	14737.2446
22	9	14753.922
22	10	14772.4417
22	11	14792.8003
22	12	14814.9942
22	13	14839.0193
22	14	14864.8712
22	15	14892.5453
22	16	14922.0364
22	17	14953.3392
22	18	14986.4481
22	19	15021.3571
22	20	15058.0597
22	21	15096.5495
22	22	15136.8195
22	23	15178.8623
22	24	15222.6704
22	25	15268.236
22	26	15315.5508
22	27	15364.6063
22	28	15415.3938
22	29	15467.9041
22	30	15522.1278
22	31	15578.0554
22	32	15635.6767
22	33	15694.9816
22	34	15755.9594
22	35	15818.5995
22	36	15882.8905
22	37	15948.8212
22	38	16016.3799
22	39	16085.5546
22	40	16156.3332
22	41	16228.7032
22	42	16302.6517
22	43	16378.1659
22	44	16455.2325
22	45	16533.8378
22	46	16613.9683
22	47	16695.6097
22	48	16778.7479
22	49	16863.3682
22	50	16949.456
22	51	17036.9961
22	52	17125.9733
22	53	17216.372
22	54	17308.1766
22	55	17401.3709
22	56	17495.9387
22	57	17591.8636
22	58	17689.1288
22	59	17787.7173
22	60	17887.612
22	61	17988.7954
22	62	18091.2497
22	63	18194.9571
22	64	18299.8994
22	65	18406.0582
22	66	18513.4148
22	67	18621.9504
22	68	18731.6457
22	69	18842.4813
22	70	18954.4376
22	71	19067.4947
22	72	19181.6323
22	73	19296.8301
22	74	19413.0672
22	75	19530.3226
22	76	19648.5751
22	77	19767.8032
22	78	19887.9848
22	79	20009.0979
22	80	20131.12
22	81	20254.0281
22	82	20377.7993
22	83	20502.41
22	84	20627.8364
22	85	20754.0541
22	86	20881.0387
22	87	21008.765
22	88	21137.2076
22	89	21266.3407
22	90	21396.1378
22	91	21526.5722
22	92	21657.6164
22	93	21789.2426
22	94	21921.4223
22	95	22054.1265
22	96	22187.3254
22	97	22320.9887
22	98	22455.0853
22	99	22589.5833
22	100	22724.4499
22	101	22859.6517
22	102	22995.1539
22	103	23130.9211
22	104	23266.9165
22	105	23403.1022
22	106	23539.4389
22	107	23675.886
22	108	23812.4012
22	109	23948.9406
22	110	24085.4582
22	111	24221.9062
22	112	24358.2342
22	113	24494.3893
22	114	24630.3157
22	115	24765.9542
22	116	24901.2417
22	117	25036.1111
23	0	15198.1546
23	1	15199.9852
23	2	15203.6461
23	3	15209.1365
23	4	15216.4555
23	5	15225.6017
23	6	15236.5733
23	7	15249.3683
23	8	15263.9843
23	9	15280.4185
23	10	15298.6679
23	11	15318.729
23	12	15340.598
23	13	15364.271
23	14	15389.7433
23	15	15417.0104
23	16	15446.067
23	17	15476.9078
23	18	15509.5269
23	19	15543.9184
23	20	15580.0757
23	21	15617.9923
23	22	15657.6609
23	23	15699.0743
23	24	15742.2247
23	25	15787.1043
23	26	15833.7045
23	27	15882.017
23	28	15932.0326
23	29	15983.7422
23	30	16037.1363
23	31	16092.205
23	32	16148.9382
23	33	16207.3254
23	34	16267.3561
23	35	16329.0191
23	36	16392.3032
23	37	16457.1968
23	38	16523.688
23	39	16591.7648
23	40	16661.4148
23	41	16732.6251
23	42	16805.383
23	43	16879.6752
23	44	16955.4881
23	45	17032.8081
23	46	17111.6211
23	47	17191.9128
23	48	17273.6687
23	49	17356.8741
23	50	17441.5138
23	51	17527.5725
23	52	17615.0347
23	53	17703.8845
23	54	17794.1059
23	55	17885.6825
23	56	17978.5979
23	57	18072.835
23	58	18168.3769
23	59	18265.2062
23	60	18363.3054
23	61	18462.6565
23	62	18563.2415
23	63	18665.0421
23	64	18768.0396
23	65	18872.2152
23	66	18977.5497
23	67	19084.0239
23	68	19191.6179
23	69	19300.312
23	70	19410.0858
23	71	19520.919
23	72	19632.7907
23	73	19745.6799
23	74	19859.5652
23	75	19974.4249
23	76	20090.2371
23	77	20206.9795
23	78	20324.6293
23	79	20443.1638
23	80	20562.5594
23	81	20682.7925
23	82	20803.8392
23	83	20925.6748
23	84	21048.2746
23	85	21171.6133
23	86	21295.6651
23	87	21420.4038
23	88	21545.8029
23	89	21671.8349
23	90	21798.4722
23	91	21925.6866
23	92	22053.4489
23	93	22181.7297
23	94	22310.4987
23	95	22439.725
23	96	22569.3767
23	97	22699.4214
23	98	22829.8256
23	99	22960.5549
23	100	23091.5738
23	101	23222.8459
23	102	23354.3334
23	103	23485.9973
23	104	23617.7972
23	105	23749.6909
23	106	23881.6347
23	107	24013.5832
23	108	24145.4884
23	109	24277.3005
23	110	24408.9668
23	111	24540.4319
23	112	24671.637
23	113	24802.5197
23	114	24933.0131
23	115	25063.0457
24	0	15714.0508
24	1	15715.8537
24	2	15719.4592
24	3	15724.8665
24	4	15732.0746
24	5	15741.0822
24	6	15751.8874
24	7	15764.4882
24	8	15778.8821
24	9	15795.0664
24	10	15813.0379
24	11	15832.7931
24	12	15854.3284
24	13	15877.6393
24	14	15902.7216
24	15	15929.5704
24	16	15958.1804
24	17	15988.5462
24	18	16020.662
24	19	16054.5215
24	20	16090.1183
24	21	16127.4455
24	22	16166.4961
24	23	16207.2624
24	24	16249.7368
24	25	16293.911
24	26	16339.7768
24	27	16387.3252
24	28	16436.5473
24	29	16487.4337
24	30	16539.9747
24	31	16594.1603
24	32	16649.9803
24	33	16707.4241
24	34	16766.4807
24	35	16827.1391
24	36	16889.3877
24	37	16953.2147
24	38	17018.6082
24	39	17085.5559
24	40	17154.045
24	41	17224.0626
24	42	17295.5957
24	43	17368.6308
24	44	17443.1541
24	45	17519.1516
24	46	17596.6091
24	47	17675.5119
24	48	17755.8454
24	49	17837.5944
24	50	17920.7436
24	51	18005.2774
24	52	18091.1798
24	53	18178.4348
24	54	18267.026
24	55	18356.9366
24	56	18448.1498
24	57	18540.6483
24	58	18634.4147
24	59	18729.4313
24	60	18825.68
24	61	18923.1427
24	62	19021.8007
24	63	19121.6352
24	64	19222.6272
24	65	19324.7574
24	66	19428.006
24	67	19532.3531
24	68	19637.7786
24	69	19744.262
24	70	19851.7823
24	71	19960.3186
24	72	20069.8494
24	73	20180.3529
24	74	20291.8072
24	75	20404.1897
24	76	20517.4777
24	77	20631.6482
24	78	20746.6775
24	79	20862.5418
24	80	20979.2169
24	81	21096.6781
24	82	21214.9001
24	83	21333.8576
24	84	21453.5243
24	85	21573.8739
24	86	21694.8792
24	87	21816.5128
24	88	21938.7463
24	89	22061.5512
24	90	22184.8979
24	91	22308.7564
24	92	22433.096
24	93	22557.8849
24	94	22683.0908
24	95	22808.6804
24	96	22934.6194
24	97	23060.8727
24	98	23187.4038
24	99	23314.1752
24	100	23441.1481
24	101	23568.2822
24	102	23695.5358
24	103	23822.8653
24	104	23950.2255
24	105	24077.5689
24	106	24204.8458
24	107	24332.004
24	108	24458.9884
24	109	24585.7405
24	110	24712.1984
24	111	24838.2957
24	112	24963.9615
25	0	16217.9431
25	1	16219.7175
25	2	16223.266
25	3	16228.5878
25	4	16235.682
25	5	16244.547
25	6	16255.1811
25	7	16267.5822
25	8	16281.7479
25	9	16297.6752
25	10	16315.3611
25	11	16334.8019
25	12	16355.9939
25	13	16378.9328
25	14	16403.614
25	15	16430.0327
25	16	16458.1836
25	17	16488.0611
25	18	16519.6593
25	19	16552.9719
25	20	16587.9923
25	21	16624.7136
25	22	16663.1286
25	23	16703.2295
25	24	16745.0087
25	25	16788.4576
25	26	16833.5679
25	27	16880.3307
25	28	16928.7366
25	29	16978.7763
25	30	17030.4399
25	31	17083.7172
25	32	17138.5978
25	33	17195.0709
25	34	17253.1255
25	35	17312.7503
25	36	17373.9334
25	37	17436.6631
25	38	17500.927
25	39	17566.7127
25	40	17634.0071
25	41	17702.7973
25	42	17773.0699
25	43	17844.811
25	44	17918.0067
25	45	17992.6428
25	46	18068.7048
25	47	18146.1776
25	48	18225.0464
25	49	18305.2957
25	50	18386.9097
25	51	18469.8727
25	52	18554.1683
25	53	18639.7802
25	54	18726.6914
25	55	18814.885
25	56	18904.3437
25	57	18995.0499
25	58	19086.9856
25	59	19180.1328
25	60	19274.4729
25	61	19369.9873
25	62	19466.657
25	63	19564.4625
25	64	19663.3844
25	65	19763.4027
25	66	19864.4972
25	67	19966.6474
25	68	20069.8324
25	69	20174.031
25	70	20279.2219
25	71	20385.3831
25	72	20492.4926
25	73	20600.5277
25	74	20709.4657
25	75	20819.2832
25	76	20929.9566
25	77	21041.4619
25	78	21153.7746
25	79	21266.8697
25	80	21380.7219
25	81	21495.3054
25	82	21610.5938
25	83	21726.5602
25	84	21843.1772
25	85	21960.4169
25	86	22078.2506
25	87	22196.6492
25	88	22315.5827
25	89	22435.0205
25	90	22554.9312
25	91	22675.2826
25	92	22796.0415
25	93	22917.1741
25	94	23038.6451
25	95	23160.4184
25	96	23282.4567
25	97	23404.7214
25	98	23527.1723
25	99	23649.768
25	100	23772.4651
25	101	23895.2187
25	102	24017.9815
25	103	24140.7043
25	104	24263.335
25	105	24385.8189
25	106	24508.0981
25	107	24630.111
25	108	24751.7917
25	109	24873.0698
25	110	24993.8692
26	0	16709.6343
26	1	16711.3794
26	2	16714.8693
26	3	16720.1032
26	4	16727.0802
26	5	16735.7986
26	6	16746.2568
26	7	16758.4526
26	8	16772.3835
26	9	16788.0465
26	10	16805.4386
26	11	16824.5561
26	12	16845.395
26	13	16867.9512
26	14	16892.22
26	15	16918.1963
26	16	16945.875
26	17	16975.2502
26	18	17006.316
26	19	17039.066
26	20	17073.4935
26	21	17109.5915
26	22	17147.3527
26	23	17186.7692
26	24	17227.833
26	25	17270.5359
26	26	17314.869
26	27	17360.8233
26	28	17408.3896
26	29	17457.558
26	30	17508.3187
26	31	17560.6612
26	32	17614.5751
26	33	17670.0493
26	34	17727.0726
26	35	17785.6334
26	36	17845.7198
26	37	17907.3198
26	38	17970.4207
26	39	18035.0099
26	40	18101.0743
26	41	18168.6004
26	42	18237.5747
26	43	18307.9831
26	44	18379.8114
26	45	18453.045
26	46	18527.6692
26	47	18603.6686
26	48	18681.028
26	49	18759.7317
26	50	18839.7635
26	51	18921.1072
26	52	19003.7463
26	53	19087.6638
26	54	19172.8426
26	55	19259.2653
26	56	19346.914
26	57	19435.7708
26	58	19525.8173
26	59	19617.0349
26	60	19709.4046
26	61	19802.9072
26	62	19897.5232
26	63	19993.2326
26	64	20090.0153
26	65	20187.8507
26	66	20286.718
26	67	20386.5961
26	68	20487.4633
26	69	20589.2978
26	70	20692.0774
26	71	20795.7793
26	72	20900.3807
26	73	21005.858
26	74	21112.1875
26	75	21219.345
26	76	21327.3057
26	77	21436.0445
26	78	21545.5358
26	79	21655.7535
26	80	21766.6709
26	81	21878.2609
26	82	21990.4956
26	83	22103.3467
26	84	22216.7852
26	85	22330.7812
26	86	22445.3044
26	87	22560.3235
26	88	22675.8066
26	89	22791.7207
26	90	22908.0319
26	91	23024.7054
26	92	23141.7053
26	93	23258.9945
26	94	23376.5345
26	95	23494.2855
26	96	23612.2062
26	97	23730.2537
26	98	23848.383
26	99	23966.5474
26	100	24084.6976
26	101	24202.7821
26	102	24320.7465
26	103	24438.5331
26	104	24556.0808
26	105	24673.3242
26	106	24790.1934
26	107	24906.6127
27	0	17188.9194
27	1	17190.6343
27	2	17194.064
27	3	17199.2075
27	4	17206.0638
27	5	17214.6314
27	6	17224.9086
27	7	17236.8931
27	8	17250.5823
27	9	17265.9735
27	10	17283.0633
27	11	17301.848
27	12	17322.3237
27	13	17344.4861
27	14	17368.3303
27	15	17393.8515
27	16	17421.0441
27	17	17449.9024
27	18	17480.4203
27	19	17512.5914
27	20	17546.4087
27	21	17581.8652
27	22	17618.9534
27	23	17657.6654
27	24	17697.9931
27	25	17739.9278
27	26	17783.4609
27	27	17828.5831
27	28	17875.2848
27	29	17923.5563
27	30	17973.3874
27	31	18024.7676
27	32	18077.686
27	33	18132.1315
27	34	18188.0927
27	35	18245.5578
27	36	18304.5147
27	37	18364.9509
27	38	18426.8539
27	39	18490.2105
27	40	18555.0074
27	41	18621.2311
27	42	18688.8674
27	43	18757.9022
27	44	18828.321
27	45	18900.1088
27	46	18973.2505
27	47	19047.7306
27	48	19123.5334
27	49	19200.6428
27	50	19279.0424
27	51	19358.7155
27	52	19439.6452
27	53	19521.8141
27	54	19605.2046
27	55	19689.7989
27	56	19775.5787
27	57	19862.5254
27	58	19950.6203
27	59	20039.8441
27	60	20130.1774
27	61	20221.6003
27	62	20314.0926
27	63	20407.6339
27	64	20502.2034
27	65	20597.7797
27	66	20694.3413
27	67	20791.8664
27	68	20890.3325
27	69	20989.717
27	70	21089.9967
27	71	21191.1481
27	72	21293.1471
27	73	21395.9694
27	74	21499.5901
27	75	21603.9837
27	76	21709.1244
27	77	21814.9858
27	78	21921.5409
27	79	22028.7622
27	80	22136.6215
27	81	22245.09
27	82	22354.1382
27	83	22463.7358
27	84	22573.852
27	85	22684.4548
27	86	22795.5116
27	87	22906.9887
27	88	23018.8515
27	89	23131.0642
27	90	23243.5899
27	91	23356.3904
27	92	23469.4261
27	93	23582.656
27	94	23696.0374
27	95	23809.5256
27	96	23923.0741
27	97	24036.6341
27	98	24150.1542
27	99	24263.5804
27	100	24376.8553
27	101	24489.9182
27	102	24602.7041
27	103	24715.1433
27	104	24827.1608
27	105	24938.675
28	0	17655.5837
28	1	17657.2676
28	2	17660.6352
28	3	17665.6856
28	4	17672.4177
28	5	17680.8302
28	6	17690.921
28	7	17702.688
28	8	17716.1286
28	9	17731.2398
28	10	17748.0183
28	11	17766.4605
28	12	17786.5623
28	13	17808.3192
28	14	17831.7264
28	15	17856.7789
28	16	17883.4712
28	17	17911.7973
28	18	17941.751
28	19	17973.3259
28	20	18006.5149
28	21	18041.3108
28	22	18077.7059
28	23	18115.6924
28	24	18155.2618
28	25	18196.4055
28	26	18239.1145
28	27	18283.3795
28	28	18329.1907
28	29	18376.5382
28	30	18425.4116
28	31	18475.8001
28	32	18527.6929
28	33	18581.0784
28	34	18635.9451
28	35	18692.281
28	36	18750.0736
28	37	18809.3104
28	38	18869.9784
28	39	18932.0642
28	40	18995.5544
28	41	19060.4349
28	42	19126.6914
28	43	19194.3095
28	44	19263.2742
28	45	19333.5703
28	46	19405.1824
28	47	19478.0945
28	48	19552.2906
28	49	19627.7542
28	50	19704.4684
28	51	19782.4162
28	52	19861.5802
28	53	19941.9425
28	54	20023.4852
28	55	20106.1897
28	56	20190.0374
28	57	20275.0092
28	58	20361.0856
28	59	20448.2468
28	60	20536.4728
28	61	20625.743
28	62	20716.0366
28	63	20807.3324
28	64	20899.6088
28	65	20992.8438
28	66	21087.0149
28	67	21182.0994
28	68	21278.0741
28	69	21374.9152
28	70	21472.5987
28	71	21571.0999
28	72	21670.3937
28	73	21770.4546
28	74	21871.2562
28	75	21972.772
28	76	22074.9746
28	77	22177.8361
28	78	22281.3279
28	79	22385.4207
28	80	22490.0846
28	81	22595.2888
28	82	22701.0017
28	83	22807.1908
28	84	22913.8229
28	85	23020.8633
28	86	23128.2767
28	87	23236.0264
28	88	23344.0743
28	89	23452.3811
28	90	23560.9061
28	91	23669.6066
28	92	23778.4383
28	93	23887.355
28	94	23996.3081
28	95	24105.2465
28	96	24214.1165
28	97	24322.8611
28	98	24431.4198
28	99	24539.7281
28	100	24647.7166
28	101	24755.3107
28	102	24862.4291
29	0	18109.402
29	1	18111.054
29	2	18114.3576
29	3	18119.3122
29	4	18125.9165
29	5	18134.169
29	6	18144.0679
29	7	18155.6109
29	8	18168.7954
29	9	18183.6183
29	10	18200.0763
29	11	18218.1657
29	12	18237.8822
29	13	18259.2215
29	14	18282.1786
29	15	18306.7484
29	16	18332.9251
29	17	18360.703
29	18	18390.0755
29	19	18421.0362
29	20	18453.5778
29	21	18487.693
29	22	18523.3741
29	23	18560.6129
29	24	18599.4009
29	25	18639.7293
29	26	18681.589
29	27	18724.9704
29	28	18769.8637
29	29	18816.2586
29	30	18864.1446
29	31	18913.5108
29	32	18964.3459
29	33	19016.6384
29	34	19070.3764
29	35	19125.5475
29	36	19182.1392
29	37	19240.1386
29	38	19299.5325
29	39	19360.3071
29	40	19422.4487
29	41	19485.943
29	42	19550.7753
29	43	19616.9308
29	44	19684.3942
29	45	19753.15
29	46	19823.1822
29	47	19894.4746
29	48	19967.0107
29	49	20040.7734
29	50	20115.7457
29	51	20191.9099
29	52	20269.248
29	53	20347.7419
29	54	20427.3729
29	55	20508.1219
29	56	20589.9698
29	57	20672.8967
29	58	20756.8827
29	59	20841.9072
29	60	20927.9494
29	61	21014.9881
29	62	21103.0017
29	63	21191.9681
29	64	21281.8649
29	65	21372.6691
29	66	21464.3575
29	67	21556.9061
29	68	21650.2907
29	69	21744.4865
29	70	21839.4682
29	71	21935.2099
29	72	22031.6853
29	73	22128.8672
29	74	22226.7281
29	75	22325.2396
29	76	22424.3727
29	77	22524.0976
29	78	22624.3839
29	79	22725.2003
29	80	22826.5144
29	81	22928.2931
29	82	23030.5022
29	83	23133.1065
29	84	23236.0696
29	85	23339.3537
29	86	23442.9197
29	87	23546.727
29	88	23650.7335
29	89	23754.8949
29	90	23859.1653
29	91	23963.4963
29	92	24067.8371
29	93	24172.1343
29	94	24276.3311
29	95	24380.3673
29	96	24484.1786
29	97	24587.6961
29	98	24690.8453
29	99	24793.5454
30	0	18550.1381
30	1	18551.7572
30	2	18554.995
30	3	18559.8507
30	4	18566.3232
30	5	18574.411
30	6	18584.1121
30	7	18595.4243
30	8	18608.3448
30	9	18622.8706
30	10	18638.9983
30	11	18656.724
30	12	18676.0435
30	13	18696.9524
30	14	18719.4455
30	15	18743.5177
30	16	18769.1631
30	17	18796.3757
30	18	18825.1492
30	19	18855.4766
30	20	18887.3508
30	21	18920.7642
30	22	18955.709
30	23	18992.1768
30	24	19030.1591
30	25	19069.6468
30	26	19110.6305
30	27	19153.1006
30	28	19197.047
30	29	19242.4592
30	30	19289.3265
30	31	19337.6378
30	32	19387.3816
30	33	19438.546
30	34	19491.1189
30	35	19545.0877
30	36	19600.4397
30	37	19657.1614
30	38	19715.2395
30	39	19774.66
30	40	19835.4086
30	41	19897.4708
30	42	19960.8315
30	43	20025.4755
30	44	20091.3873
30	45	20158.5506
30	46	20226.9494
30	47	20296.5667
30	48	20367.3857
30	49	20439.3889
30	50	20512.5586
30	51	20586.8766
30	52	20662.3244
30	53	20738.8833
30	54	20816.5339
30	55	20895.2567
30	56	20975.0317
30	57	21055.8384
30	58	21137.6561
30	59	21220.4635
30	60	21304.2391
30	61	21388.9607
30	62	21474.6057
30	63	21561.1513
30	64	21648.574
30	65	21736.8497
30	66	21825.9541
30	67	21915.8621
30	68	22006.5482
30	69	22097.9863
30	70	22190.1497
30	71	22283.0109
30	72	22376.5421
30	73	22470.7144
30	74	22565.4985
30	75	22660.8642
30	76	22756.7802
30	77	22853.2147
30	78	22950.1348
30	79	23047.5065
30	80	23145.2948
30	81	23243.4635
30	82	23341.9752
30	83	23440.7909
30	84	23539.8703
30	85	23639.1715
30	86	23738.6506
30	87	23838.2618
30	88	23937.957
30	89	24037.6857
30	90	24137.3946
30	91	24237.0273
30	92	24336.5238
30	93	24435.82
30	94	24534.8471
30	95	24633.5309
30	96	24731.7907
30	97	24829.5382
31	0	18977.5441
31	1	18979.1293
31	2	18982.2991
31	3	18987.053
31	4	18993.3896
31	5	19001.3075
31	6	19010.8046
31	7	19021.8787
31	8	19034.527
31	9	19048.7464
31	10	19064.5333
31	11	19081.884
31	12	19100.7941
31	13	19121.2589
31	14	19143.2735
31	15	19166.8323
31	16	19191.9296
31	17	19218.5592
31	18	19246.7146
31	19	19276.3887
31	20	19307.5742
31	21	19340.2635
31	22	19374.4485
31	23	19410.1207
31	24	19447.2714
31	25	19485.8913
31	26	19525.9709
31	27	19567.5002
31	28	19610.4691
31	29	19654.8667
31	30	19700.6822
31	31	19747.9041
31	32	19796.5207
31	33	19846.5198
31	34	19897.8892
31	35	19950.6158
31	36	20004.6865
31	37	20060.0879
31	38	20116.8059
31	39	20174.8264
31	40	20234.1346
31	41	20294.7157
31	42	20356.5542
31	43	20419.6345
31	44	20483.9405
31	45	20549.4558
31	46	20616.1634
31	47	20684.0464
31	48	20753.0869
31	49	20823.2672
31	50	20894.5689
31	51	20966.9733
31	52	21040.4612
31	53	21115.0132
31	54	21190.6093
31	55	21267.2291
31	56	21344.852
31	57	21423.4567
31	58	21503.0215
31	59	21583.5244
31	60	21664.9427
31	61	21747.2535
31	62	21830.4332
31	63	21914.4576
31	64	21999.3022
31	65	22084.9417
31	66	22171.3504
31	67	22258.5018
31	68	22346.369
31	69	22434.9243
31	70	22524.1392
31	71	22613.9846
31	72	22704.4306
31	73	22795.4463
31	74	22887.0001
31	75	22979.0595
31	76	23071.5906
31	77	23164.5589
31	78	23257.9283
31	79	23351.6616
31	80	23445.7203
31	81	23540.0642
31	82	23634.6515
31	83	23729.4387
31	84	23824.3801
31	85	23919.4279
31	86	24014.5319
31	87	24109.6388
31	88	24204.6926
31	89	24299.6333
31	90	24394.3971
31	91	24488.9154
31	92	24583.1139
31	93	24676.9121
31	94	24770.2215
32	0	19391.359
32	1	19392.9091
32	2	19396.0089
32	3	19400.6576
32	4	19406.854
32	5	19414.5965
32	6	19423.8831
32	7	19434.7115
32	8	19447.0788
32	9	19460.9819
32	10	19476.4172
32	11	19493.3808
32	12	19511.8682
32	13	19531.8747
32	14	19553.3952
32	15	19576.4241
32	16	19600.9555
32	17	19626.9831
32	18	19654.5002
32	19	19683.4997
32	20	19713.9741
32	21	19745.9156
32	22	19779.3158
32	23	19814.1663
32	24	19850.4579
32	25	19888.1813
32	26	19927.3267
32	27	19967.884
32	28	20009.8426
32	29	20053.1917
32	30	20097.92
32	31	20144.0157
32	32	20191.467
32	33	20240.2613
32	34	20290.3859
32	35	20341.8277
32	36	20394.5731
32	37	20448.6083
32	38	20503.9188
32	39	20560.4902
32	40	20618.3074
32	41	20677.3549
32	42	20737.6169
32	43	20799.0774
32	44	20861.7196
32	45	20925.5267
32	46	20990.4813
32	47	21056.5656
32	48	21123.7615
32	49	21192.0504
32	50	21261.4134
32	51	21331.831
32	52	21403.2834
32	53	21475.7502
32	54	21549.2109
32	55	21623.6442
32	56	21699.0285
32	57	21775.3416
32	58	21852.5608
32	59	21930.6632
32	60	22009.6249
32	61	22089.4217
32	62	22170.029
32	63	22251.4212
32	64	22333.5723
32	65	22416.4558
32	66	22500.0441
32	67	22584.3094
32	68	22669.2227
32	69	22754.7545
32	70	22840.8742
32	71	22927.5504
32	72	23014.7509
32	73	23102.4423
32	74	23190.5901
32	75	23279.1586
32	76	23368.1109
32	77	23457.4088
32	78	23547.0122
32	79	23636.8797
32	80	23726.9679
32	81	23817.2315
32	82	23907.6227
32	83	23998.0915
32	84	24088.585
32	85	24179.047
32	86	24269.4178
32	87	24359.6336
32	88	24449.6258
32	89	24539.3202
32	90	24628.636
32	91	24717.4845
33	0	19791.3071
33	1	19792.821
33	2	19795.8484
33	3	19800.3885
33	4	19806.44
33	5	19814.0014
33	6	19823.0706
33	7	19833.6452
33	8	19845.7223
33	9	19859.2987
33	10	19874.3707
33	11	19890.9343
33	12	19908.985
33	13	19928.518
33	14	19949.528
33	15	19972.0094
33	16	19995.956
33	17	20021.3615
33	18	20048.219
33	19	20076.5212
33	20	20106.2606
33	21	20137.4289
33	22	20170.0179
33	23	20204.0187
33	24	20239.422
33	25	20276.2183
33	26	20314.3975
33	27	20353.9493
33	28	20394.8629
33	29	20437.1271
33	30	20480.7303
33	31	20525.6605
33	32	20571.9055
33	33	20619.4525
33	34	20668.2884
33	35	20718.3996
33	36	20769.7722
33	37	20822.392
33	38	20876.2443
33	39	20931.3138
33	40	20987.5852
33	41	21045.0426
33	42	21103.6696
33	43	21163.4495
33	44	21224.3652
33	45	21286.3992
33	46	21349.5335
33	47	21413.7497
33	48	21479.029
33	49	21545.352
33	50	21612.6992
33	51	21681.0502
33	52	21750.3843
33	53	21820.6806
33	54	21891.9172
33	55	21964.0721
33	56	22037.1226
33	57	22111.0453
33	58	22185.8167
33	59	22261.4121
33	60	22337.8068
33	61	22414.975
33	62	22492.8906
33	63	22571.5264
33	64	22650.855
33	65	22730.8477
33	66	22811.4753
33	67	22892.7077
33	68	22974.5139
33	69	23056.8618
33	70	23139.7183
33	71	23223.0494
33	72	23306.8195
33	73	23390.9921
33	74	23475.5289
33	75	23560.3905
33	76	23645.5355
33	77	23730.9208
33	78	23816.5012
33	79	23902.2292
33	80	23988.0549
33	81	24073.9255
33	82	24159.785
33	83	24245.5737
33	84	24331.2277
33	85	24416.6783
33	86	24501.8511
33	87	24586.6649
33	88	24671.0305
34	0	20177.0966
34	1	20178.5731
34	2	20181.5257
34	3	20185.9535
34	4	20191.8553
34	5	20199.2294
34	6	20208.0738
34	7	20218.3859
34	8	20230.1629
34	9	20243.4015
34	10	20258.0979
34	11	20274.2479
34	12	20291.847
34	13	20310.8903
34	14	20331.3724
34	15	20353.2874
34	16	20376.6291
34	17	20401.3911
34	18	20427.5662
34	19	20455.147
34	20	20484.1256
34	21	20514.494
34	22	20546.2433
34	23	20579.3646
34	24	20613.8484
34	25	20649.6848
34	26	20686.8636
34	27	20725.3741
34	28	20765.2052
34	29	20806.3455
34	30	20848.783
34	31	20892.5055
34	32	20937.5003
34	33	20983.7543
34	34	21031.2538
34	35	21079.9852
34	36	21129.9339
34	37	21181.0852
34	38	21233.424
34	39	21286.9346
34	40	21341.6011
34	41	21397.407
34	42	21454.3354
34	43	21512.3689
34	44	21571.4899
34	45	21631.6801
34	46	21692.9209
34	47	21755.193
34	48	21818.477
34	49	21882.7526
34	50	21947.9993
34	51	22014.196
34	52	22081.321
34	53	22149.3522
34	54	22218.2668
34	55	22288.0415
34	56	22358.6525
34	57	22430.0751
34	58	22502.2842
34	59	22575.254
34	60	22648.9579
34	61	22723.3686
34	62	22798.4579
34	63	22874.1972
34	64	22950.5564
34	65	23027.5051
34	66	23105.0114
34	67	23183.0427
34	68	23261.5651
34	69	23340.5435
34	70	23419.9416
34	71	23499.7214
34	72	23579.8437
34	73	23660.2673
34	74	23740.9493
34	75	23821.8447
34	76	23902.9061
34	77	23984.0838
34	78	24065.3249
34	79	24146.5735
34	80	24227.77
34	81	24308.8502
34	82	24389.7452
34	83	24470.3802
34	84	24550.6735
34	85	24630.535
34	86	24709.8643
35	0	20548.4182
35	1	20549.856
35	2	20552.7311
35	3	20557.0427
35	4	20562.7895
35	5	20569.9698
35	6	20578.5815
35	7	20588.6221
35	8	20600.0884
35	9	20612.9773
35	10	20627.2848
35	11	20643.0067
35	12	20660.1383
35	13	20678.6745
35	14	20698.6098
35	15	20719.9384
35	16	20742.6537
35	17	20766.7491
35	18	20792.2174
35	19	20819.0508
35	20	20847.2415
35	21	20876.7809
35	22	20907.6601
35	23	20939.8699
35	24	20973.4006
35	25	21008.2419
35	26	21044.3834
35	27	21081.8141
35	28	21120.5225
35	29	21160.4969
35	30	21201.7249
35	31	21244.1941
35	32	21287.8911
35	33	21332.8026
35	34	21378.9145
35	35	21426.2125
35	36	21474.6817
35	37	21524.3069
35	38	21575.0724
35	39	21626.962
35	40	21679.959
35	41	21734.0465
35	42	21789.2068
35	43	21845.422
35	44	21902.6735
35	45	21960.9423
35	46	22020.209
35	47	22080.4536
35	48	22141.6555
35	49	22203.7936
35	50	22266.8463
35	51	22330.7915
35	52	22395.6063
35	53	22461.2674
35	54	22527.7507
35	55	22595.0315
35	56	22663.0844
35	57	22731.8833
35	58	22801.4015
35	59	22871.6111
35	60	22942.4837
35	61	23013.99
35	62	23086.0995
35	63	23158.7811
35	64	23232.0022
35	65	23305.7293
35	66	23379.9277
35	67	23454.5613
35	68	23529.5925
35	69	23604.9822
35	70	23680.6895
35	71	23756.6717
35	72	23832.8838
35	73	23909.2788
35	74	23985.8068
35	75	24062.4151
35	76	24139.0475
35	77	24215.6443
35	78	24292.1411
35	79	24368.4685
35	80	24444.5512
35	81	24520.3065
35	82	24595.6431
35	83	24670.4588
36	0	20904.9432
36	1	20906.3408
36	2	20909.1356
36	3	20913.3268
36	4	20918.913
36	5	20925.8924
36	6	20934.263
36	7	20944.022
36	8	20955.1665
36	9	20967.6929
36	10	20981.5973
36	11	20996.8753
36	12	21013.5222
36	13	21031.5328
36	14	21050.9013
36	15	21071.6217
36	16	21093.6874
36	17	21117.0915
36	18	21141.8266
36	19	21167.8849
36	20	21195.258
36	21	21223.9372
36	22	21253.9135
36	23	21285.1773
36	24	21317.7185
36	25	21351.5267
36	26	21386.591
36	27	21422.9001
36	28	21460.4423
36	29	21499.2052
36	30	21539.1763
36	31	21580.3425
36	32	21622.6902
36	33	21666.2055
36	34	21710.8737
36	35	21756.6802
36	36	21803.6094
36	37	21851.6454
36	38	21900.7721
36	39	21950.9725
36	40	22002.2294
36	41	22054.5249
36	42	22107.8407
36	43	22162.158
36	44	22217.4575
36	45	22273.7192
36	46	22330.9226
36	47	22389.0468
36	48	22448.0702
36	49	22507.9704
36	50	22568.7247
36	51	22630.3095
36	52	22692.7007
36	53	22755.8734
36	54	22819.802
36	55	22884.4601
36	56	22949.8204
36	57	23015.855
36	58	23082.5348
36	59	23149.83
36	60	23217.7096
36	61	23286.1415
36	62	23355.0926
36	63	23424.5284
36	64	23494.413
36	65	23564.7092
36	66	23635.378
36	67	23706.3789
36	68	23777.6692
36	69	23849.2041
36	70	23920.9367
36	71	23992.8169
36	72	24064.7922
36	73	24136.8061
36	74	24208.7985
36	75	24280.7048
36	76	24352.4548
36	77	24423.9723
36	78	24495.1734
36	79	24565.9649
36	80	24636.2423
37	0	21246.3206
37	1	21247.6766
37	2	21250.3881
37	3	21254.4543
37	4	21259.8738
37	5	21266.6448
37	6	21274.7651
37	7	21284.232
37	8	21295.0423
37	9	21307.1925
37	10	21320.6784
37	11	21335.4957
37	12	21351.6395
37	13	21369.1042
37	14	21387.8841
37	15	21407.973
37	16	21429.364
37	17	21452.05
37	18	21476.0235
37	19	21501.2762
37	20	21527.7997
37	21	21555.5851
37	22	21584.6228
37	23	21614.9029
37	24	21646.4153
37	25	21679.1489
37	26	21713.0927
37	27	21748.2348
37	28	21784.5632
37	29	21822.065
37	30	21860.7273
37	31	21900.5364
37	32	21941.4783
37	33	21983.5384
37	34	22026.7017
37	35	22070.9526
37	36	22116.2751
37	37	22162.6527
37	38	22210.0683
37	39	22258.5044
37	40	22307.9428
37	41	22358.3649
37	42	22409.7514
37	43	22462.0825
37	44	22515.338
37	45	22569.4967
37	46	22624.5371
37	47	22680.437
37	48	22737.1733
37	49	22794.7225
37	50	22853.0602
37	51	22912.1613
37	52	22972
37	53	23032.5495
37	54	23093.7822
37	55	23155.6696
37	56	23218.1822
37	57	23281.2895
37	58	23344.9598
37	59	23409.1603
37	60	23473.8569
37	61	23539.0139
37	62	23604.5944
37	63	23670.5597
37	64	23736.8692
37	65	23803.4806
37	66	23870.3491
37	67	23937.4277
37	68	24004.6664
37	69	24072.0123
37	70	24139.4087
37	71	24206.7952
37	72	24274.1063
37	73	24341.2711
37	74	24408.212
37	75	24474.8434
37	76	24541.0698
37	77	24606.7833
38	0	21572.1749
38	1	21573.4876
38	2	21576.1126
38	3	21580.0489
38	4	21585.2951
38	5	21591.8495
38	6	21599.7096
38	7	21608.8728
38	8	21619.3357
38	9	21631.0947
38	10	21644.1456
38	11	21658.4838
38	12	21674.1042
38	13	21691.0013
38	14	21709.169
38	15	21728.6008
38	16	21749.2899
38	17	21771.2287
38	18	21794.4095
38	19	21818.8238
38	20	21844.4628
38	21	21871.3173
38	22	21899.3775
38	23	21928.6331
38	24	21959.0734
38	25	21990.6872
38	26	22023.4629
38	27	22057.3882
38	28	22092.4506
38	29	22128.6368
38	30	22165.9331
38	31	22204.3255
38	32	22243.7993
38	33	22284.3392
38	34	22325.9296
38	35	22368.5542
38	36	22412.1962
38	37	22456.8383
38	38	22502.4625
38	39	22549.0505
38	40	22596.583
38	41	22645.0405
38	42	22694.4026
38	43	22744.6484
38	44	22795.7562
38	45	22847.7038
38	46	22900.4681
38	47	22954.0254
38	48	23008.3512
38	49	23063.42
38	50	23119.2058
38	51	23175.6813
38	52	23232.8185
38	53	23290.5885
38	54	23348.961
38	55	23407.9048
38	56	23467.3874
38	57	23527.375
38	58	23587.8324
38	59	23648.7227
38	60	23710.0076
38	61	23771.6467
38	62	23833.5975
38	63	23895.8155
38	64	23958.2534
38	65	24020.8612
38	66	24083.5855
38	67	24146.3695
38	68	24209.1516
38	69	24271.8657
38	70	24334.4396
38	71	24396.7939
38	72	24458.8406
38	73	24520.4811
39	0	21882.1023
39	1	21883.37
39	2	21885.9048
39	3	21889.7058
39	4	21894.7717
39	5	21901.1004
39	6	21908.6896
39	7	21917.5364
39	8	21927.6375
39	9	21938.9891
39	10	21951.5868
39	11	21965.4259
39	12	21980.501
39	13	21996.8065
39	14	22014.3361
39	15	22033.0831
39	16	22053.0404
39	17	22074.2001
39	18	22096.5542
39	19	22120.0939
39	20	22144.8102
39	21	22170.6933
39	22	22197.7331
39	23	22225.919
39	24	22255.2398
39	25	22285.6838
39	26	22317.2389
39	27	22349.8924
39	28	22383.631
39	29	22418.441
39	30	22454.3082
39	31	22491.2176
39	32	22529.1539
39	33	22568.1012
39	34	22608.043
39	35	22648.9621
39	36	22690.8408
39	37	22733.6609
39	38	22777.4035
39	39	22822.0489
39	40	22867.5768
39	41	22913.9665
39	42	22961.1962
39	43	23009.2436
39	44	23058.0856
39	45	23107.6982
39	46	23158.0566
39	47	23209.1352
39	48	23260.9074
39	49	23313.3458
39	50	23366.4216
39	51	23420.1052
39	52	23474.3658
39	53	23529.1712
39	54	23584.4879
39	55	23640.281
39	56	23696.5139
39	57	23753.1484
39	58	23810.1441
39	59	23867.4587
39	60	23925.0476
39	61	23982.8634
39	62	24040.8556
39	63	24098.9706
39	64	24157.1506
39	65	24215.3333
39	66	24273.4512
39	67	24331.4303
39	68	24389.1889
39	69	24446.6358
39	70	24503.6676
40	0	22175.667
40	1	22176.8876
40	2	22179.3284
40	3	22182.9883
40	4	22187.8659
40	5	22193.9591
40	6	22201.2656
40	7	22209.7823
40	8	22219.5057
40	9	22230.4319
40	10	22242.5564
40	11	22255.8743
40	12	22270.3801
40	13	22286.0677
40	14	22302.9308
40	15	22320.9623
40	16	22340.1547
40	17	22360.5001
40	18	22381.99
40	19	22404.6152
40	20	22428.3663
40	21	22453.2331
40	22	22479.2052
40	23	22506.2713
40	24	22534.4198
40	25	22563.6385
40	26	22593.9145
40	27	22625.2347
40	28	22657.5852
40	29	22690.9514
40	30	22725.3183
40	31	22760.6704
40	32	22796.9914
40	33	22834.2644
40	34	22872.472
40	35	22911.596
40	36	22951.6178
40	37	22992.5177
40	38	23034.2755
40	39	23076.8705
40	40	23120.2809
40	41	23164.4842
40	42	23209.4571
40	43	23255.1755
40	44	23301.6144
40	45	23348.7476
40	46	23396.5482
40	47	23444.9882
40	48	23494.0382
40	49	23543.6678
40	50	23593.8453
40	51	23644.5374
40	52	23695.7096
40	53	23747.3255
40	54	23799.3468
40	55	23851.7334
40	56	23904.4428
40	57	23957.4303
40	58	24010.6481
40	59	24064.0453
40	60	24117.5675
40	61	24171.156
40	62	24224.7473
40	63	24278.2719
40	64	24331.6535
40	65	24384.807
40	66	24437.6367
40	67	24490.033
41	0	22452.3963
41	1	22453.5677
41	2	22455.9101
41	3	22459.4224
41	4	22464.103
41	5	22469.9499
41	6	22476.9605
41	7	22485.1317
41	8	22494.4599
41	9	22504.9409
41	10	22516.5701
41	11	22529.3424
41	12	22543.2519
41	13	22558.2925
41	14	22574.4574
41	15	22591.7392
41	16	22610.1303
41	17	22629.6222
41	18	22650.2059
41	19	22671.8721
41	20	22694.6107
41	21	22718.4111
41	22	22743.2623
41	23	22769.1525
41	24	22796.0694
41	25	22824.0002
41	26	22852.9315
41	27	22882.8492
41	28	22913.7386
41	29	22945.5845
41	30	22978.3708
41	31	23012.081
41	32	23046.6979
41	33	23082.2035
41	34	23118.5792
41	35	23155.8055
41	36	23193.8623
41	37	23232.7286
41	38	23272.3827
41	39	23312.802
41	40	23353.963
41	41	23395.8412
41	42	23438.4113
41	43	23481.6466
41	44	23525.5197
41	45	23570.0017
41	46	23615.0627
41	47	23660.6712
41	48	23706.7944
41	49	23753.3978
41	50	23800.4453
41	51	23847.8987
41	52	23895.7177
41	53	23943.86
41	54	23992.2801
41	55	24040.93
41	56	24089.758
41	57	24138.7087
41	58	24187.7219
41	59	24236.7323
41	60	24285.668
41	61	24334.449
41	62	24382.9859
41	63	24431.1763
41	64	24478.9014
42	0	22711.7745
42	1	22712.8944
42	2	22715.1335
42	3	22718.4909
42	4	22722.9648
42	5	22728.5532
42	6	22735.2533
42	7	22743.0619
42	8	22751.9753
42	9	22761.989
42	10	22773.0981
42	11	22785.2973
42	12	22798.5806
42	13	22812.9414
42	14	22828.3726
42	15	22844.8666
42	16	22862.415
42	17	22881.0092
42	18	22900.6397
42	19	22921.2965
42	20	22942.9692
42	21	22965.6464
42	22	22989.3166
42	23	23013.9672
42	24	23039.5853
42	25	23066.1573
42	26	23093.6688
42	27	23122.1049
42	28	23151.4499
42	29	23181.6875
42	30	23212.8008
42	31	23244.7718
42	32	23277.582
42	33	23311.2121
42	34	23345.642
42	35	23380.8506
42	36	23416.8161
42	37	23453.5156
42	38	23490.9254
42	39	23529.0205
42	40	23567.7752
42	41	23607.1622
42	42	23647.1534
42	43	23687.7191
42	44	23728.8282
42	45	23770.4481
42	46	23812.5446
42	47	23855.0816
42	48	23898.0209
42	49	23941.3221
42	50	23984.9424
42	51	24028.836
42	52	24072.9539
42	53	24117.2435
42	54	24161.6479
42	55	24206.105
42	56	24250.5466
42	57	24294.8972
42	58	24339.0722
42	59	24382.975
42	60	24426.4938
43	0	22953.2357
43	1	22954.3012
43	2	22956.4316
43	3	22959.6259
43	4	22963.8822
43	5	22969.1984
43	6	22975.5715
43	7	22982.9982
43	8	22991.4745
43	9	23000.9957
43	10	23011.5568
43	11	23023.152
43	12	23035.775
43	13	23049.4189
43	14	23064.0761
43	15	23079.7386
43	16	23096.3976
43	17	23114.0438
43	18	23132.6673
43	19	23152.2574
43	20	23172.8029
43	21	23194.2919
43	22	23216.712
43	23	23240.0498
43	24	23264.2915
43	25	23289.4224
43	26	23315.4273
43	27	23342.2899
43	28	23369.9935
43	29	23398.5204
43	30	23427.8522
43	31	23457.9695
43	32	23488.8521
43	33	23520.4789
43	34	23552.8278
43	35	23585.8756
43	36	23619.5982
43	37	23653.9703
43	38	23688.9652
43	39	23724.5551
43	40	23760.7108
43	41	23797.4016
43	42	23834.5949
43	43	23872.2568
43	44	23910.3509
43	45	23948.8391
43	46	23987.6805
43	47	24026.8318
43	48	24066.2463
43	49	24105.874
43	50	24145.6605
43	51	24185.5468
43	52	24225.4679
43	53	24265.3518
43	54	24305.1177
43	55	24344.6733
43	56	24383.9117
44	0	23176.1534
44	1	23177.1615
44	2	23179.177
44	3	23182.1988
44	4	23186.225
44	5	23191.2533
44	6	23197.2805
44	7	23204.3032
44	8	23212.317
44	9	23221.3171
44	10	23231.298
44	11	23242.2536
44	12	23254.1772
44	13	23267.0615
44	14	23280.8983
44	15	23295.6791
44	16	23311.3945
44	17	23328.0346
44	18	23345.5887
44	19	23364.0454
44	20	23383.3926
44	21	23403.6176
44	22	23424.7069
44	23	23446.6461
44	24	23469.4203
44	25	23493.0135
44	26	23517.409
44	27	23542.5894
44	28	23568.5361
44	29	23595.2299
44	30	23622.6503
44	31	23650.776
44	32	23679.5846
44	33	23709.0525
44	34	23739.155
44	35	23769.866
44	36	23801.1581
44	37	23833.0023
44	38	23865.3682
44	39	23898.2235
44	40	23931.5339
44	41	23965.2632
44	42	23999.3727
44	43	24033.8209
44	44	24068.5635
44	45	24103.5526
44	46	24138.7363
44	47	24174.058
44	48	24209.4552
44	49	24244.8586
44	50	24280.1902
44	51	24315.3607
44	52	24350.2658
44	53	24384.7802
45	0	23379.8286
45	1	23380.7756
45	2	23382.669
45	3	23385.5074
45	4	23389.289
45	5	23394.0112
45	6	23399.6707
45	7	23406.2636
45	8	23413.7854
45	9	23422.2309
45	10	23431.5941
45	11	23441.8687
45	12	23453.0472
45	13	23465.1218
45	14	23478.0839
45	15	23491.924
45	16	23506.6322
45	17	23522.1976
45	18	23538.6087
45	19	23555.853
45	20	23573.9175
45	21	23592.7882
45	22	23612.4503
45	23	23632.8881
45	24	23654.0851
45	25	23676.0238
45	26	23698.6856
45	27	23722.0511
45	28	23746.0997
45	29	23770.8096
45	30	23796.158
45	31	23822.1205
45	32	23848.6716
45	33	23875.7843
45	34	23903.4299
45	35	23931.5779
45	36	23960.1962
45	37	23989.2501
45	38	24018.703
45	39	24048.5154
45	40	24078.6449
45	41	24109.0455
45	42	24139.6673
45	43	24170.4556
45	44	24201.3499
45	45	24232.2827
45	46	24263.1774
45	47	24293.9459
45	48	24324.4842
45	49	24354.6653
46	0	23563.4721
46	1	23564.3538
46	2	23566.1165
46	3	23568.7588
46	4	23572.2786
46	5	23576.6731
46	6	23581.9388
46	7	23588.0715
46	8	23595.0663
46	9	23602.9174
46	10	23611.6185
46	11	23621.1625
46	12	23631.5414
46	13	23642.7466
46	14	23654.7687
46	15	23667.5973
46	16	23681.2215
46	17	23695.6294
46	18	23710.8082
46	19	23726.7442
46	20	23743.4228
46	21	23760.8286
46	22	23778.9449
46	23	23797.7543
46	24	23817.238
46	25	23837.3763
46	26	23858.1481
46	27	23879.531
46	28	23901.5015
46	29	23924.0342
46	30	23947.1024
46	31	23970.6775
46	32	23994.7289
46	33	24019.2242
46	34	24044.1281
46	35	24069.4032
46	36	24095.0085
46	37	24120.8999
46	38	24147.0288
46	39	24173.3418
46	40	24199.7797
46	41	24226.2753
46	42	24252.7522
46	43	24279.1208
46	44	24305.2732
46	45	24331.0736
47	0	23726.1814
47	1	23726.9926
47	2	23728.6143
47	3	23731.0448
47	4	23734.282
47	5	23738.3228
47	6	23743.1631
47	7	23748.7985
47	8	23755.2235
47	9	23762.4317
47	10	23770.4162
47	11	23779.1689
47	12	23788.6812
47	13	23798.9434
47	14	23809.9449
47	15	23821.6743
47	16	23834.1191
47	17	23847.266
47	18	23861.1004
47	19	23875.6071
47	20	23890.7692
47	21	23906.569
47	22	23922.9875
47	23	23940.0042
47	24	23957.5975
47	25	23975.7439
47	26	23994.4185
47	27	24013.5946
47	28	24033.2434
47	29	24053.3339
47	30	24073.8327
47	31	24094.7036
47	32	24115.9072
47	33	24137.4004
47	34	24159.1355
47	35	24181.0596
47	36	24203.113
47	37	24225.2275
47	38	24247.3236
47	39	24269.3058
47	40	24291.0539
48	0	23866.9056
48	1	23867.6399
48	2	23869.1076
48	3	23871.307
48	4	23874.2355
48	5	23877.8896
48	6	23882.265
48	7	23887.3563
48	8	23893.1576
48	9	23899.6615
48	10	23906.8602
48	11	23914.7445
48	12	23923.3045
48	13	23932.5291
48	14	23942.4061
48	15	23952.9224
48	16	23964.0635
48	17	23975.8137
48	18	23988.1561
48	19	24001.0724
48	20	24014.5427
48	21	24028.5457
48	22	24043.0582
48	23	24058.0552
48	24	24073.5096
48	25	24089.3918
48	26	24105.6699
48	27	24122.3087
48	28	24139.2695
48	29	24156.5094
48	30	24173.9807
48	31	24191.6291
48	32	24209.3923
48	33	24227.197
48	34	24244.9542
48	35	24262.5496
49	0	23984.3932
49	1	23985.0421
49	2	23986.3388
49	3	23988.2815
49	4	23990.8669
49	5	23994.0912
49	6	23997.9491
49	7	24002.4346
49	8	24007.5403
49	9	24013.258
49	10	24019.5781
49	11	24026.4898
49	12	24033.9813
49	13	24042.0392
49	14	24050.6488
49	15	24059.794
49	16	24069.457
49	17	24079.6183
49	18	24090.2565
49	19	24101.3484
49	20	24112.8681
49	21	24124.7872
49	22	24137.0745
49	23	24149.6951
49	24	24162.61
49	25	24175.7749
49	26	24189.1392
49	27	24202.6433
49	28	24216.2158
49	29	24229.7661
49	30	24243.1704
50	0	24077.1033
50	1	24077.6548
50	2	24078.7566
50	3	24080.4062
50	4	24082.6
50	5	24085.3327
50	6	24088.5982
50	7	24092.3888
50	8	24096.6953
50	9	24101.5071
50	10	24106.8122
50	11	24112.5966
50	12	24118.8448
50	13	24125.5392
50	14	24132.6601
50	15	24140.1853
50	16	24148.0898
50	17	24156.3456
50	18	24164.9205
50	19	24173.7779
50	20	24182.8751
50	21	24192.1613
50	22	24201.5742
50	23	24211.0343
50	24	24220.4328
50	25	24229.6108
51	0	24143.0376
51	1	24143.4726
51	2	24144.3408
51	3	24145.6389
51	4	24147.3615
51	5	24149.5016
51	6	24152.0502
51	7	24154.9961
51	8	24158.326
51	9	24162.0239
51	10	24166.071
51	11	24170.4454
51	12	24175.121
51	13	24180.0671
51	14	24185.2474
51	15	24190.6184
51	16	24196.1285
51	17	24201.7174
51	18	24207.319
51	19	24212.8696
51	20	24218.3237
51	21	24223.6706
51	22	24228.9419
51	23	24234.2071
51	24	24239.5697
51	25	24245.1785
51	26	24251.2565
51	27	24258.0821
51	28	24265.7967
51	29	24274.2678
51	30	24283.3602
51	31	24293.2722
52	0	24179.7573
52	1	24180.0477
52	2	24180.6264
52	3	24181.489
52	4	24182.6295
52	5	24184.0397
52	6	24185.7099
52	7	24187.6291
52	8	24189.7858
52	9	24192.1683
52	10	24194.7659
52	11	24197.5701
52	12	24200.576
52	13	24203.7836
52	14	24207.1995
52	15	24210.8389
52	16	24214.7273
52	17	24218.9018
52	18	24223.4097
52	19	24228.3024
52	20	24233.6235
52	21	24239.398
52	22	24245.6338
52	23	24252.3437
52	24	24259.5842
52	25	24267.5261
53	0	24198.5061
53	1	24198.7716
53	2	24199.3034
53	3	24200.103
53	4	24201.1728
53	5	24202.5159
53	6	24204.1368
53	7	24206.0406
53	8	24208.2339
53	9	24210.724
53	10	24213.5198
53	11	24216.631
53	12	24220.0694
53	13	24223.8496
53	14	24227.9916
53	15	24232.5252
53	16	24237.4992
53	17	24243.0026
53	18	24249.2148
