0	0	726.86
0	1	729.7509
0	2	735.5325
0	3	744.2047
0	4	755.7669
0	5	770.2186
0	6	787.5591
0	7	807.7877
0	8	830.9032
0	9	856.9046
0	10	885.7906
0	11	917.56
0	12	952.211
0	13	989.7421
0	14	1030.1514
0	15	1073.4371
0	16	1119.5969
0	17	1168.6288
0	18	1220.5303
0	19	1275.2989
0	20	1332.932
0	21	1393.4267
0	22	1456.7803
0	23	1522.9896
0	24	1592.0514
0	25	1663.9623
0	26	1738.719
0	27	1816.3177
0	28	1896.7548
0	29	1980.0263
0	30	2066.1281
0	31	2155.0562
0	32	2246.8061
0	33	2341.3735
0	34	2438.7537
0	35	2538.942
0	36	2641.9335
0	37	2747.7232
0	38	2856.3059
0	39	2967.6764
0	40	3081.8291
0	41	3198.7586
0	42	3318.459
0	43	3440.9246
0	44	3566.1493
0	45	3694.127
0	46	3824.8513
0	47	3958.3159
0	48	4094.5142
0	49	4233.4395
0	50	4375.0849
0	51	4519.4434
0	52	4666.5079
0	53	4816.2712
0	54	4968.7256
0	55	5123.8638
0	56	5281.678
0	57	5442.1603
0	58	5605.3028
0	59	5771.0973
0	60	5939.5355
0	61	6110.6089
0	62	6284.3091
0	63	6460.6272
0	64	6639.5545
0	65	6821.0818
0	66	7005.2001
0	67	7191.9
0	68	7381.1721
0	69	7573.0068
0	70	7767.3943
0	71	7964.3247
0	72	8163.788
0	73	8365.7739
0	74	8570.2722
0	75	8777.2723
0	76	8986.7636
0	77	9198.7353
0	78	9413.1764
0	79	9630.0758
0	80	9849.4223
0	81	10071.2045
0	82	10295.4107
0	83	10522.0293
0	84	10751.0483
0	85	10982.4558
0	86	11216.2395
0	87	11452.3871
0	88	11690.8861
0	89	11931.7237
0	90	12174.8872
0	91	12420.3636
0	92	12668.1395
0	93	12918.2019
0	94	13170.5371
0	95	13425.1314
0	96	13681.971
0	97	13941.042
0	98	14202.3301
0	99	14465.821
0	100	14731.5001
0	101	14999.3528
0	102	15269.3641
0	103	15541.5189
0	104	15815.8021
0	105	16092.1982
0	106	16370.6915
0	107	16651.2663
0	108	16933.9065
0	109	17218.5959
0	110	17505.3182
0	111	17794.0568
0	112	18084.7947
0	113	18377.5152
0	114	18672.2009
0	115	18968.8344
0	116	19267.3981
0	117	19567.8741
0	118	19870.2445
0	119	20174.4907
0	120	20480.5945
0	121	20788.5369
0	122	21098.299
0	123	21409.8615
0	124	21723.205
0	125	22038.3097
0	126	22355.1556
0	127	22673.7225
0	128	22993.9898
0	129	23315.9368
0	130	23639.5422
0	131	23964.7849
0	132	24291.643
0	133	24620.0946
0	134	24950.1173
0	135	25281.6887
0	136	25614.7858
0	137	25949.3851
0	138	26285.4632
0	139	26622.996
0	140	26961.9592
0	141	27302.3279
0	142	27644.0771
0	143	27987.1811
0	144	28331.6139
0	145	28677.3492
0	146	29024.3599
0	147	29372.6188
0	148	29722.0979
0	149	30072.7688
0	150	30424.6026
0	151	30777.5698
0	152	31131.6403
0	153	31486.7833
0	154	31842.9674
0	155	32200.1607
0	156	32558.3304
0	157	32917.4429
0	158	33277.464
0	159	33638.3584
0	160	34000.0901
0	161	34362.6223
0	162	34725.9168
0	163	35089.9346
0	164	35454.6356
0	165	35819.9784
0	166	36185.9202
0	167	36552.4171
0	168	36919.4234
0	169	37286.892
0	170	37654.7739
0	171	38023.0182
0	172	38391.5721
0	173	38760.3803
0	174	39129.3853
0	175	39498.5266
0	176	39867.7407
0	177	40236.9609
0	178	40606.1164
0	179	40975.1326
0	180	41343.9296
0	181	41712.4222
0	182	42080.5189
0	183	42448.1205
0	184	42815.1195
0	185	43181.3976
0	186	43546.8241
0	187	43911.2524
0	188	44274.5166
0	189	44636.4245
0	190	44996.7489
0	191	45355.211
0	192	45711.4506
0	193	46064.9673
0	194	46415.0264
0	195	46760.612
0	196	47100.8191
0	197	47435.7484
1	0	2159.6477
1	1	2162.502
1	2	2168.2107
1	3	2176.7733
1	4	2188.1895
1	5	2202.4586
1	6	2219.5801
1	7	2239.553
1	8	2262.3763
1	9	2288.049
1	10	2316.5698
1	11	2347.9373
1	12	2382.1499
1	13	2419.2059
1	14	2459.1036
1	15	2501.8409
1	16	2547.4158
1	17	2595.8261
1	18	2647.0692
1	19	2701.1428
1	20	2758.044
1	21	2817.7703
1	22	2880.3184
1	23	2945.6855
1	24	3013.8683
1	25	3084.8633
1	26	3158.6671
1	27	3235.276
1	28	3314.6862
1	29	3396.8938
1	30	3481.8948
1	31	3569.6848
1	32	3660.2595
1	33	3753.6145
1	34	3849.7451
1	35	3948.6464
1	36	4050.3136
1	37	4154.7416
1	38	4261.9252
1	39	4371.859
1	40	4484.5375
1	41	4599.9551
1	42	4718.106
1	43	4838.9842
1	44	4962.5837
1	45	5088.8984
1	46	5217.9217
1	47	5349.6472
1	48	5484.0683
1	49	5621.1782
1	50	5760.9699
1	51	5903.4364
1	52	6048.5704
1	53	6196.3645
1	54	6346.8113
1	55	6499.903
1	56	6655.6319
1	57	6813.99
1	58	6974.9691
1	59	7138.5611
1	60	7304.7576
1	61	7473.5499
1	62	7644.9294
1	63	7818.8872
1	64	7995.4144
1	65	8174.5018
1	66	8356.14
1	67	8540.3198
1	68	8727.0313
1	69	8916.265
1	70	9108.0108
1	71	9302.2588
1	72	9498.9987
1	73	9698.2201
1	74	9899.9126
1	75	10104.0654
1	76	10310.6677
1	77	10519.7086
1	78	10731.1768
1	79	10945.0611
1	80	11161.35
1	81	11380.0318
1	82	11601.0948
1	83	11824.5271
1	84	12050.3164
1	85	12278.4505
1	86	12508.9171
1	87	12741.7033
1	88	12976.7965
1	89	13214.1838
1	90	13453.8519
1	91	13695.7876
1	92	13939.9774
1	93	14186.4077
1	94	14435.0646
1	95	14685.9342
1	96	14939.0022
1	97	15194.2543
1	98	15451.676
1	99	15711.2525
1	100	15972.9689
1	101	16236.81
1	102	16502.7606
1	103	16770.8052
1	104	17040.9281
1	105	17313.1134
1	106	17587.345
1	107	17863.6065
1	108	18141.8816
1	109	18422.1534
1	110	18704.405
1	111	18988.6193
1	112	19274.7788
1	113	19562.8661
1	114	19852.8633
1	115	20144.7522
1	116	20438.5147
1	117	20734.1322
1	118	21031.5858
1	119	21330.8567
1	120	21631.9253
1	121	21934.7723
1	122	22239.3778
1	123	22545.7217
1	124	22853.7836
1	125	23163.5429
1	126	23474.9786
1	127	23788.0694
1	128	24102.7938
1	129	24419.13
1	130	24737.0556
1	131	25056.5481
1	132	25377.5847
1	133	25700.1421
1	134	26024.1967
1	135	26349.7245
1	136	26676.7011
1	137	27005.1016
1	138	27334.901
1	139	27666.0735
1	140	27998.593
1	141	28332.433
1	142	28667.5664
1	143	29003.9656
1	144	29341.6025
1	145	29680.4485
1	146	30020.4744
1	147	30361.6503
1	148	30703.9457
1	149	31047.3296
1	150	31391.7702
1	151	31737.2347
1	152	32083.69
1	153	32431.102
1	154	32779.4354
1	155	33128.6546
1	156	33478.7226
1	157	33829.6014
1	158	34181.2521
1	159	34533.6345
1	160	34886.7071
1	161	35240.4272
1	162	35594.7505
1	163	35949.6312
1	164	36305.0219
1	165	36660.8733
1	166	37017.134
1	167	37373.7505
1	168	37730.6671
1	169	38087.8251
1	170	38445.1632
1	171	38802.6168
1	172	39160.1174
1	173	39517.5929
1	174	39874.9662
1	175	40232.1552
1	176	40589.0716
1	177	40945.6202
1	178	41301.6977
1	179	41657.1908
1	180	42011.9748
1	181	42365.9107
1	182	42718.8414
1	183	43070.5874
1	184	43420.9391
1	185	43769.6453
1	186	44116.3943
1	187	44460.777
1	188	44802.2132
1	189	45139.8213
1	190	45472.329
1	191	45798.569
1	192	46118.4755
2	0	3564.0586
2	1	3566.8759
2	2	3572.5104
2	3	3580.9618
2	4	3592.2297
2	5	3606.3135
2	6	3623.2125
2	7	3642.9258
2	8	3665.4525
2	9	3690.7914
2	10	3718.9413
2	11	3749.9007
2	12	3783.6681
2	13	3820.2417
2	14	3859.6198
2	15	3901.8004
2	16	3946.7812
2	17	3994.5601
2	18	4045.1347
2	19	4098.5024
2	20	4154.6604
2	21	4213.606
2	22	4275.3362
2	23	4339.8479
2	24	4407.1377
2	25	4477.2023
2	26	4550.0382
2	27	4625.6416
2	28	4704.0087
2	29	4785.1355
2	30	4869.018
2	31	4955.6517
2	32	5045.0324
2	33	5137.1555
2	34	5232.0162
2	35	5329.6098
2	36	5429.9312
2	37	5532.9753
2	38	5638.7369
2	39	5747.2105
2	40	5858.3905
2	41	5972.2713
2	42	6088.8469
2	43	6208.1114
2	44	6330.0587
2	45	6454.6824
2	46	6581.9761
2	47	6711.9332
2	48	6844.547
2	49	6979.8106
2	50	7117.7169
2	51	7258.2588
2	52	7401.429
2	53	7547.22
2	54	7695.6241
2	55	7846.6336
2	56	8000.2405
2	57	8156.4369
2	58	8315.2143
2	59	8476.5646
2	60	8640.4791
2	61	8806.9492
2	62	8975.966
2	63	9147.5206
2	64	9321.6037
2	65	9498.2062
2	66	9677.3186
2	67	9858.9311
2	68	10043.0342
2	69	10229.6179
2	70	10418.672
2	71	10610.1864
2	72	10804.1506
2	73	11000.5541
2	74	11199.3862
2	75	11400.636
2	76	11604.2925
2	77	11810.3444
2	78	12018.7804
2	79	12229.5889
2	80	12442.7583
2	81	12658.2766
2	82	12876.1319
2	83	13096.3119
2	84	13318.8042
2	85	13543.5962
2	86	13770.6753
2	87	14000.0285
2	88	14231.6428
2	89	14465.5048
2	90	14701.6012
2	91	14939.9183
2	92	15180.4422
2	93	15423.1591
2	94	15668.0546
2	95	15915.1145
2	96	16164.3241
2	97	16415.6688
2	98	16669.1334
2	99	16924.703
2	100	17182.362
2	101	17442.095
2	102	17703.8862
2	103	17967.7196
2	104	18233.5789
2	105	18501.4478
2	106	18771.3096
2	107	19043.1476
2	108	19316.9445
2	109	19592.6831
2	110	19870.3458
2	111	20149.9149
2	112	20431.3722
2	113	20714.6996
2	114	20999.8784
2	115	21286.89
2	116	21575.7151
2	117	21866.3345
2	118	22158.7287
2	119	22452.8776
2	120	22748.7611
2	121	23046.3587
2	122	23345.6497
2	123	23646.6129
2	124	23949.2271
2	125	24253.4703
2	126	24559.3205
2	127	24866.7553
2	128	25175.7519
2	129	25486.2872
2	130	25798.3376
2	131	26111.8791
2	132	26426.8875
2	133	26743.3379
2	134	27061.2051
2	135	27380.4635
2	136	27701.0869
2	137	28023.0488
2	138	28346.3219
2	139	28670.8786
2	140	28996.6907
2	141	29323.7294
2	142	29651.9652
2	143	29981.3681
2	144	30311.9074
2	145	30643.5516
2	146	30976.2687
2	147	31310.0256
2	148	31644.7886
2	149	31980.5231
2	150	32317.1936
2	151	32654.7634
2	152	32993.1952
2	153	33332.4501
2	154	33672.4885
2	155	34013.2691
2	156	34354.7494
2	157	34696.8857
2	158	35039.6323
2	159	35382.9421
2	160	35726.766
2	161	36071.053
2	162	36415.7497
2	163	36760.8005
2	164	37106.1471
2	165	37451.7281
2	166	37797.479
2	167	38143.3316
2	168	38489.2135
2	169	38835.0477
2	170	39180.7519
2	171	39526.2376
2	172	39871.4094
2	173	40216.1635
2	174	40560.3863
2	175	40903.9525
2	176	41246.7224
2	177	41588.5384
2	178	41929.2203
2	179	42268.5584
2	180	42606.3026
2	181	42942.1449
2	182	43275.6877
2	183	43606.3785
2	184	43933.3828
2	185	44255.4209
2	186	44570.9768
2	187	44879.6016
3	0	4939.6507
3	1	4942.4303
3	2	4947.9895
3	3	4956.3279
3	4	4967.4452
3	5	4981.3406
3	6	4998.0136
3	7	5017.4633
3	8	5039.6886
3	9	5064.6884
3	10	5092.4614
3	11	5123.0063
3	12	5156.3213
3	13	5192.4049
3	14	5231.255
3	15	5272.8698
3	16	5317.2471
3	17	5364.3846
3	18	5414.2798
3	19	5466.9301
3	20	5522.3329
3	21	5580.4853
3	22	5641.3842
3	23	5705.0265
3	24	5771.4089
3	25	5840.5279
3	26	5912.38
3	27	5986.9614
3	28	6064.2682
3	29	6144.2964
3	30	6227.0419
3	31	6312.5002
3	32	6400.667
3	33	6491.5376
3	34	6585.1073
3	35	6681.3712
3	36	6780.3242
3	37	6881.9611
3	38	6986.2765
3	39	7093.2651
3	40	7202.9211
3	41	7315.2387
3	42	7430.2121
3	43	7547.8351
3	44	7668.1015
3	45	7791.0049
3	46	7916.5389
3	47	8044.6966
3	48	8175.4713
3	49	8308.8559
3	50	8444.8435
3	51	8583.4266
3	52	8724.5978
3	53	8868.3496
3	54	9014.6741
3	55	9163.5636
3	56	9315.0099
3	57	9469.0049
3	58	9625.5401
3	59	9784.6072
3	60	9946.1973
3	61	10110.3017
3	62	10276.9113
3	63	10446.0172
3	64	10617.6098
3	65	10791.6798
3	66	10968.2176
3	67	11147.2133
3	68	11328.6571
3	69	11512.5388
3	70	11698.8481
3	71	11887.5746
3	72	12078.7077
3	73	12272.2367
3	74	12468.1505
3	75	12666.4382
3	76	12867.0883
3	77	13070.0895
3	78	13275.4302
3	79	13483.0985
3	80	13693.0824
3	81	13905.37
3	82	14119.9487
3	83	14336.8061
3	84	14555.9296
3	85	14777.3062
3	86	15000.923
3	87	15226.7666
3	88	15454.8237
3	89	15685.0806
3	90	15917.5236
3	91	16152.1385
3	92	16388.9114
3	93	16627.8276
3	94	16868.8727
3	95	17112.0318
3	96	17357.29
3	97	17604.6319
3	98	17854.0423
3	99	18105.5054
3	100	18359.0053
3	101	18614.5261
3	102	18872.0513
3	103	19131.5645
3	104	19393.0488
3	105	19656.4874
3	106	19921.8628
3	107	20189.1576
3	108	20458.3541
3	109	20729.4343
3	110	21002.3798
3	111	21277.1723
3	112	21553.7928
3	113	21832.2223
3	114	22112.4415
3	115	22394.4306
3	116	22678.1698
3	117	22963.6388
3	118	23250.817
3	119	23539.6835
3	120	23830.2171
3	121	24122.3962
3	122	24416.199
3	123	24711.6031
3	124	25008.586
3	125	25307.1246
3	126	25607.1954
3	127	25908.7747
3	128	26211.8382
3	129	26516.3613
3	130	26822.3186
3	131	27129.6848
3	132	27438.4336
3	133	27748.5384
3	134	28059.972
3	135	28372.7069
3	136	28686.7146
3	137	29001.9664
3	138	29318.4326
3	139	29636.0831
3	140	29954.887
3	141	30274.8128
3	142	30595.8279
3	143	30917.8993
3	144	31240.9927
3	145	31565.0733
3	146	31890.1051
3	147	32216.0512
3	148	32542.8733
3	149	32870.5324
3	150	33198.9878
3	151	33528.1978
3	152	33858.1191
3	153	34188.7068
3	154	34519.9143
3	155	34851.6934
3	156	35183.9937
3	157	35516.7626
3	158	35849.9453
3	159	36183.4843
3	160	36517.3191
3	161	36851.3861
3	162	37185.6182
3	163	37519.9441
3	164	37854.2881
3	165	38188.569
3	166	38522.7002
3	167	38856.5879
3	168	39190.1304
3	169	39523.2166
3	170	39855.7241
3	171	40187.517
3	172	40518.4426
3	173	40848.3271
3	174	41176.9696
3	175	41504.1328
3	176	41829.5292
3	177	42152.796
3	178	42473.4476
3	179	42790.7771
3	180	43103.6787
3	181	43410.555
3	182	43710.1274
4	0	6285.9715
4	1	6288.7129
4	2	6294.1955
4	3	6302.4191
4	4	6313.3832
4	5	6327.0872
4	6	6343.5305
4	7	6362.7121
4	8	6384.631
4	9	6409.2861
4	10	6436.6761
4	11	6466.7995
4	12	6499.6547
4	13	6535.24
4	14	6573.5535
4	15	6614.5931
4	16	6658.3567
4	17	6704.842
4	18	6754.0465
4	19	6805.9675
4	20	6860.6024
4	21	6917.9482
4	22	6978.0018
4	23	7040.7601
4	24	7106.2197
4	25	7174.3772
4	26	7245.2288
4	27	7318.7707
4	28	7394.9992
4	29	7473.91
4	30	7555.499
4	31	7639.7617
4	32	7726.6936
4	33	7816.2901
4	34	7908.5464
4	35	8003.4574
4	36	8101.018
4	37	8201.2231
4	38	8304.067
4	39	8409.5444
4	40	8517.6494
4	41	8628.3762
4	42	8741.7187
4	43	8857.6708
4	44	8976.2261
4	45	9097.3783
4	46	9221.1205
4	47	9347.4461
4	48	9476.3481
4	49	9607.8194
4	50	9741.8528
4	51	9878.4408
4	52	10017.5759
4	53	10159.2504
4	54	10303.4564
4	55	10450.1858
4	56	10599.4305
4	57	10751.1821
4	58	10905.4322
4	59	11062.172
4	60	11221.3927
4	61	11383.0853
4	62	11547.2406
4	63	11713.8495
4	64	11882.9022
4	65	12054.3893
4	66	12228.3009
4	67	12404.627
4	68	12583.3574
4	69	12764.4819
4	70	12947.99
4	71	13133.8709
4	72	13322.1139
4	73	13512.7079
4	74	13705.6418
4	75	13900.9043
4	76	14098.4836
4	77	14298.3683
4	78	14500.5462
4	79	14705.0055
4	80	14911.7338
4	81	15120.7186
4	82	15331.9473
4	83	15545.4071
4	84	15761.085
4	85	15978.9677
4	86	16199.0419
4	87	16421.2939
4	88	16645.71
4	89	16872.276
4	90	17100.9779
4	91	17331.8012
4	92	17564.7312
4	93	17799.7531
4	94	18036.8518
4	95	18276.0121
4	96	18517.2185
4	97	18760.4551
4	98	19005.7061
4	99	19252.9553
4	100	19502.1862
4	101	19753.3821
4	102	20006.5261
4	103	20261.6011
4	104	20518.5896
4	105	20777.4739
4	106	21038.2361
4	107	21300.8579
4	108	21565.3208
4	109	21831.6061
4	110	22099.6946
4	111	22369.5669
4	112	22641.2034
4	113	22914.5841
4	114	23189.6886
4	115	23466.4964
4	116	23744.9863
4	117	24025.1371
4	118	24306.927
4	119	24590.3341
4	120	24875.3358
4	121	25161.9093
4	122	25450.0313
4	123	25739.6782
4	124	26030.8259
4	125	26323.4498
4	126	26617.5249
4	127	26913.0256
4	128	27209.9259
4	129	27508.1994
4	130	27807.8188
4	131	28108.7566
4	132	28410.9843
4	133	28714.4733
4	134	29019.1938
4	135	29325.1157
4	136	29632.208
4	137	29940.4389
4	138	30249.7759
4	139	30560.1857
4	140	30871.6339
4	141	31184.0853
4	142	31497.5038
4	143	31811.8519
4	144	32127.0911
4	145	32443.1819
4	146	32760.0831
4	147	33077.7525
4	148	33396.1459
4	149	33715.2179
4	150	34034.9211
4	151	34355.2062
4	152	34676.0217
4	153	34997.3141
4	154	35319.0271
4	155	35641.1016
4	156	35963.4756
4	157	36286.0834
4	158	36608.8557
4	159	36931.7187
4	160	37254.5938
4	161	37577.3966
4	162	37900.0365
4	163	38222.4151
4	164	38544.4256
4	165	38865.9504
4	166	39186.8597
4	167	39507.0082
4	168	39826.2319
4	169	40144.3425
4	170	40461.1205
4	171	40776.3037
4	172	41089.5691
4	173	41400.5005
4	174	41708.522
4	175	42012.7619
4	176	42311.8468
4	177	42604.0409
4	178	42888.7182
5	0	7602.5571
5	1	7605.2595
5	2	7610.6643
5	3	7618.7711
5	4	7629.5794
5	5	7643.0888
5	6	7659.2984
5	7	7678.2073
5	8	7699.8146
5	9	7724.1191
5	10	7751.1194
5	11	7780.8141
5	12	7813.2016
5	13	7848.28
5	14	7886.0476
5	15	7926.5021
5	16	7969.6415
5	17	8015.4633
5	18	8063.965
5	19	8115.1441
5	20	8168.9977
5	21	8225.5228
5	22	8284.7164
5	23	8346.5752
5	24	8411.0958
5	25	8478.2747
5	26	8548.1082
5	27	8620.5924
5	28	8695.7233
5	29	8773.4969
5	30	8853.9087
5	31	8936.9544
5	32	9022.6294
5	33	9110.9289
5	34	9201.848
5	35	9295.3817
5	36	9391.5248
5	37	9490.2719
5	38	9591.6174
5	39	9695.5559
5	40	9802.0813
5	41	9911.1878
5	42	10022.8693
5	43	10137.1194
5	44	10253.9317
5	45	10373.2996
5	46	10495.2165
5	47	10619.6753
5	48	10746.669
5	49	10876.1904
5	50	11008.2321
5	51	11142.7866
5	52	11279.8461
5	53	11419.4029
5	54	11561.4488
5	55	11705.9757
5	56	11852.9753
5	57	12002.439
5	58	12154.3582
5	59	12308.724
5	60	12465.5274
5	61	12624.7592
5	62	12786.4101
5	63	12950.4706
5	64	13116.931
5	65	13285.7814
5	66	13457.0117
5	67	13630.6119
5	68	13806.5715
5	69	13984.8799
5	70	14165.5265
5	71	14348.5002
5	72	14533.7901
5	73	14721.3848
5	74	14911.2729
5	75	15103.4427
5	76	15297.8824
5	77	15494.58
5	78	15693.5233
5	79	15894.6998
5	80	16098.097
5	81	16303.702
5	82	16511.5019
5	83	16721.4835
5	84	16933.6333
5	85	17147.9379
5	86	17364.3832
5	87	17582.9554
5	88	17803.6402
5	89	18026.4231
5	90	18251.2894
5	91	18478.2243
5	92	18707.2126
5	93	18938.2389
5	94	19171.2877
5	95	19406.3431
5	96	19643.3891
5	97	19882.4092
5	98	20123.3871
5	99	20366.3057
5	100	20611.148
5	101	20857.8967
5	102	21106.5342
5	103	21357.0424
5	104	21609.4033
5	105	21863.5983
5	106	22119.6087
5	107	22377.4154
5	108	22636.9989
5	109	22898.3396
5	110	23161.4175
5	111	23426.212
5	112	23692.7026
5	113	23960.8681
5	114	24230.6871
5	115	24502.1377
5	116	24775.1977
5	117	25049.8444
5	118	25326.055
5	119	25603.8057
5	120	25883.0728
5	121	26163.8319
5	122	26446.058
5	123	26729.7258
5	124	27014.8095
5	125	27301.2825
5	126	27589.1179
5	127	27878.2882
5	128	28168.765
5	129	28460.5197
5	130	28753.5225
5	131	29047.7434
5	132	29343.1513
5	133	29639.7144
5	134	29937.4002
5	135	30236.1752
5	136	30536.0049
5	137	30836.8541
5	138	31138.6862
5	139	31441.4636
5	140	31745.1478
5	141	32049.6985
5	142	32355.0745
5	143	32661.2328
5	144	32968.1291
5	145	33275.7171
5	146	33583.949
5	147	33892.7745
5	148	34202.1415
5	149	34511.9953
5	150	34822.2787
5	151	35132.9312
5	152	35443.8894
5	153	35755.0862
5	154	36066.4502
5	155	36377.9055
5	156	36689.3712
5	157	37000.7599
5	158	37311.9778
5	159	37622.9226
5	160	37933.4828
5	161	38243.5356
5	162	38552.9442
5	163	38861.5555
5	164	39169.1952
5	165	39475.662
5	166	39780.7195
5	167	40084.0821
5	168	40385.3931
5	169	40684.1828
5	170	40979.7807
5	171	41271.1414
5	172	41556.659
5	173	41834.6921
5	174	42104.1037
6	0	8888.9309
6	1	8891.5937
6	2	8896.9192
6	3	8904.9071
6	4	8915.5569
6	5	8928.8681
6	6	8944.8399
6	7	8963.4713
6	8	8984.7615
6	9	9008.7091
6	10	9035.3128
6	11	9064.5711
6	12	9096.4824
6	13	9131.0449
6	14	9168.2567
6	15	9208.1156
6	16	9250.6195
6	17	9295.7659
6	18	9343.5523
6	19	9393.9759
6	20	9447.034
6	21	9502.7236
6	22	9561.0415
6	23	9621.9844
6	24	9685.5489
6	25	9751.7313
6	26	9820.528
6	27	9891.9349
6	28	9965.9481
6	29	10042.5634
6	30	10121.7763
6	31	10203.5824
6	32	10287.9769
6	33	10374.9551
6	34	10464.512
6	35	10556.6425
6	36	10651.3412
6	37	10748.6026
6	38	10848.4213
6	39	10950.7914
6	40	11055.7071
6	41	11163.1621
6	42	11273.1504
6	43	11385.6655
6	44	11500.7008
6	45	11618.2497
6	46	11738.3052
6	47	11860.8603
6	48	11985.9079
6	49	12113.4406
6	50	12243.4508
6	51	12375.9308
6	52	12510.8728
6	53	12648.2688
6	54	12788.1106
6	55	12930.3898
6	56	13075.098
6	57	13222.2263
6	58	13371.766
6	59	13523.7079
6	60	13678.043
6	61	13834.7618
6	62	13993.8547
6	63	14155.3121
6	64	14319.124
6	65	14485.2803
6	66	14653.7707
6	67	14824.5848
6	68	14997.712
6	69	15173.1414
6	70	15350.862
6	71	15530.8626
6	72	15713.1319
6	73	15897.6582
6	74	16084.4299
6	75	16273.4348
6	76	16464.6609
6	77	16658.0958
6	78	16853.727
6	79	17051.5416
6	80	17251.5266
6	81	17453.669
6	82	17657.9552
6	83	17864.3718
6	84	18072.9047
6	85	18283.5401
6	86	18496.2636
6	87	18711.0607
6	88	18927.9166
6	89	19146.8165
6	90	19367.745
6	91	19590.6868
6	92	19815.6262
6	93	20042.5471
6	94	20271.4335
6	95	20502.2687
6	96	20735.0362
6	97	20969.7188
6	98	21206.2993
6	99	21444.7602
6	100	21685.0836
6	101	21927.2513
6	102	22171.2449
6	103	22417.0456
6	104	22664.6344
6	105	22913.9919
6	106	23165.0982
6	107	23417.9333
6	108	23672.4769
6	109	23928.708
6	110	24186.6054
6	111	24446.1478
6	112	24707.313
6	113	24970.0786
6	114	25234.422
6	115	25500.3198
6	116	25767.7484
6	117	26036.6835
6	118	26307.1005
6	119	26578.9742
6	120	26852.2789
6	121	27126.9884
6	122	27403.0758
6	123	27680.5136
6	124	27959.2738
6	125	28239.3277
6	126	28520.6457
6	127	28803.1977
6	128	29086.9529
6	129	29371.8794
6	130	29657.9446
6	131	29945.1151
6	132	30233.3565
6	133	30522.6331
6	134	30812.9085
6	135	31104.1451
6	136	31396.3037
6	137	31689.3443
6	138	31983.2251
6	139	32277.903
6	140	32573.3331
6	141	32869.4689
6	142	33166.2618
6	143	33463.6611
6	144	33761.6141
6	145	34060.0651
6	146	34358.956
6	147	34658.2255
6	148	34957.8089
6	149	35257.6376
6	150	35557.6389
6	151	35857.735
6	152	36157.8427
6	153	36457.8725
6	154	36757.7274
6	155	37057.302
6	156	37356.4807
6	157	37655.1356
6	158	37953.1245
6	159	38250.2865
6	160	38546.4384
6	161	38841.3669
6	162	39134.8196
6	163	39426.4887
6	164	39715.9844
6	165	40002.7813
6	166	40286.1071
6	167	40564.735
6	168	40836.8887
6	169	41101.3255
7	0	10144.6021
7	1	10147.2245
7	2	10152.4693
7	3	10160.3361
7	4	10170.8245
7	5	10183.9339
7	6	10199.6634
7	7	10218.0122
7	8	10238.9793
7	9	10262.5633
7	10	10288.763
7	11	10317.5769
7	12	10349.0032
7	13	10383.0402
7	14	10419.6858
7	15	10458.938
7	16	10500.7944
7	17	10545.2527
7	18	10592.3102
7	19	10641.9642
7	20	10694.2119
7	21	10749.0501
7	22	10806.4757
7	23	10866.4853
7	24	10929.0754
7	25	10994.2424
7	26	11061.9824
7	27	11132.2915
7	28	11205.1654
7	29	11280.6
7	30	11358.5908
7	31	11439.1332
7	32	11522.2225
7	33	11607.8536
7	34	11696.0216
7	35	11786.7212
7	36	11879.9471
7	37	11975.6936
7	38	12073.955
7	39	12174.7256
7	40	12277.9992
7	41	12383.7696
7	42	12492.0306
7	43	12602.7755
7	44	12715.9977
7	45	12831.6903
7	46	12949.8463
7	47	13070.4586
7	48	13193.5197
7	49	13319.0223
7	50	13446.9584
7	51	13577.3204
7	52	13710.1002
7	53	13845.2896
7	54	13982.8801
7	55	14122.8634
7	56	14265.2306
7	57	14409.9728
7	58	14557.081
7	59	14706.5459
7	60	14858.358
7	61	15012.5079
7	62	15168.9856
7	63	15327.7812
7	64	15488.8845
7	65	15652.2852
7	66	15817.9727
7	67	15985.9362
7	68	16156.165
7	69	16328.6477
7	70	16503.3732
7	71	16680.3299
7	72	16859.5061
7	73	17040.8898
7	74	17224.469
7	75	17410.2313
7	76	17598.1642
7	77	17788.2549
7	78	17980.4904
7	79	18174.8577
7	80	18371.3431
7	81	18569.9332
7	82	18770.6141
7	83	18973.3716
7	84	19178.1915
7	85	19385.0592
7	86	19593.9599
7	87	19804.8785
7	88	20017.7998
7	89	20232.7081
7	90	20449.5877
7	91	20668.4225
7	92	20889.196
7	93	21111.8918
7	94	21336.4929
7	95	21562.9821
7	96	21791.3419
7	97	22021.5544
7	98	22253.6017
7	99	22487.4653
7	100	22723.1265
7	101	22960.5661
7	102	23199.7648
7	103	23440.7029
7	104	23683.3601
7	105	23927.716
7	106	24173.7497
7	107	24421.44
7	108	24670.7652
7	109	24921.7032
7	110	25174.2314
7	111	25428.3269
7	112	25683.9662
7	113	25941.1254
7	114	26199.7802
7	115	26459.9054
7	116	26721.4756
7	117	26984.4649
7	118	27248.8464
7	119	27514.593
7	120	27781.6767
7	121	28050.0689
7	122	28319.7404
7	123	28590.6611
7	124	28862.8002
7	125	29136.126
7	126	29410.6059
7	127	29686.2065
7	128	29962.8935
7	129	30240.6312
7	130	30519.3831
7	131	30799.1114
7	132	31079.7772
7	133	31361.3399
7	134	31643.7578
7	135	31926.9875
7	136	32210.9838
7	137	32495.6999
7	138	32781.0867
7	139	33067.0933
7	140	33353.666
7	141	33640.749
7	142	33928.2831
7	143	34216.2063
7	144	34504.4528
7	145	34792.9529
7	146	35081.6326
7	147	35370.4124
7	148	35659.2075
7	149	35947.9261
7	150	36236.4688
7	151	36524.727
7	152	36812.5816
7	153	37099.9004
7	154	37386.5356
7	155	37672.3198
7	156	37957.061
7	157	38240.5346
7	158	38522.4729
7	159	38802.546
7	160	39080.3294
7	161	39355.2384
7	162	39626.3869
7	163	39892.3626
7	164	40151.3282
7	165	40402.6079
8	0	11369.0644
8	1	11371.6458
8	2	11376.8083
8	3	11384.5517
8	4	11394.8755
8	5	11407.779
8	6	11423.2617
8	7	11441.3224
8	8	11461.9601
8	9	11485.1736
8	10	11510.9615
8	11	11539.3222
8	12	11570.2541
8	13	11603.7552
8	14	11639.8237
8	15	11678.4573
8	16	11719.6536
8	17	11763.4103
8	18	11809.7247
8	19	11858.5939
8	20	11910.0152
8	21	11963.9852
8	22	12020.5009
8	23	12079.5587
8	24	12141.1551
8	25	12205.2864
8	26	12271.9487
8	27	12341.1378
8	28	12412.8497
8	29	12487.0799
8	30	12563.8239
8	31	12643.077
8	32	12724.8344
8	33	12809.091
8	34	12895.8417
8	35	12985.0811
8	36	13076.8038
8	37	13171.004
8	38	13267.6759
8	39	13366.8136
8	40	13468.4108
8	41	13572.4612
8	42	13678.9584
8	43	13787.8957
8	44	13899.2661
8	45	14013.0629
8	46	14129.2786
8	47	14247.9061
8	48	14368.9377
8	49	14492.3658
8	50	14618.1826
8	51	14746.3799
8	52	14876.9495
8	53	15009.8831
8	54	15145.1721
8	55	15282.8077
8	56	15422.7809
8	57	15565.0827
8	58	15709.7037
8	59	15856.6344
8	60	16005.8651
8	61	16157.386
8	62	16311.187
8	63	16467.2578
8	64	16625.5881
8	65	16786.167
8	66	16948.9838
8	67	17114.0275
8	68	17281.2867
8	69	17450.75
8	70	17622.4058
8	71	17796.2422
8	72	17972.247
8	73	18150.408
8	74	18330.7127
8	75	18513.1482
8	76	18697.7017
8	77	18884.36
8	78	19073.1096
8	79	19263.9368
8	80	19456.8279
8	81	19651.7685
8	82	19848.7444
8	83	20047.7409
8	84	20248.7431
8	85	20451.7359
8	86	20656.7039
8	87	20863.6313
8	88	21072.5023
8	89	21283.3005
8	90	21496.0096
8	91	21710.6126
8	92	21927.0925
8	93	22145.4318
8	94	22365.6128
8	95	22587.6176
8	96	22811.4276
8	97	23037.0241
8	98	23264.3883
8	99	23493.5005
8	100	23724.341
8	101	23956.8897
8	102	24191.1261
8	103	24427.0291
8	104	24664.5774
8	105	24903.7493
8	106	25144.5225
8	107	25386.8743
8	108	25630.7815
8	109	25876.2206
8	110	26123.1673
8	111	26371.597
8	112	26621.4843
8	113	26872.8036
8	114	27125.5284
8	115	27379.6315
8	116	27635.0854
8	117	27891.8616
8	118	28149.931
8	119	28409.2636
8	120	28669.8289
8	121	28931.5953
8	122	29194.5303
8	123	29458.6007
8	124	29723.7719
8	125	29990.0087
8	126	30257.2744
8	127	30525.5312
8	128	30794.7401
8	129	31064.8606
8	130	31335.8508
8	131	31607.6671
8	132	31880.2642
8	133	32153.5949
8	134	32427.61
8	135	32702.2581
8	136	32977.4853
8	137	33253.2348
8	138	33529.4473
8	139	33806.0597
8	140	34083.0055
8	141	34360.2141
8	142	34637.6101
8	143	34915.1129
8	144	35192.6358
8	145	35470.0853
8	146	35747.3595
8	147	36024.3472
8	148	36300.9259
8	149	36576.9594
8	150	36852.2945
8	151	37126.7577
8	152	37400.1483
8	153	37672.2308
8	154	37942.7217
8	155	38211.2681
8	156	38477.4084
8	157	38740.4893
8	158	38999.4954
8	159	39252.837
8	160	39498.789
8	161	39736.4833
9	0	12561.7944
9	1	12564.3338
9	2	12569.4124
9	3	12577.0298
9	4	12587.1857
9	5	12599.8794
9	6	12615.1101
9	7	12632.8769
9	8	12653.1786
9	9	12676.014
9	10	12701.3817
9	11	12729.2801
9	12	12759.7075
9	13	12792.662
9	14	12828.1415
9	15	12866.1439
9	16	12906.6667
9	17	12949.7074
9	18	12995.2634
9	19	13043.3318
9	20	13093.9095
9	21	13146.9935
9	22	13202.5804
9	23	13260.6667
9	24	13321.2488
9	25	13384.3228
9	26	13449.8848
9	27	13517.9307
9	28	13588.456
9	29	13661.4565
9	30	13736.9273
9	31	13814.8639
9	32	13895.2611
9	33	13978.1139
9	34	14063.4169
9	35	14151.1648
9	36	14241.3518
9	37	14333.9722
9	38	14429.0201
9	39	14526.4892
9	40	14626.3733
9	41	14728.6659
9	42	14833.3603
9	43	14940.4498
9	44	15049.9273
9	45	15161.7856
9	46	15276.0174
9	47	15392.6151
9	48	15511.5711
9	49	15632.8774
9	50	15756.5259
9	51	15882.5085
9	52	16010.8167
9	53	16141.4418
9	54	16274.3751
9	55	16409.6075
9	56	16547.1298
9	57	16686.9326
9	58	16829.0065
9	59	16973.3415
9	60	17119.9278
9	61	17268.7552
9	62	17419.8132
9	63	17573.0914
9	64	17728.5789
9	65	17886.2647
9	66	18046.1377
9	67	18208.1865
9	68	18372.3994
9	69	18538.7645
9	70	18707.2699
9	71	18877.9032
9	72	19050.652
9	73	19225.5034
9	74	19402.4445
9	75	19581.462
9	76	19762.5426
9	77	19945.6726
9	78	20130.8379
9	79	20318.0244
9	80	20507.2176
9	81	20698.4028
9	82	20891.565
9	83	21086.689
9	84	21283.7591
9	85	21482.7597
9	86	21683.6745
9	87	21886.4872
9	88	22091.1811
9	89	22297.7391
9	90	22506.144
9	91	22716.3779
9	92	22928.4231
9	93	23142.261
9	94	23357.8731
9	95	23575.2403
9	96	23794.3431
9	97	24015.1618
9	98	24237.6762
9	99	24461.8656
9	100	24687.7092
9	101	24915.1853
9	102	25144.2721
9	103	25374.9472
9	104	25607.1878
9	105	25840.9706
9	106	26076.2716
9	107	26313.0666
9	108	26551.3304
9	109	26791.0376
9	110	27032.162
9	111	27274.6767
9	112	27518.5544
9	113	27763.7668
9	114	28010.2851
9	115	28258.0795
9	116	28507.1196
9	117	28757.374
9	118	29008.8104
9	119	29261.3956
9	120	29515.0953
9	121	29769.8742
9	122	30025.6958
9	123	30282.5224
9	124	30540.3149
9	125	30799.0328
9	126	31058.6341
9	127	31319.0752
9	128	31580.3107
9	129	31842.2932
9	130	32104.9732
9	131	32368.2991
9	132	32632.2165
9	133	32896.6684
9	134	33161.5946
9	135	33426.9318
9	136	33692.6126
9	137	33958.5653
9	138	34224.7137
9	139	34490.9759
9	140	34757.2636
9	141	35023.4815
9	142	35289.5257
9	143	35555.2822
9	144	35820.6254
9	145	36085.4149
9	146	36349.4927
9	147	36612.6787
9	148	36874.7637
9	149	37135.5007
9	150	37394.5895
9	151	37651.652
9	152	37906.1834
9	153	38157.4487
9	154	38404.2818
9	155	38644.9443
9	156	38878.0782
10	0	13722.2495
10	1	13724.746
10	2	13729.7389
10	3	13737.2278
10	4	13747.2122
10	5	13759.6916
10	6	13774.665
10	7	13792.1316
10	8	13812.0902
10	9	13834.5396
10	10	13859.4782
10	11	13886.9045
10	12	13916.8166
10	13	13949.2128
10	14	13984.0908
10	15	14021.4484
10	16	14061.2833
10	17	14103.5927
10	18	14148.374
10	19	14195.6243
10	20	14245.3404
10	21	14297.5192
10	22	14352.1572
10	23	14409.2509
10	24	14468.7966
10	25	14530.7903
10	26	14595.228
10	27	14662.1054
10	28	14731.4181
10	29	14803.1616
10	30	14877.3312
10	31	14953.9219
10	32	15032.9286
10	33	15114.3461
10	34	15198.169
10	35	15284.3917
10	36	15373.0084
10	37	15464.0132
10	38	15557.3999
10	39	15653.1623
10	40	15751.2939
10	41	15851.7881
10	42	15954.6379
10	43	16059.8365
10	44	16167.3766
10	45	16277.2509
10	46	16389.4517
10	47	16503.9714
10	48	16620.8021
10	49	16739.9356
10	50	16861.3636
10	51	16985.0776
10	52	17111.069
10	53	17239.3288
10	54	17369.848
10	55	17502.6173
10	56	17637.6273
10	57	17774.8682
10	58	17914.3302
10	59	18056.0032
10	60	18199.8769
10	61	18345.9409
10	62	18494.1843
10	63	18644.5963
10	64	18797.1657
10	65	18951.8811
10	66	19108.731
10	67	19267.7036
10	68	19428.7868
10	69	19591.9682
10	70	19757.2355
10	71	19924.5759
10	72	20093.9762
10	73	20265.4234
10	74	20438.9039
10	75	20614.404
10	76	20791.9095
10	77	20971.4064
10	78	21152.8799
10	79	21336.3153
10	80	21521.6975
10	81	21709.0111
10	82	21898.2404
10	83	22089.3693
10	84	22282.3817
10	85	22477.2609
10	86	22673.99
10	87	22872.5517
10	88	23072.9284
10	89	23275.1023
10	90	23479.0549
10	91	23684.7676
10	92	23892.2215
10	93	24101.397
10	94	24312.2744
10	95	24524.8335
10	96	24739.0534
10	97	24954.9133
10	98	25172.3914
10	99	25391.4659
10	100	25612.1141
10	101	25834.3131
10	102	26058.0393
10	103	26283.2686
10	104	26509.9764
10	105	26738.1373
10	106	26967.7257
10	107	27198.7148
10	108	27431.0775
10	109	27664.7859
10	110	27899.8113
10	111	28136.1243
10	112	28373.6946
10	113	28612.491
10	114	28852.4814
10	115	29093.6328
10	116	29335.911
10	117	29579.281
10	118	29823.7062
10	119	30069.149
10	120	30315.5704
10	121	30562.93
10	122	30811.1858
10	123	31060.294
10	124	31310.2093
10	125	31560.884
10	126	31812.2686
10	127	32064.3111
10	128	32316.9569
10	129	32570.1486
10	130	32823.8256
10	131	33077.9239
10	132	33332.3755
10	133	33587.1079
10	134	33842.0438
10	135	34097.1
10	136	34352.1871
10	137	34607.2078
10	138	34862.056
10	139	35116.6154
10	140	35370.7567
10	141	35624.3358
10	142	35877.1895
10	143	36129.1306
10	144	36379.941
10	145	36629.361
10	146	36877.0719
10	147	37122.6662
10	148	37365.5863
10	149	37604.9946
10	150	37839.5516
10	151	38067.4646
10	152	38288.0175
11	0	14849.866
11	1	14852.3187
11	2	14857.2239
11	3	14864.5814
11	4	14874.3906
11	5	14886.6509
11	6	14901.3614
11	7	14918.5212
11	8	14938.129
11	9	14960.1837
11	10	14984.6837
11	11	15011.6273
11	12	15041.0128
11	13	15072.8381
11	14	15107.1012
11	15	15143.7997
11	16	15182.9311
11	17	15224.4928
11	18	15268.482
11	19	15314.8957
11	20	15363.7307
11	21	15414.9838
11	22	15468.6514
11	23	15524.7299
11	24	15583.2155
11	25	15644.1041
11	26	15707.3916
11	27	15773.0737
11	28	15841.1458
11	29	15911.6033
11	30	15984.4413
11	31	16059.6547
11	32	16137.2384
11	33	16217.1869
11	34	16299.4948
11	35	16384.1562
11	36	16471.1652
11	37	16560.5157
11	38	16652.2015
11	39	16746.2161
11	40	16842.5528
11	41	16941.2047
11	42	17042.165
11	43	17145.4263
11	44	17250.9812
11	45	17358.8222
11	46	17468.9415
11	47	17581.3312
11	48	17695.9829
11	49	17812.8885
11	50	17932.0393
11	51	18053.4266
11	52	18177.0414
11	53	18302.8745
11	54	18430.9166
11	55	18561.1581
11	56	18693.5891
11	57	18828.1998
11	58	18964.9798
11	59	19103.9188
11	60	19245.006
11	61	19388.2307
11	62	19533.5816
11	63	19681.0476
11	64	19830.6169
11	65	19982.2778
11	66	20136.0183
11	67	20291.8261
11	68	20449.6886
11	69	20609.593
11	70	20771.5264
11	71	20935.4755
11	72	21101.4266
11	73	21269.366
11	74	21439.2796
11	75	21611.1529
11	76	21784.9714
11	77	21960.7201
11	78	22138.3836
11	79	22317.9466
11	80	22499.3931
11	81	22682.7069
11	82	22867.8715
11	83	23054.8701
11	84	23243.6856
11	85	23434.3003
11	86	23626.6965
11	87	23820.8558
11	88	24016.7597
11	89	24214.389
11	90	24413.7244
11	91	24614.746
11	92	24817.4335
11	93	25021.7662
11	94	25227.7229
11	95	25435.282
11	96	25644.4212
11	97	25855.118
11	98	26067.3491
11	99	26281.0908
11	100	26496.3188
11	101	26713.008
11	102	26931.1329
11	103	27150.6674
11	104	27371.5844
11	105	27593.8564
11	106	27817.4549
11	107	28042.3508
11	108	28268.514
11	109	28495.9135
11	110	28724.5176
11	111	28954.2934
11	112	29185.2068
11	113	29417.2229
11	114	29650.3055
11	115	29884.4169
11	116	30119.5182
11	117	30355.5692
11	118	30592.5277
11	119	30830.3502
11	120	31068.991
11	121	31308.4026
11	122	31548.5352
11	123	31789.3367
11	124	32030.7521
11	125	32272.7237
11	126	32515.1905
11	127	32758.0879
11	128	33001.3472
11	129	33244.8952
11	130	33488.6536
11	131	33732.538
11	132	33976.4574
11	133	34220.3128
11	134	34463.996
11	135	34707.3877
11	136	34950.3555
11	137	35192.7507
11	138	35434.4044
11	139	35675.1221
11	140	35914.6756
11	141	36152.7905
11	142	36389.1264
11	143	36623.2391
11	144	36854.503
11	145	37081.9472
11	146	37304.0501
11	147	37519.1616
11	148	37726.4513
12	0	15944.0567
12	1	15946.4646
12	2	15951.2802
12	3	15958.5032
12	4	15968.1331
12	5	15980.1692
12	6	15994.6106
12	7	16011.4564
12	8	16030.7054
12	9	16052.3562
12	10	16076.4073
12	11	16102.857
12	12	16131.7034
12	13	16162.9445
12	14	16196.5782
12	15	16232.602
12	16	16271.0135
12	17	16311.8098
12	18	16354.9881
12	19	16400.5454
12	20	16448.4783
12	21	16498.7836
12	22	16551.4576
12	23	16606.4966
12	24	16663.8966
12	25	16723.6536
12	26	16785.7632
12	27	16850.221
12	28	16917.0223
12	29	16986.1624
12	30	17057.6362
12	31	17131.4386
12	32	17207.5641
12	33	17286.0074
12	34	17366.7625
12	35	17449.8236
12	36	17535.1847
12	37	17622.8394
12	38	17712.7813
12	39	17805.0036
12	40	17899.4996
12	41	17996.2622
12	42	18095.2841
12	43	18196.5579
12	44	18300.076
12	45	18405.8306
12	46	18513.8136
12	47	18624.0167
12	48	18736.4316
12	49	18851.0496
12	50	18967.8618
12	51	19086.8593
12	52	19208.0326
12	53	19331.3723
12	54	19456.8687
12	55	19584.5119
12	56	19714.2918
12	57	19846.1978
12	58	19980.2195
12	59	20116.3461
12	60	20254.5663
12	61	20394.869
12	62	20537.2425
12	63	20681.6751
12	64	20828.1548
12	65	20976.6691
12	66	21127.2057
12	67	21279.7516
12	68	21434.2938
12	69	21590.8189
12	70	21749.3133
12	71	21909.763
12	72	22072.1539
12	73	22236.4715
12	74	22402.701
12	75	22570.8273
12	76	22740.8349
12	77	22912.7081
12	78	23086.431
12	79	23261.9869
12	80	23439.3594
12	81	23618.5311
12	82	23799.4847
12	83	23982.2023
12	84	24166.6658
12	85	24352.8564
12	86	24540.7551
12	87	24730.3426
12	88	24921.5989
12	89	25114.5037
12	90	25309.0361
12	91	25505.175
12	92	25702.8985
12	93	25902.1843
12	94	26103.0096
12	95	26305.3509
12	96	26509.1843
12	97	26714.4852
12	98	26921.2284
12	99	27129.3878
12	100	27338.937
12	101	27549.8486
12	102	27762.0944
12	103	27975.6456
12	104	28190.4723
12	105	28406.544
12	106	28623.8288
12	107	28842.2943
12	108	29061.9067
12	109	29282.631
12	110	29504.4313
12	111	29727.2701
12	112	29951.1085
12	113	30175.9064
12	114	30401.6217
12	115	30628.2108
12	116	30855.6281
12	117	31083.8259
12	118	31312.7544
12	119	31542.3611
12	120	31772.5909
12	121	32003.3857
12	122	32234.6842
12	123	32466.421
12	124	32698.5269
12	125	32930.9279
12	126	33163.5444
12	127	33396.2909
12	128	33629.0749
12	129	33861.7954
12	130	34094.3417
12	131	34326.5917
12	132	34558.4091
12	133	34789.6403
12	134	35020.1102
12	135	35249.6155
12	136	35477.9162
12	137	35704.7204
12	138	35929.6603
12	139	36152.2442
12	140	36371.7531
12	141	36587.0447
12	142	36796.4532
12	143	36998.84
13	0	17004.2086
13	1	17006.5705
13	2	17011.2943
13	3	17018.3795
13	4	17027.8257
13	5	17039.6321
13	6	17053.7979
13	7	17070.322
13	8	17089.2033
13	9	17110.4403
13	10	17134.0314
13	11	17159.975
13	12	17188.2691
13	13	17218.9117
13	14	17251.9004
13	15	17287.2328
13	16	17324.9064
13	17	17364.9183
13	18	17407.2655
13	19	17451.945
13	20	17498.9533
13	21	17548.287
13	22	17599.9424
13	23	17653.9156
13	24	17710.2026
13	25	17768.7992
13	26	17829.7009
13	27	17892.9031
13	28	17958.4011
13	29	18026.1899
13	30	18096.2643
13	31	18168.619
13	32	18243.2485
13	33	18320.1471
13	34	18399.3088
13	35	18480.7276
13	36	18564.3971
13	37	18650.3109
13	38	18738.4623
13	39	18828.8443
13	40	18921.4499
13	41	19016.2719
13	42	19113.3027
13	43	19212.5346
13	44	19313.9598
13	45	19417.5701
13	46	19523.3572
13	47	19631.3126
13	48	19741.4275
13	49	19853.693
13	50	19968.0998
13	51	20084.6386
13	52	20203.2998
13	53	20324.0734
13	54	20446.9494
13	55	20571.9175
13	56	20698.967
13	57	20828.0872
13	58	20959.2671
13	59	21092.4953
13	60	21227.7604
13	61	21365.0504
13	62	21504.3533
13	63	21645.6568
13	64	21788.9483
13	65	21934.215
13	66	22081.4436
13	67	22230.6208
13	68	22381.7327
13	69	22534.7655
13	70	22689.7047
13	71	22846.5357
13	72	23005.2435
13	73	23165.813
13	74	23328.2285
13	75	23492.4739
13	76	23658.5331
13	77	23826.3894
13	78	23996.0257
13	79	24167.4246
13	80	24340.5684
13	81	24515.4388
13	82	24692.0173
13	83	24870.2848
13	84	25050.2219
13	85	25231.8085
13	86	25415.0243
13	87	25599.8485
13	88	25786.2596
13	89	25974.2356
13	90	26163.7542
13	91	26354.7923
13	92	26547.3262
13	93	26741.3317
13	94	26936.7839
13	95	27133.6573
13	96	27331.9255
13	97	27531.5615
13	98	27732.5376
13	99	27934.825
13	100	28138.3943
13	101	28343.2151
13	102	28549.2559
13	103	28756.4844
13	104	28964.867
13	105	29174.369
13	106	29384.9546
13	107	29596.5865
13	108	29809.2259
13	109	30022.8327
13	110	30237.3649
13	111	30452.779
13	112	30669.0292
13	113	30886.0679
13	114	31103.845
13	115	31322.3079
13	116	31541.4012
13	117	31761.0665
13	118	31981.2417
13	119	32201.8613
13	120	32422.855
13	121	32644.1479
13	122	32865.6594
13	123	33087.3025
13	124	33308.983
13	125	33530.5977
13	126	33752.0333
13	127	33973.1641
13	128	34193.8496
13	129	34413.9305
13	130	34633.224
13	131	34851.5168
13	132	35068.554
13	133	35284.022
13	134	35497.5169
13	135	35708.4803
13	136	35916.0619
13	137	36118.9135
13	138	36315.397
13	139	36505.0961
14	0	18029.6793
14	1	18031.9941
14	2	18036.6237
14	3	18043.5676
14	4	18052.8253
14	5	18064.3962
14	6	18078.2792
14	7	18094.4733
14	8	18112.9773
14	9	18133.7898
14	10	18156.9091
14	11	18182.3334
14	12	18210.0608
14	13	18240.0892
14	14	18272.4161
14	15	18307.0391
14	16	18343.9554
14	17	18383.1623
14	18	18424.6566
14	19	18468.4351
14	20	18514.4943
14	21	18562.8307
14	22	18613.4404
14	23	18666.3195
14	24	18721.4637
14	25	18778.8688
14	26	18838.53
14	27	18900.4428
14	28	18964.6021
14	29	19031.0029
14	30	19099.6397
14	31	19170.5072
14	32	19243.5995
14	33	19318.9107
14	34	19396.4348
14	35	19476.1654
14	36	19558.096
14	37	19642.2198
14	38	19728.5301
14	39	19817.0195
14	40	19907.6808
14	41	20000.5064
14	42	20095.4885
14	43	20192.6192
14	44	20291.8902
14	45	20393.2932
14	46	20496.8195
14	47	20602.4601
14	48	20710.2061
14	49	20820.048
14	50	20931.9764
14	51	21045.9814
14	52	21162.0529
14	53	21280.1807
14	54	21400.3543
14	55	21522.5628
14	56	21646.7953
14	57	21773.0405
14	58	21901.2867
14	59	22031.5221
14	60	22163.7347
14	61	22297.9121
14	62	22434.0416
14	63	22572.1102
14	64	22712.1048
14	65	22854.0118
14	66	22997.8173
14	67	23143.5072
14	68	23291.067
14	69	23440.4819
14	70	23591.7368
14	71	23744.8161
14	72	23899.704
14	73	24056.3843
14	74	24214.8405
14	75	24375.0556
14	76	24537.0122
14	77	24700.6925
14	78	24866.0785
14	79	25033.1515
14	80	25201.8924
14	81	25372.2817
14	82	25544.2995
14	83	25717.9252
14	84	25893.1379
14	85	26069.916
14	86	26248.2375
14	87	26428.0796
14	88	26609.4192
14	89	26792.2323
14	90	26976.4944
14	91	27162.1802
14	92	27349.2639
14	93	27537.7187
14	94	27727.5171
14	95	27918.6307
14	96	28111.0305
14	97	28304.6861
14	98	28499.5665
14	99	28695.6395
14	100	28892.8718
14	101	29091.2289
14	102	29290.675
14	103	29491.1731
14	104	29692.6845
14	105	29895.1692
14	106	30098.5852
14	107	30302.889
14	108	30508.0347
14	109	30713.9747
14	110	30920.6587
14	111	31128.0338
14	112	31336.0444
14	113	31544.6315
14	114	31753.7327
14	115	31963.2816
14	116	32173.2071
14	117	32383.4332
14	118	32593.8781
14	119	32804.4532
14	120	33015.0621
14	121	33225.5992
14	122	33435.948
14	123	33645.9788
14	124	33855.5459
14	125	34064.4831
14	126	34272.5985
14	127	34479.6658
14	128	34685.4116
14	129	34889.493
14	130	35091.4558
14	131	35290.6438
14	132	35486.0217
14	133	35676.054
14	134	35859.5422
15	0	19019.7941
15	1	19022.0606
15	2	19026.5934
15	3	19033.3922
15	4	19042.4563
15	5	19053.7851
15	6	19067.3776
15	7	19083.2327
15	8	19101.3492
15	9	19121.7255
15	10	19144.36
15	11	19169.2508
15	12	19196.396
15	13	19225.7932
15	14	19257.44
15	15	19291.3339
15	16	19327.4721
15	17	19365.8516
15	18	19406.4692
15	19	19449.3216
15	20	19494.4052
15	21	19541.7163
15	22	19591.2509
15	23	19643.005
15	24	19696.9741
15	25	19753.1537
15	26	19811.5392
15	27	19872.1257
15	28	19934.9079
15	29	19999.8806
15	30	20067.0383
15	31	20136.3752
15	32	20207.8854
15	33	20281.5628
15	34	20357.401
15	35	20435.3935
15	36	20515.5334
15	37	20597.8139
15	38	20682.2276
15	39	20768.7672
15	40	20857.4251
15	41	20948.1933
15	42	21041.0638
15	43	21136.0283
15	44	21233.0782
15	45	21332.2047
15	46	21433.3988
15	47	21536.6513
15	48	21641.9526
15	49	21749.2929
15	50	21858.6624
15	51	21970.0508
15	52	22083.4474
15	53	22198.8416
15	54	22316.2224
15	55	22435.5783
15	56	22556.8978
15	57	22680.1691
15	58	22805.38
15	59	22932.5181
15	60	23061.5706
15	61	23192.5244
15	62	23325.3663
15	63	23460.0825
15	64	23596.6591
15	65	23735.0817
15	66	23875.3357
15	67	24017.406
15	68	24161.2773
15	69	24306.9339
15	70	24454.3596
15	71	24603.5379
15	72	24754.452
15	73	24907.0845
15	74	25061.4177
15	75	25217.4335
15	76	25375.1132
15	77	25534.4377
15	78	25695.3874
15	79	25857.9424
15	80	26022.0819
15	81	26187.785
15	82	26355.0298
15	83	26523.7942
15	84	26694.0552
15	85	26865.7893
15	86	27038.9724
15	87	27213.5795
15	88	27389.5851
15	89	27566.9627
15	90	27745.6853
15	91	27925.7247
15	92	28107.0521
15	93	28289.6375
15	94	28473.4501
15	95	28658.458
15	96	28844.628
15	97	29031.9258
15	98	29220.3159
15	99	29409.7612
15	100	29600.2234
15	101	29791.6623
15	102	29984.0361
15	103	30177.3011
15	104	30371.4115
15	105	30566.3194
15	106	30761.9744
15	107	30958.3233
15	108	31155.31
15	109	31352.8751
15	110	31550.9555
15	111	31749.4838
15	112	31948.3882
15	113	32147.5913
15	114	32347.0098
15	115	32546.553
15	116	32746.1222
15	117	32945.6088
15	118	33144.8924
15	119	33343.8385
15	120	33542.2948
15	121	33740.0867
15	122	33937.0106
15	123	34132.8236
15	124	34327.2273
15	125	34519.838
15	126	34710.1257
15	127	34897.2849
15	128	35080.0453
15	129	35256.8906
15	130	35427.5304
16	0	19973.842
16	1	19976.0588
16	2	19980.492
16	3	19987.1414
16	4	19996.0063
16	5	20007.0861
16	6	20020.3797
16	7	20035.886
16	8	20053.6037
16	9	20073.5312
16	10	20095.6668
16	11	20120.0086
16	12	20146.5544
16	13	20175.3021
16	14	20206.249
16	15	20239.3924
16	16	20274.7296
16	17	20312.2573
16	18	20351.9724
16	19	20393.8712
16	20	20437.9502
16	21	20484.2055
16	22	20532.6329
16	23	20583.2282
16	24	20635.9868
16	25	20690.9042
16	26	20747.9753
16	27	20807.1951
16	28	20868.5582
16	29	20932.0591
16	30	20997.6921
16	31	21065.4512
16	32	21135.3302
16	33	21207.3228
16	34	21281.4223
16	35	21357.6218
16	36	21435.9144
16	37	21516.2927
16	38	21598.7492
16	39	21683.2762
16	40	21769.8657
16	41	21858.5095
16	42	21949.1991
16	43	22041.9258
16	44	22136.6807
16	45	22233.4545
16	46	22332.2379
16	47	22433.021
16	48	22535.794
16	49	22640.5467
16	50	22747.2684
16	51	22855.9484
16	52	22966.5757
16	53	23079.1389
16	54	23193.6264
16	55	23310.0263
16	56	23428.3263
16	57	23548.514
16	58	23670.5764
16	59	23794.5004
16	60	23920.2725
16	61	24047.8789
16	62	24177.3054
16	63	24308.5374
16	64	24441.5602
16	65	24576.3584
16	66	24712.9164
16	67	24851.2182
16	68	24991.2473
16	69	25132.9869
16	70	25276.4197
16	71	25421.528
16	72	25568.2937
16	73	25716.698
16	74	25866.7218
16	75	26018.3456
16	76	26171.5491
16	77	26326.3116
16	78	26482.6118
16	79	26640.4278
16	80	26799.7372
16	81	26960.5169
16	82	27122.7429
16	83	27286.3908
16	84	27451.4353
16	85	27617.8504
16	86	27785.6091
16	87	27954.6839
16	88	28125.046
16	89	28296.6658
16	90	28469.5127
16	91	28643.5549
16	92	28818.7596
16	93	28995.0927
16	94	29172.5187
16	95	29351.0007
16	96	29530.5004
16	97	29710.9777
16	98	29892.3907
16	99	30074.6958
16	100	30257.8469
16	101	30441.796
16	102	30626.4923
16	103	30811.8823
16	104	30997.9093
16	105	31184.5133
16	106	31371.6304
16	107	31559.1924
16	108	31747.1259
16	109	31935.3522
16	110	32123.7859
16	111	32312.3341
16	112	32500.8951
16	113	32689.3566
16	114	32877.5933
16	115	33065.4646
16	116	33252.8102
16	117	33439.4443
16	118	33625.1482
16	119	33809.6563
16	120	33992.6351
16	121	34173.6387
16	122	34352.0168
16	123	34526.7414
16	124	34696.3575
16	125	34859.9828
17	0	20891.0709
17	1	20893.2363
17	2	20897.5669
17	3	20904.0624
17	4	20912.722
17	5	20923.5451
17	6	20936.5306
17	7	20951.6773
17	8	20968.9839
17	9	20988.4488
17	10	21010.0701
17	11	21033.8458
17	12	21059.7738
17	13	21087.8517
17	14	21118.0769
17	15	21150.4465
17	16	21184.9576
17	17	21221.6069
17	18	21260.391
17	19	21301.3063
17	20	21344.349
17	21	21389.5149
17	22	21436.7999
17	23	21486.1995
17	24	21537.709
17	25	21591.3234
17	26	21647.0377
17	27	21704.8466
17	28	21764.7444
17	29	21826.7255
17	30	21890.7837
17	31	21956.913
17	32	22025.1067
17	33	22095.3583
17	34	22167.6608
17	35	22242.0071
17	36	22318.3898
17	37	22396.8012
17	38	22477.2335
17	39	22559.6785
17	40	22644.1279
17	41	22730.573
17	42	22819.005
17	43	22909.4147
17	44	23001.7927
17	45	23096.1294
17	46	23192.4147
17	47	23290.6385
17	48	23390.7903
17	49	23492.8591
17	50	23596.834
17	51	23702.7036
17	52	23810.4562
17	53	23920.0797
17	54	24031.5618
17	55	24144.8899
17	56	24260.051
17	57	24377.0318
17	58	24495.8186
17	59	24616.3974
17	60	24738.7539
17	61	24862.8731
17	62	24988.74
17	63	25116.3391
17	64	25245.6544
17	65	25376.6695
17	66	25509.3675
17	67	25643.7313
17	68	25779.7432
17	69	25917.3848
17	70	26056.6375
17	71	26197.4822
17	72	26339.899
17	73	26483.8677
17	74	26629.3674
17	75	26776.3766
17	76	26924.8732
17	77	27074.8344
17	78	27226.2368
17	79	27379.0563
17	80	27533.2678
17	81	27688.8457
17	82	27845.7635
17	83	28003.9937
17	84	28163.5079
17	85	28324.2768
17	86	28486.2699
17	87	28649.4559
17	88	28813.8019
17	89	28979.274
17	90	29145.8368
17	91	29313.4537
17	92	29482.0861
17	93	29651.6942
17	94	29822.2358
17	95	29993.6673
17	96	30165.9423
17	97	30339.0126
17	98	30512.8269
17	99	30687.3312
17	100	30862.4683
17	101	31038.1772
17	102	31214.3931
17	103	31391.0463
17	104	31568.0622
17	105	31745.36
17	106	31922.8518
17	107	32100.442
17	108	32278.025
17	109	32455.4837
17	110	32632.6869
17	111	32809.486
17	112	32985.71
17	113	33161.1586
17	114	33335.5919
17	115	33508.7124
17	116	33680.1325
17	117	33849.3048
17	118	34015.3814
17	119	34177.0744
17	120	34333.1713
17	121	34482.4993
18	0	21770.6821
18	1	21772.7946
18	2	21777.0192
18	3	21783.3557
18	4	21791.8033
18	5	21802.3613
18	6	21815.0286
18	7	21829.804
18	8	21846.686
18	9	21865.673
18	10	21886.763
18	11	21909.9541
18	12	21935.2438
18	13	21962.6298
18	14	21992.1093
18	15	22023.6793
18	16	22057.3367
18	17	22093.0782
18	18	22130.9002
18	19	22170.7989
18	20	22212.7702
18	21	22256.81
18	22	22302.9138
18	23	22351.0769
18	24	22401.2944
18	25	22453.5612
18	26	22507.8719
18	27	22564.2209
18	28	22622.6025
18	29	22683.0105
18	30	22745.4387
18	31	22809.8805
18	32	22876.3292
18	33	22944.7776
18	34	23015.2187
18	35	23087.6448
18	36	23162.0481
18	37	23238.4207
18	38	23316.7543
18	39	23397.0402
18	40	23479.2696
18	41	23563.4335
18	42	23649.5225
18	43	23737.5269
18	44	23827.4368
18	45	23919.2419
18	46	24012.9317
18	47	24108.4953
18	48	24205.9217
18	49	24305.1993
18	50	24406.3163
18	51	24509.2607
18	52	24614.02
18	53	24720.5813
18	54	24828.9316
18	55	24939.0574
18	56	25050.9447
18	57	25164.5793
18	58	25279.9465
18	59	25397.0313
18	60	25515.8182
18	61	25636.2914
18	62	25758.4344
18	63	25882.2306
18	64	26007.6626
18	65	26134.7126
18	66	26263.3625
18	67	26393.5935
18	68	26525.3862
18	69	26658.7208
18	70	26793.5768
18	71	26929.9331
18	72	27067.768
18	73	27207.0592
18	74	27347.7835
18	75	27489.9171
18	76	27633.4355
18	77	27778.3132
18	78	27924.524
18	79	28072.0408
18	80	28220.8354
18	81	28370.8787
18	82	28522.1406
18	83	28674.5897
18	84	28828.1935
18	85	28982.918
18	86	29138.7282
18	87	29295.5871
18	88	29453.4564
18	89	29612.296
18	90	29772.0639
18	91	29932.7158
18	92	30094.2054
18	93	30256.4838
18	94	30419.4994
18	95	30583.1974
18	96	30747.5196
18	97	30912.4042
18	98	31077.785
18	99	31243.5906
18	100	31409.7446
18	101	31576.1635
18	102	31742.7567
18	103	31909.4245
18	104	32076.0567
18	105	32242.53
18	106	32408.7053
18	107	32574.4233
18	108	32739.4987
18	109	32903.7108
18	110	33066.7892
18	111	33228.3869
18	112	33388.0255
18	113	33544.9799
18	114	33698.1222
18	115	33846.168
18	116	33988.99
19	0	22611.8246
19	1	22613.8821
19	2	22617.9971
19	3	22624.169
19	4	22632.3972
19	5	22642.6809
19	6	22655.0188
19	7	22669.4098
19	8	22685.8523
19	9	22704.3446
19	10	22724.8847
19	11	22747.4704
19	12	22772.0993
19	13	22798.7688
19	14	22827.4761
19	15	22858.218
19	16	22890.9914
19	17	22925.7925
19	18	22962.6178
19	19	23001.4632
19	20	23042.3245
19	21	23085.1973
19	22	23130.0769
19	23	23176.9583
19	24	23225.8364
19	25	23276.7058
19	26	23329.561
19	27	23384.3959
19	28	23441.2045
19	29	23499.9803
19	30	23560.7169
19	31	23623.4071
19	32	23688.044
19	33	23754.6201
19	34	23823.1278
19	35	23893.5589
19	36	23965.9055
19	37	24040.1589
19	38	24116.3103
19	39	24194.3508
19	40	24274.2709
19	41	24356.061
19	42	24439.7111
19	43	24525.2109
19	44	24612.55
19	45	24701.7173
19	46	24792.7016
19	47	24885.4914
19	48	24980.0748
19	49	25076.4395
19	50	25174.5729
19	51	25274.462
19	52	25376.0935
19	53	25479.4536
19	54	25584.5282
19	55	25691.3028
19	56	25799.7622
19	57	25909.8913
19	58	26021.674
19	59	26135.0941
19	60	26250.1349
19	61	26366.7789
19	62	26485.0085
19	63	26604.8052
19	64	26726.1502
19	65	26849.0241
19	66	26973.4068
19	67	27099.2776
19	68	27226.6152
19	69	27355.3975
19	70	27485.602
19	71	27617.2049
19	72	27750.1822
19	73	27884.5088
19	74	28020.1586
19	75	28157.1048
19	76	28295.3195
19	77	28434.7738
19	78	28575.4378
19	79	28717.2802
19	80	28860.2685
19	81	29004.3691
19	82	29149.5467
19	83	29295.7644
19	84	29442.9838
19	85	29591.1646
19	86	29740.2645
19	87	29890.239
19	88	30041.0413
19	89	30192.6219
19	90	30344.9284
19	91	30497.9052
19	92	30651.493
19	93	30805.6285
19	94	30960.2438
19	95	31115.2657
19	96	31270.6148
19	97	31426.2048
19	98	31581.9411
19	99	31737.7189
19	100	31893.4217
19	101	32048.9182
19	102	32204.0584
19	103	32358.6685
19	104	32512.5426
19	105	32665.4301
19	106	32817.0124
19	107	32966.8565
19	108	33114.3167
19	109	33258.3843
19	110	33397.8148
19	111	33532.3288
20	0	23413.5865
20	1	23415.5872
20	2	23419.5884
20	3	23425.5896
20	4	23433.5901
20	5	23443.5891
20	6	23455.5853
20	7	23469.5774
20	8	23485.5638
20	9	23503.5427
20	10	23523.512
20	11	23545.4694
20	12	23569.4124
20	13	23595.3382
20	14	23623.2438
20	15	23653.126
20	16	23684.9813
20	17	23718.8059
20	18	23754.596
20	19	23792.3473
20	20	23832.0554
20	21	23873.7156
20	22	23917.3229
20	23	23962.8722
20	24	24010.3579
20	25	24059.7745
20	26	24111.1159
20	27	24164.3759
20	28	24219.5481
20	29	24276.6256
20	30	24335.6015
20	31	24396.4683
20	32	24459.2186
20	33	24523.8445
20	34	24590.3378
20	35	24658.6901
20	36	24728.8925
20	37	24800.9361
20	38	24874.8116
20	39	24950.5091
20	40	25028.0188
20	41	25107.3303
20	42	25188.4329
20	43	25271.3158
20	44	25355.9674
20	45	25442.3762
20	46	25530.5301
20	47	25620.4166
20	48	25712.0229
20	49	25805.3358
20	50	25900.3418
20	51	25997.0266
20	52	26095.376
20	53	26195.375
20	54	26297.0082
20	55	26400.2599
20	56	26505.1136
20	57	26611.5526
20	58	26719.5596
20	59	26829.1166
20	60	26940.2052
20	61	27052.8064
20	62	27166.9005
20	63	27282.4673
20	64	27399.4858
20	65	27517.9343
20	66	27637.7905
20	67	27759.0313
20	68	27881.6327
20	69	28005.5699
20	70	28130.8172
20	71	28257.3479
20	72	28385.1344
20	73	28514.148
20	74	28644.3588
20	75	28775.7357
20	76	28908.2464
20	77	29041.857
20	78	29176.5323
20	79	29312.2353
20	80	29448.9274
20	81	29586.568
20	82	29725.1143
20	83	29864.5215
20	84	30004.742
20	85	30145.7256
20	86	30287.4189
20	87	30429.765
20	88	30572.7033
20	89	30716.1686
20	90	30860.0907
20	91	31004.3938
20	92	31148.9951
20	93	31293.8042
20	94	31438.721
20	95	31583.6343
20	96	31728.419
20	97	31872.9324
20	98	32017.0095
20	99	32160.4552
20	100	32303.0326
20	101	32444.4421
20	102	32584.2784
20	103	32721.9414
20	104	32856.496
20	105	32986.7745
20	106	33112.4558
21	0	24174.987
21	1	24176.9286
21	2	24180.8113
21	3	24186.6349
21	4	24194.3985
21	5	24204.1013
21	6	24215.7419
21	7	24229.3189
21	8	24244.8307
21	9	24262.2753
21	10	24281.6506
21	11	24302.954
21	12	24326.1829
21	13	24351.3344
21	14	24378.4053
21	15	24407.3922
21	16	24438.2913
21	17	24471.0988
21	18	24505.8105
21	19	24542.4219
21	20	24580.9282
21	21	24621.3246
21	22	24663.6057
21	23	24707.7661
21	24	24753.7999
21	25	24801.701
21	26	24851.4633
21	27	24903.0799
21	28	24956.544
21	29	25011.8484
21	30	25068.9856
21	31	25127.9477
21	32	25188.7268
21	33	25251.3143
21	34	25315.7015
21	35	25381.8794
21	36	25449.8387
21	37	25519.5695
21	38	25591.0619
21	39	25664.3054
21	40	25739.2894
21	41	25816.0026
21	42	25894.4336
21	43	25974.5706
21	44	26056.4012
21	45	26139.9128
21	46	26225.0924
21	47	26311.9263
21	48	26400.4008
21	49	26490.5014
21	50	26582.2133
21	51	26675.521
21	52	26770.4089
21	53	26866.8605
21	54	26964.859
21	55	27064.3869
21	56	27165.4262
21	57	27267.9584
21	58	27371.9641
21	59	27477.4235
21	60	27584.316
21	61	27692.6204
21	62	27802.3145
21	63	27913.3757
21	64	28025.7801
21	65	28139.5032
21	66	28254.5197
21	67	28370.803
21	68	28488.3257
21	69	28607.0591
21	70	28726.9736
21	71	28848.0379
21	72	28970.2198
21	73	29093.4853
21	74	29217.7991
21	75	29343.1238
21	76	29469.4207
21	77	29596.6485
21	78	29724.7642
21	79	29853.7219
21	80	29983.4733
21	81	30113.9671
21	82	30245.1486
21	83	30376.9593
21	84	30509.3365
21	85	30642.2126
21	86	30775.5147
21	87	30909.163
21	88	31043.0705
21	89	31177.1409
21	90	31311.2671
21	91	31445.3286
21	92	31579.1882
21	93	31712.6869
21	94	31845.6369
21	95	31977.81
21	96	32108.9166
21	97	32238.5638
21	98	32366.1672
21	99	32490.8243
21	100	32611.4589
21	101	32727.8861
22	0	24894.9645
22	1	24896.8442
22	2	24900.6034
22	3	24906.2416
22	4	24913.7579
22	5	24923.1514
22	6	24934.4208
22	7	24947.5646
22	8	24962.5808
22	9	24979.4675
22	10	24998.2224
22	11	25018.8428
22	12	25041.3259
22	13	25065.6686
22	14	25091.8675
22	15	25119.9189
22	16	25149.819
22	17	25181.5634
22	18	25215.1478
22	19	25250.5673
22	20	25287.817
22	21	25326.8915
22	22	25367.7852
22	23	25410.4922
22	24	25455.0063
22	25	25501.3211
22	26	25549.4296
22	27	25599.3248
22	28	25650.9993
22	29	25704.4453
22	30	25759.6548
22	31	25816.6194
22	32	25875.3304
22	33	25935.7786
22	34	25997.9547
22	35	26061.8489
22	36	26127.451
22	37	26194.7506
22	38	26263.7368
22	39	26334.3983
22	40	26406.7233
22	41	26480.6999
22	42	26556.3155
22	43	26633.5571
22	44	26712.4114
22	45	26792.8644
22	46	26874.9019
22	47	26958.5091
22	48	27043.6705
22	49	27130.3704
22	50	27218.5923
22	51	27308.3192
22	52	27399.5336
22	53	27492.2172
22	54	27586.3513
22	55	27681.9163
22	56	27778.892
22	57	27877.2575
22	58	27976.991
22	59	28078.07
22	60	28180.4711
22	61	28284.1701
22	62	28389.1415
22	63	28495.3591
22	64	28602.7956
22	65	28711.4224
22	66	28821.2097
22	67	28932.1265
22	68	29044.1402
22	69	29157.2167
22	70	29271.3202
22	71	29386.4134
22	72	29502.4565
22	73	29619.4081
22	74	29737.2239
22	75	29855.8574
22	76	29975.2589
22	77	30095.3756
22	78	30216.1511
22	79	30337.5246
22	80	30459.4308
22	81	30581.7988
22	82	30704.5516
22	83	30827.6046
22	84	30950.8644
22	85	31074.2268
22	86	31197.5746
22	87	31320.7739
22	88	31443.6692
22	89	31566.0763
22	90	31687.7699
22	91	31808.4617
22	92	31927.7544
22	93	32045.0484
22	94	32159.4403
22	95	32270.0028
22	96	32376.7818
23	0	25572.3628
23	1	25574.1778
23	2	25577.8075
23	3	25583.2515
23	4	25590.5087
23	5	25599.5782
23	6	25610.4586
23	7	25623.1483
23	8	25637.6452
23	9	25653.9472
23	10	25672.0518
23	11	25691.9562
23	12	25713.6573
23	13	25737.1519
23	14	25762.4362
23	15	25789.5064
23	16	25818.3582
23	17	25848.9871
23	18	25881.3883
23	19	25915.5567
23	20	25951.4869
23	21	25989.1731
23	22	26028.6093
23	23	26069.7891
23	24	26112.7058
23	25	26157.3525
23	26	26203.7217
23	27	26251.8058
23	28	26301.5967
23	29	26353.0861
23	30	26406.2652
23	31	26461.125
23	32	26517.6558
23	33	26575.8479
23	34	26635.6909
23	35	26697.1743
23	36	26760.2869
23	37	26825.0173
23	38	26891.3535
23	39	26959.2832
23	40	27028.7935
23	41	27099.871
23	42	27172.5021
23	43	27246.6723
23	44	27322.3669
23	45	27399.5705
23	46	27478.2671
23	47	27558.4402
23	48	27640.0727
23	49	27723.1467
23	50	27807.6439
23	51	27893.5451
23	52	27980.8305
23	53	28069.4793
23	54	28159.4702
23	55	28250.7809
23	56	28343.3882
23	57	28437.2679
23	58	28532.395
23	59	28628.7432
23	60	28726.2853
23	61	28824.9925
23	62	28924.8351
23	63	29025.7818
23	64	29127.7998
23	65	29230.8546
23	66	29334.9102
23	67	29439.9283
23	68	29545.8686
23	69	29652.6886
23	70	29760.3431
23	71	29868.784
23	72	29977.96
23	73	30087.8162
23	74	30198.2937
23	75	30309.3288
23	76	30420.8525
23	77	30532.7893
23	78	30645.0565
23	79	30757.5624
23	80	30870.2047
23	81	30982.8675
23	82	31095.4183
23	83	31207.7021
23	84	31319.534
23	85	31430.6849
23	86	31540.8558
23	87	31649.6219
23	88	31756.3325
23	89	31860.0795
23	90	31960.2534
24	0	26205.9144
24	1	26207.6613
24	2	26211.1548
24	3	26216.3943
24	4	26223.3789
24	5	26232.1075
24	6	26242.5785
24	7	26254.7901
24	8	26268.7404
24	9	26284.4268
24	10	26301.8466
24	11	26320.997
24	12	26341.8746
24	13	26364.4757
24	14	26388.7964
24	15	26414.8325
24	16	26442.5794
24	17	26472.0323
24	18	26503.1858
24	19	26536.0345
24	20	26570.5724
24	21	26606.7933
24	22	26644.6907
24	23	26684.2576
24	24	26725.4867
24	25	26768.3704
24	26	26812.9006
24	27	26859.069
24	28	26906.8668
24	29	26956.2847
24	30	27007.3133
24	31	27059.9423
24	32	27114.1616
24	33	27169.9601
24	34	27227.3266
24	35	27286.2492
24	36	27346.7158
24	37	27408.7136
24	38	27472.2293
24	39	27537.2492
24	40	27603.7588
24	41	27671.7435
24	42	27741.1876
24	43	27812.0752
24	44	27884.3894
24	45	27958.113
24	46	28033.2278
24	47	28109.7151
24	48	28187.5554
24	49	28266.7282
24	50	28347.2125
24	51	28428.9861
24	52	28512.026
24	53	28596.3081
24	54	28681.8076
24	55	28768.498
24	56	28856.3521
24	57	28945.3411
24	58	29035.4349
24	59	29126.6019
24	60	29218.8089
24	61	29312.021
24	62	29406.2011
24	63	29501.3103
24	64	29597.3072
24	65	29694.1479
24	66	29791.7855
24	67	29890.1701
24	68	29989.248
24	69	30088.9614
24	70	30189.2479
24	71	30290.0394
24	72	30391.2618
24	73	30492.8329
24	74	30594.6618
24	75	30696.6462
24	76	30798.67
24	77	30900.5989
24	78	31002.2748
24	79	31103.506
24	80	31204.0497
24	81	31303.5763
24	82	31401.5971
24	83	31497.3776
24	84	31590.1197
24	85	31679.8326
25	0	26794.218
25	1	26795.8929
25	2	26799.2423
25	3	26804.2655
25	4	26810.9617
25	5	26819.3296
25	6	26829.3674
25	7	26841.0733
25	8	26854.445
25	9	26869.4798
25	10	26886.1749
25	11	26904.527
25	12	26924.5324
25	13	26946.1872
25	14	26969.4871
25	15	26994.4274
25	16	27021.0032
25	17	27049.209
25	18	27079.0392
25	19	27110.4877
25	20	27143.548
25	21	27178.2132
25	22	27214.4762
25	23	27252.3292
25	24	27291.7643
25	25	27332.773
25	26	27375.3465
25	27	27419.4753
25	28	27465.1499
25	29	27512.3599
25	30	27561.0948
25	31	27611.3433
25	32	27663.0939
25	33	27716.3344
25	34	27771.0521
25	35	27827.2338
25	36	27884.8657
25	37	27943.9334
25	38	28004.422
25	39	28066.3157
25	40	28129.5984
25	41	28194.2531
25	42	28260.262
25	43	28327.6068
25	44	28396.268
25	45	28466.2258
25	46	28537.4589
25	47	28609.9456
25	48	28683.6629
25	49	28758.5869
25	50	28834.6924
25	51	28911.953
25	52	28990.3413
25	53	29069.8282
25	54	29150.3831
25	55	29231.9739
25	56	29314.5668
25	57	29398.1259
25	58	29482.6131
25	59	29567.9881
25	60	29654.2081
25	61	29741.2271
25	62	29828.996
25	63	29917.462
25	64	30006.568
25	65	30096.2521
25	66	30186.4466
25	67	30277.0774
25	68	30368.0621
25	69	30459.3088
25	70	30550.7132
25	71	30642.1562
25	72	30733.498
25	73	30824.5712
25	74	30915.1673
25	75	31005.0103
25	76	31093.7018
25	77	31180.6382
25	78	31265.0672
25	79	31346.7208
26	0	27335.7098
26	1	27337.308
26	2	27340.504
26	3	27345.2971
26	4	27351.6863
26	5	27359.6701
26	6	27369.2467
26	7	27380.4141
26	8	27393.1696
26	9	27407.5104
26	10	27423.4332
26	11	27440.9345
26	12	27460.0102
26	13	27480.6561
26	14	27502.8672
26	15	27526.6384
26	16	27551.9643
26	17	27578.8389
26	18	27607.2557
26	19	27637.2081
26	20	27668.6888
26	21	27701.6902
26	22	27736.2043
26	23	27772.2224
26	24	27809.7356
26	25	27848.7345
26	26	27889.209
26	27	27931.1487
26	28	27974.5427
26	29	28019.3793
26	30	28065.6466
26	31	28113.3319
26	32	28162.4219
26	33	28212.9028
26	34	28264.7601
26	35	28317.9786
26	36	28372.5425
26	37	28428.4352
26	38	28485.6393
26	39	28544.1366
26	40	28603.9081
26	41	28664.9339
26	42	28727.1933
26	43	28790.6642
26	44	28855.3238
26	45	28921.1479
26	46	28988.1115
26	47	29056.1877
26	48	29125.3486
26	49	29195.5646
26	50	29266.8047
26	51	29339.0357
26	52	29412.2226
26	53	29486.3284
26	54	29561.3134
26	55	29637.1353
26	56	29713.7489
26	57	29791.1055
26	58	29869.1524
26	59	29947.8328
26	60	30027.0843
26	61	30106.8388
26	62	30187.0206
26	63	30267.5455
26	64	30348.3183
26	65	30429.2299
26	66	30510.1534
26	67	30590.9371
26	68	30671.3927
26	69	30751.2728
26	70	30830.2232
26	71	30907.7108
26	72	30983.068
26	73	31056.0305
27	0	27828.6252
27	1	27830.1411
27	2	27833.1726
27	3	27837.7188
27	4	27843.7786
27	5	27851.3504
27	6	27860.4321
27	7	27871.0214
27	8	27883.1154
27	9	27896.711
27	10	27911.8044
27	11	27928.3917
27	12	27946.4683
27	13	27966.0294
27	14	27987.0695
27	15	28009.583
27	16	28033.5634
27	17	28059.0042
27	18	28085.8982
27	19	28114.2376
27	20	28144.0143
27	21	28175.2197
27	22	28207.8446
27	23	28241.8792
27	24	28277.3133
27	25	28314.136
27	26	28352.336
27	27	28391.9012
27	28	28432.8189
27	29	28475.0758
27	30	28518.658
27	31	28563.5506
27	32	28609.7384
27	33	28657.2049
27	34	28705.9332
27	35	28755.9054
27	36	28807.1025
27	37	28859.5049
27	38	28913.0916
27	39	28967.8408
27	40	29023.7294
27	41	29080.733
27	42	29138.8259
27	43	29197.9811
27	44	29258.1698
27	45	29319.3616
27	46	29381.5242
27	47	29444.6232
27	48	29508.6221
27	49	29573.4815
27	50	29639.1596
27	51	29705.611
27	52	29772.7869
27	53	29840.6343
27	54	29909.0951
27	55	29978.1058
27	56	30047.5958
27	57	30117.4864
27	58	30187.6883
27	59	30258.0996
27	60	30328.6007
27	61	30399.0484
27	62	30469.2636
27	63	30539.0076
27	64	30607.9336
27	65	30675.5307
27	66	30741.2362
27	67	30805.0096
28	0	28270.9456
28	1	28272.3725
28	2	28275.2258
28	3	28279.5046
28	4	28285.2075
28	5	28292.3327
28	6	28300.8781
28	7	28310.8407
28	8	28322.2174
28	9	28335.0046
28	10	28349.1981
28	11	28364.7932
28	12	28381.7847
28	13	28400.1672
28	14	28419.9344
28	15	28441.0796
28	16	28463.5958
28	17	28487.475
28	18	28512.7091
28	19	28539.2891
28	20	28567.2056
28	21	28596.4485
28	22	28627.0071
28	23	28658.87
28	24	28692.0253
28	25	28726.4601
28	26	28762.1609
28	27	28799.1135
28	28	28837.3029
28	29	28876.7131
28	30	28917.3273
28	31	28959.1277
28	32	29002.0957
28	33	29046.2113
28	34	29091.4537
28	35	29137.8007
28	36	29185.2288
28	37	29233.7131
28	38	29283.2273
28	39	29333.7432
28	40	29385.2311
28	41	29437.659
28	42	29490.9929
28	43	29545.1962
28	44	29600.2297
28	45	29656.051
28	46	29712.6141
28	47	29769.8692
28	48	29827.7613
28	49	29886.23
28	50	29945.2084
28	51	30004.6208
28	52	30064.3816
28	53	30124.3918
28	54	30184.5342
28	55	30244.6659
28	56	30304.6035
28	57	30364.0911
28	58	30422.7497
28	59	30480.0818
28	60	30535.7801
29	0	28660.3233
29	1	28661.6524
29	2	28664.3102
29	3	28668.2955
29	4	28673.6067
29	5	28680.2418
29	6	28688.1981
29	7	28697.4724
29	8	28708.0609
29	9	28719.9594
29	10	28733.1629
29	11	28747.666
29	12	28763.4627
29	13	28780.5462
29	14	28798.9095
29	15	28818.5446
29	16	28839.4429
29	17	28861.5952
29	18	28884.9917
29	19	28909.6217
29	20	28935.4739
29	21	28962.5361
29	22	28990.7954
29	23	29020.2379
29	24	29050.849
29	25	29082.613
29	26	29115.5132
29	27	29149.5321
29	28	29184.6506
29	29	29220.8489
29	30	29258.1055
29	31	29296.3978
29	32	29335.7016
29	33	29375.9909
29	34	29417.2381
29	35	29459.4135
29	36	29502.4853
29	37	29546.4192
29	38	29591.1781
29	39	29636.7219
29	40	29683.0067
29	41	29729.9847
29	42	29777.6029
29	43	29825.8028
29	44	29874.5186
29	45	29923.6755
29	46	29973.1877
29	47	30022.9539
29	48	30072.8511
29	49	30122.7228
29	50	30172.3523
29	51	30221.4214
29	52	30269.5141
29	53	30316.3642
29	54	30362.254
30	0	28993.967
30	1	28995.1871
30	2	28997.6264
30	3	29001.2839
30	4	29006.1576
30	5	29012.2449
30	6	29019.5426
30	7	29028.0468
30	8	29037.753
30	9	29048.6559
30	10	29060.7496
30	11	29074.0275
30	12	29088.4821
30	13	29104.1054
30	14	29120.8883
30	15	29138.8211
30	16	29157.8933
30	17	29178.0933
30	18	29199.4088
30	19	29221.8264
30	20	29245.3317
30	21	29269.9092
30	22	29295.5423
30	23	29322.2132
30	24	29349.9026
30	25	29378.5899
30	26	29408.253
30	27	29438.868
30	28	29470.4093
30	29	29502.8491
30	30	29536.1574
30	31	29570.3016
30	32	29605.2462
30	33	29640.9525
30	34	29677.3778
30	35	29714.4749
30	36	29752.1912
30	37	29790.4673
30	38	29829.2358
30	39	29868.4181
30	40	29907.9212
30	41	29947.6299
30	42	29987.3934
30	43	30026.9961
30	44	30066.1303
30	45	30104.4775
30	46	30142.0296
31	0	29268.4601
31	1	29269.555
31	2	29271.7441
31	3	29275.0258
31	4	29279.3975
31	5	29284.856
31	6	29291.3972
31	7	29299.0162
31	8	29307.707
31	9	29317.4629
31	10	29328.2763
31	11	29340.1385
31	12	29353.0398
31	13	29366.9695
31	14	29381.9159
31	15	29397.866
31	16	29414.8055
31	17	29432.7189
31	18	29451.5894
31	19	29471.3984
31	20	29492.1257
31	21	29513.7496
31	22	29536.2459
31	23	29559.5885
31	24	29583.7487
31	25	29608.6948
31	26	29634.392
31	27	29660.8014
31	28	29687.8798
31	29	29715.5781
31	30	29743.8403
31	31	29772.6013
31	32	29801.7838
31	33	29831.292
31	34	29860.9989
31	35	29890.7223
31	36	29920.2106
31	37	29949.242
31	38	29977.8873
32	0	29479.4368
32	1	29480.3822
32	2	29482.2719
32	3	29485.1036
32	4	29488.8738
32	5	29493.578
32	6	29499.2103
32	7	29505.7637
32	8	29513.2298
32	9	29521.5989
32	10	29530.8598
32	11	29540.9997
32	12	29552.0044
32	13	29563.8576
32	14	29576.5414
32	15	29590.0354
32	16	29604.3169
32	17	29619.3605
32	18	29635.1376
32	19	29651.6159
32	20	29668.7585
32	21	29686.523
32	22	29704.86
32	23	29723.7101
32	24	29743.0001
32	25	29762.6319
32	26	29782.4621
32	27	29802.3013
32	28	29822.0205
32	29	29841.7393
33	0	29620.9133
33	1	29621.6637
33	2	29623.1624
33	3	29625.4054
33	4	29628.3867
33	5	29632.0979
33	6	29636.5284
33	7	29641.6649
33	8	29647.4914
33	9	29653.9884
33	10	29661.1328
33	11	29668.8966
33	12	29677.2459
33	13	29686.1382
33	14	29695.5186
33	15	29705.3057
33	16	29715.3745
33	17	29725.6326
33	18	29736.1614
33	19	29747.1445
34	0	29683.3412
34	1	29683.7209
34	2	29684.4518
