0	0	863.2244
0	1	866.4813
0	2	872.9949
0	3	882.765
0	4	895.7911
0	5	912.0727
0	6	931.609
0	7	954.3992
0	8	980.4424
0	9	1009.7374
0	10	1042.283
0	11	1078.0777
0	12	1117.12
0	13	1159.4082
0	14	1204.9405
0	15	1253.7149
0	16	1305.7293
0	17	1360.9814
0	18	1419.4689
0	19	1481.1892
0	20	1546.1397
0	21	1614.3176
0	22	1685.7198
0	23	1760.3434
0	24	1838.185
0	25	1919.2413
0	26	2003.5088
0	27	2090.9838
0	28	2181.6626
0	29	2275.5412
0	30	2372.6154
0	31	2472.8812
0	32	2576.3341
0	33	2682.9697
0	34	2792.7833
0	35	2905.7701
0	36	3021.9253
0	37	3141.2437
0	38	3263.7201
0	39	3389.3493
0	40	3518.1257
0	41	3650.0437
0	42	3785.0976
0	43	3923.2814
0	44	4064.5891
0	45	4209.0146
0	46	4356.5515
0	47	4507.1933
0	48	4660.9334
0	49	4817.7652
0	50	4977.6816
0	51	5140.6757
0	52	5306.7404
0	53	5475.8682
0	54	5648.0518
0	55	5823.2836
0	56	6001.5558
0	57	6182.8605
0	58	6367.1898
0	59	6554.5356
0	60	6744.8894
0	61	6938.2429
0	62	7134.5874
0	63	7333.9144
0	64	7536.2148
0	65	7741.4798
0	66	7949.7001
0	67	8160.8665
0	68	8374.9696
0	69	8591.9997
0	70	8811.9472
0	71	9034.8023
0	72	9260.5548
0	73	9489.1947
0	74	9720.7116
0	75	9955.0953
0	76	10192.335
0	77	10432.4201
0	78	10675.3396
0	79	10921.0827
0	80	11169.6382
0	81	11420.9946
0	82	11675.1408
0	83	11932.0649
0	84	12191.7553
0	85	12454.2001
0	86	12719.3874
0	87	12987.3048
0	88	13257.9402
0	89	13531.2809
0	90	13807.3145
0	91	14086.0281
0	92	14367.4088
0	93	14651.4436
0	94	14938.1191
0	95	15227.4222
0	96	15519.3392
0	97	15813.8564
0	98	16110.96
0	99	16410.6361
0	100	16712.8705
0	101	17017.6489
0	102	17324.9568
0	103	17634.7796
0	104	17947.1026
0	105	18261.9109
0	106	18579.1892
0	107	18898.9224
0	108	19221.0951
0	109	19545.6916
0	110	19872.6962
0	111	20202.0931
0	112	20533.866
0	113	20867.9988
0	114	21204.4751
0	115	21543.2781
0	116	21884.3912
0	117	22227.7974
0	118	22573.4795
0	119	22921.4203
0	120	23271.6022
0	121	23624.0076
0	122	23978.6186
0	123	24335.4171
0	124	24694.3849
0	125	25055.5036
0	126	25418.7544
0	127	25784.1187
0	128	26151.5772
0	129	26521.1109
0	130	26892.7001
0	131	27266.3253
0	132	27641.9666
0	133	28019.6039
0	134	28399.2168
0	135	28780.7848
0	136	29164.287
0	137	29549.7026
0	138	29937.0102
0	139	30326.1883
0	140	30717.2151
0	141	31110.0687
0	142	31504.7268
0	143	31901.1667
0	144	32299.3658
0	145	32699.3009
0	146	33100.9487
0	147	33504.2853
0	148	33909.287
0	149	34315.9293
0	150	34724.1877
0	151	35134.0371
0	152	35545.4525
0	153	35958.408
0	154	36372.8778
0	155	36788.8354
0	156	37206.2542
0	157	37625.107
0	158	38045.3662
0	159	38467.0039
0	160	38889.9917
0	161	39314.3007
0	162	39739.9016
0	163	40166.7646
0	164	40594.8592
0	165	41024.1548
0	166	41454.6197
0	167	41886.2221
0	168	42318.9293
0	169	42752.7081
0	170	43187.5246
0	171	43623.3442
0	172	44060.1315
0	173	44497.8505
0	174	44936.4642
0	175	45375.935
0	176	45816.224
0	177	46257.2918
0	178	46699.0977
0	179	47141.6
0	180	47584.7559
0	181	48028.5213
0	182	48472.8509
0	183	48917.6978
0	184	49363.014
0	185	49808.7495
0	186	50254.8529
0	187	50701.2705
0	188	51147.9471
0	189	51594.8249
0	190	52041.8439
0	191	52488.9413
0	192	52936.0516
0	193	53383.1059
0	194	53830.0319
0	195	54276.7532
0	196	54723.1892
0	197	55169.2539
0	198	55614.856
0	199	56059.8974
0	200	56504.2725
0	201	56947.867
0	202	57390.556
0	203	57832.2022
0	204	58272.6533
0	205	58711.7378
0	206	59149.2602
0	207	59584.9934
0	208	60018.6662
0	209	60449.9422
0	210	60878.3793
0	211	61303.3539
0	212	61723.9518
0	213	62138.9747
0	214	62547.5564
0	215	62949.9953
1	0	2568.2997
1	1	2571.5202
1	2	2577.9612
1	3	2587.6223
1	4	2600.5032
1	5	2616.6032
1	6	2635.9216
1	7	2658.4576
1	8	2684.2103
1	9	2713.1784
1	10	2745.3607
1	11	2780.7557
1	12	2819.362
1	13	2861.1779
1	14	2906.2014
1	15	2954.4306
1	16	3005.8634
1	17	3060.4976
1	18	3118.3306
1	19	3179.36
1	20	3243.5831
1	21	3310.9971
1	22	3381.5989
1	23	3455.3855
1	24	3532.3536
1	25	3612.4998
1	26	3695.8206
1	27	3782.3123
1	28	3871.971
1	29	3964.7929
1	30	4060.7738
1	31	4159.9094
1	32	4262.1954
1	33	4367.6272
1	34	4476.2003
1	35	4587.9096
1	36	4702.7504
1	37	4820.7175
1	38	4941.8056
1	39	5066.0094
1	40	5193.3234
1	41	5323.7419
1	42	5457.259
1	43	5593.8689
1	44	5733.5655
1	45	5876.3424
1	46	6022.1934
1	47	6171.1119
1	48	6323.0913
1	49	6478.1247
1	50	6636.2053
1	51	6797.3258
1	52	6961.4791
1	53	7128.6579
1	54	7298.8545
1	55	7472.0614
1	56	7648.2706
1	57	7827.4744
1	58	8009.6646
1	59	8194.8329
1	60	8382.971
1	61	8574.0703
1	62	8768.1222
1	63	8965.1179
1	64	9165.0484
1	65	9367.9046
1	66	9573.6773
1	67	9782.3571
1	68	9993.9344
1	69	10208.3996
1	70	10425.7428
1	71	10645.954
1	72	10869.0232
1	73	11094.9401
1	74	11323.6942
1	75	11555.275
1	76	11789.6718
1	77	12026.8738
1	78	12266.8698
1	79	12509.6489
1	80	12755.1995
1	81	13003.5104
1	82	13254.5699
1	83	13508.3662
1	84	13764.8875
1	85	14024.1217
1	86	14286.0565
1	87	14550.6796
1	88	14817.9785
1	89	15087.9406
1	90	15360.5529
1	91	15635.8026
1	92	15913.6764
1	93	16194.1611
1	94	16477.2432
1	95	16762.9091
1	96	17051.1451
1	97	17341.9371
1	98	17635.2712
1	99	17931.1331
1	100	18229.5082
1	101	18530.3822
1	102	18833.7401
1	103	19139.5671
1	104	19447.8482
1	105	19758.568
1	106	20071.7111
1	107	20387.2619
1	108	20705.2047
1	109	21025.5235
1	110	21348.2022
1	111	21673.2244
1	112	22000.5738
1	113	22330.2336
1	114	22662.187
1	115	22996.4169
1	116	23332.9062
1	117	23671.6373
1	118	24012.5928
1	119	24355.7547
1	120	24701.1052
1	121	25048.6259
1	122	25398.2985
1	123	25750.1044
1	124	26104.0247
1	125	26460.0404
1	126	26818.1323
1	127	27178.2809
1	128	27540.4665
1	129	27904.6691
1	130	28270.8686
1	131	28639.0447
1	132	29009.1767
1	133	29381.2437
1	134	29755.2246
1	135	30131.098
1	136	30508.8423
1	137	30888.4356
1	138	31269.8556
1	139	31653.08
1	140	32038.086
1	141	32424.8505
1	142	32813.3503
1	143	33203.5616
1	144	33595.4605
1	145	33989.0228
1	146	34384.2238
1	147	34781.0385
1	148	35179.4416
1	149	35579.4075
1	150	35980.9101
1	151	36383.9229
1	152	36788.4191
1	153	37194.3714
1	154	37601.7522
1	155	38010.5332
1	156	38420.6858
1	157	38832.181
1	158	39244.9892
1	159	39659.0803
1	160	40074.4235
1	161	40490.9878
1	162	40908.7412
1	163	41327.6513
1	164	41747.6851
1	165	42168.8088
1	166	42590.988
1	167	43014.1873
1	168	43438.3709
1	169	43863.5018
1	170	44289.5425
1	171	44716.4541
1	172	45144.1971
1	173	45572.7309
1	174	46002.0137
1	175	46432.0026
1	176	46862.6532
1	177	47293.9202
1	178	47725.7564
1	179	48158.1134
1	180	48590.9409
1	181	49024.1869
1	182	49457.7974
1	183	49891.7164
1	184	50325.8853
1	185	50760.2432
1	186	51194.7264
1	187	51629.2679
1	188	52063.7976
1	189	52498.2414
1	190	52932.521
1	191	53366.5533
1	192	53800.2497
1	193	54233.5153
1	194	54666.2484
1	195	55098.3386
1	196	55529.6659
1	197	55960.0985
1	198	56389.4907
1	199	56817.6794
1	200	57244.4798
1	201	57669.6794
1	202	58093.0285
1	203	58514.2255
1	204	58932.8914
1	205	59348.5197
1	206	59760.3794
1	207	60167.3577
1	208	60567.9338
1	209	60960.9689
1	210	61345.4004
2	0	4244.4151
2	1	4247.5988
2	2	4253.966
2	3	4263.5166
2	4	4276.2499
2	5	4292.1655
2	6	4311.2627
2	7	4333.5406
2	8	4358.9982
2	9	4387.6343
2	10	4419.4477
2	11	4454.437
2	12	4492.6006
2	13	4533.9367
2	14	4578.4436
2	15	4626.1192
2	16	4676.9614
2	17	4730.9679
2	18	4788.1363
2	19	4848.464
2	20	4911.9484
2	21	4978.5865
2	22	5048.3754
2	23	5121.3119
2	24	5197.3927
2	25	5276.6145
2	26	5358.9737
2	27	5444.4665
2	28	5533.0891
2	29	5624.8375
2	30	5719.7076
2	31	5817.6951
2	32	5918.7956
2	33	6023.0044
2	34	6130.317
2	35	6240.7284
2	36	6354.2336
2	37	6470.8276
2	38	6590.5049
2	39	6713.2603
2	40	6839.088
2	41	6967.9825
2	42	7099.9378
2	43	7234.948
2	44	7373.0068
2	45	7514.108
2	46	7658.2452
2	47	7805.4118
2	48	7955.6011
2	49	8108.8061
2	50	8265.0199
2	51	8424.2353
2	52	8586.4451
2	53	8751.6417
2	54	8919.8175
2	55	9090.9649
2	56	9265.0759
2	57	9442.1425
2	58	9622.1566
2	59	9805.1097
2	60	9990.9934
2	61	10179.7992
2	62	10371.5182
2	63	10566.1415
2	64	10763.6601
2	65	10964.0647
2	66	11167.346
2	67	11373.4945
2	68	11582.5005
2	69	11794.3542
2	70	12009.0457
2	71	12226.5649
2	72	12446.9014
2	73	12670.045
2	74	12895.985
2	75	13124.7107
2	76	13356.2113
2	77	13590.4757
2	78	13827.4928
2	79	14067.2513
2	80	14309.7396
2	81	14554.9462
2	82	14802.8593
2	83	15053.4669
2	84	15306.7569
2	85	15562.7171
2	86	15821.335
2	87	16082.5981
2	88	16346.4937
2	89	16613.0088
2	90	16882.1304
2	91	17153.8452
2	92	17428.14
2	93	17705.0011
2	94	17984.4148
2	95	18266.3673
2	96	18550.8445
2	97	18837.8321
2	98	19127.3159
2	99	19419.2812
2	100	19713.7134
2	101	20010.5974
2	102	20309.9184
2	103	20611.6609
2	104	20915.8095
2	105	21222.3487
2	106	21531.2627
2	107	21842.5354
2	108	22156.1507
2	109	22472.0923
2	110	22790.3436
2	111	23110.8879
2	112	23433.7082
2	113	23758.7874
2	114	24086.1083
2	115	24415.6532
2	116	24747.4045
2	117	25081.3443
2	118	25417.4543
2	119	25755.7162
2	120	26096.1115
2	121	26438.6213
2	122	26783.2267
2	123	27129.9084
2	124	27478.6469
2	125	27829.4225
2	126	28182.2153
2	127	28537.0051
2	128	28893.7715
2	129	29252.4937
2	130	29613.1508
2	131	29975.7215
2	132	30340.1845
2	133	30706.518
2	134	31074.6998
2	135	31444.7078
2	136	31816.5192
2	137	32190.1111
2	138	32565.4603
2	139	32942.5432
2	140	33321.3359
2	141	33701.8142
2	142	34083.9536
2	143	34467.7291
2	144	34853.1154
2	145	35240.0868
2	146	35628.6172
2	147	36018.6802
2	148	36410.2489
2	149	36803.2959
2	150	37197.7934
2	151	37593.7133
2	152	37991.0267
2	153	38389.7044
2	154	38789.7166
2	155	39191.033
2	156	39593.6228
2	157	39997.4545
2	158	40402.4959
2	159	40808.7143
2	160	41216.0763
2	161	41624.5477
2	162	42034.0935
2	163	42444.6782
2	164	42856.265
2	165	43268.8168
2	166	43682.2949
2	167	44096.6602
2	168	44511.8723
2	169	44927.8895
2	170	45344.6692
2	171	45762.1675
2	172	46180.339
2	173	46599.1369
2	174	47018.5128
2	175	47438.4168
2	176	47858.7969
2	177	48279.5992
2	178	48700.7679
2	179	49122.2446
2	180	49543.9682
2	181	49965.8752
2	182	50387.8985
2	183	50809.968
2	184	51232.0094
2	185	51653.9443
2	186	52075.6893
2	187	52497.1556
2	188	52918.2479
2	189	53338.8639
2	190	53758.8928
2	191	54178.2137
2	192	54596.6941
2	193	55014.1874
2	194	55430.5295
2	195	55845.5346
2	196	56258.9894
2	197	56670.6439
2	198	57080.198
2	199	57487.2783
2	200	57891.3953
2	201	58291.8561
2	202	58687.6013
2	203	59077.0414
2	204	59458.5319
2	205	59831.8278
3	0	5891.079
3	1	5894.2252
3	2	5900.5176
3	3	5909.9557
3	4	5922.5393
3	5	5938.2676
3	6	5957.14
3	7	5979.1557
3	8	6004.3136
3	9	6032.6125
3	10	6064.0513
3	11	6098.6283
3	12	6136.3422
3	13	6177.1911
3	14	6221.1731
3	15	6268.2863
3	16	6318.5285
3	17	6371.8974
3	18	6428.3906
3	19	6488.0055
3	20	6550.7393
3	21	6616.5891
3	22	6685.5521
3	23	6757.6249
3	24	6832.8042
3	25	6911.0867
3	26	6992.4688
3	27	7076.9466
3	28	7164.5163
3	29	7255.1739
3	30	7348.9152
3	31	7445.7359
3	32	7545.6315
3	33	7648.5974
3	34	7754.6288
3	35	7863.7209
3	36	7975.8687
3	37	8091.0668
3	38	8209.31
3	39	8330.5929
3	40	8454.9097
3	41	8582.2547
3	42	8712.622
3	43	8846.0055
3	44	8982.3991
3	45	9121.7963
3	46	9264.1907
3	47	9409.5756
3	48	9557.9441
3	49	9709.2895
3	50	9863.6045
3	51	10020.882
3	52	10181.1145
3	53	10344.2945
3	54	10510.4144
3	55	10679.4663
3	56	10851.4422
3	57	11026.3339
3	58	11204.1333
3	59	11384.8319
3	60	11568.4211
3	61	11754.8921
3	62	11944.2362
3	63	12136.4442
3	64	12331.5071
3	65	12529.4154
3	66	12730.1596
3	67	12933.7302
3	68	13140.1173
3	69	13349.3111
3	70	13561.3013
3	71	13776.0778
3	72	13993.6302
3	73	14213.9478
3	74	14437.02
3	75	14662.8359
3	76	14891.3844
3	77	15122.6544
3	78	15356.6345
3	79	15593.3133
3	80	15832.679
3	81	16074.7198
3	82	16319.4237
3	83	16566.7787
3	84	16816.7723
3	85	17069.392
3	86	17324.6254
3	87	17582.4594
3	88	17842.8812
3	89	18105.8777
3	90	18371.4354
3	91	18639.541
3	92	18910.1807
3	93	19183.3407
3	94	19459.0072
3	95	19737.1657
3	96	20017.8021
3	97	20300.9018
3	98	20586.45
3	99	20874.432
3	100	21164.8325
3	101	21457.6364
3	102	21752.8282
3	103	22050.3923
3	104	22350.3129
3	105	22652.5739
3	106	22957.1591
3	107	23264.0522
3	108	23573.2364
3	109	23884.6951
3	110	24198.4113
3	111	24514.3676
3	112	24832.5467
3	113	25152.9309
3	114	25475.5024
3	115	25800.243
3	116	26127.1347
3	117	26456.1587
3	118	26787.2963
3	119	27120.5286
3	120	27455.8363
3	121	27793.2001
3	122	28132.6001
3	123	28474.0164
3	124	28817.4288
3	125	29162.8169
3	126	29510.1598
3	127	29859.4367
3	128	30210.6261
3	129	30563.7065
3	130	30918.6561
3	131	31275.4527
3	132	31634.0738
3	133	31994.4966
3	134	32356.6981
3	135	32720.6548
3	136	33086.3429
3	137	33453.7384
3	138	33822.8167
3	139	34193.5529
3	140	34565.922
3	141	34939.8981
3	142	35315.4553
3	143	35692.5672
3	144	36071.2069
3	145	36451.3469
3	146	36832.9596
3	147	37216.0165
3	148	37600.489
3	149	37986.3477
3	150	38373.5627
3	151	38762.1035
3	152	39151.9393
3	153	39543.0382
3	154	39935.368
3	155	40328.8957
3	156	40723.5877
3	157	41119.4093
3	158	41516.3255
3	159	41914.3001
3	160	42313.2963
3	161	42713.276
3	162	43114.2004
3	163	43516.0297
3	164	43918.7228
3	165	44322.2376
3	166	44726.5305
3	167	45131.5567
3	168	45537.2701
3	169	45943.6228
3	170	46350.5653
3	171	46758.0464
3	172	47166.0129
3	173	47574.4093
3	174	47983.178
3	175	48392.2589
3	176	48801.5889
3	177	49211.1019
3	178	49620.7286
3	179	50030.3958
3	180	50440.0259
3	181	50849.5367
3	182	51258.8408
3	183	51667.8444
3	184	52076.4467
3	185	52484.5389
3	186	52892.0027
3	187	53298.7082
3	188	53704.5124
3	189	54109.2557
3	190	54512.7582
3	191	54914.8144
3	192	55315.1857
3	193	55713.5886
3	194	56109.6766
3	195	56503.008
3	196	56892.982
3	197	57278.7088
3	198	57658.7951
3	199	58031.3355
3	200	58395.1748
4	0	7507.7919
4	1	7510.9
4	2	7517.1163
4	3	7526.4403
4	4	7538.8716
4	5	7554.4096
4	6	7573.0537
4	7	7594.8029
4	8	7619.6562
4	9	7647.6126
4	10	7678.6706
4	11	7712.8288
4	12	7750.0856
4	13	7790.4393
4	14	7833.888
4	15	7880.4297
4	16	7930.0622
4	17	7982.7831
4	18	8038.5901
4	19	8097.4804
4	20	8159.4514
4	21	8224.5002
4	22	8292.6236
4	23	8363.8185
4	24	8438.0816
4	25	8515.4094
4	26	8595.7981
4	27	8679.2442
4	28	8765.7436
4	29	8855.2923
4	30	8947.886
4	31	9043.5204
4	32	9142.191
4	33	9243.8931
4	34	9348.622
4	35	9456.3726
4	36	9567.1399
4	37	9680.9186
4	38	9797.7034
4	39	9917.4886
4	40	10040.2687
4	41	10166.0378
4	42	10294.7899
4	43	10426.5188
4	44	10561.2183
4	45	10698.882
4	46	10839.5033
4	47	10983.0754
4	48	11129.5915
4	49	11279.0445
4	50	11431.4273
4	51	11586.7325
4	52	11744.9527
4	53	11906.0803
4	54	12070.1074
4	55	12237.0261
4	56	12406.8284
4	57	12579.5059
4	58	12755.0504
4	59	12933.4533
4	60	13114.7058
4	61	13298.7992
4	62	13485.7244
4	63	13675.4723
4	64	13868.0336
4	65	14063.3987
4	66	14261.5581
4	67	14462.502
4	68	14666.2204
4	69	14872.7033
4	70	15081.9404
4	71	15293.9212
4	72	15508.6353
4	73	15726.0718
4	74	15946.2199
4	75	16169.0685
4	76	16394.6065
4	77	16622.8223
4	78	16853.7045
4	79	17087.2413
4	80	17323.4209
4	81	17562.2313
4	82	17803.6601
4	83	18047.6951
4	84	18294.3237
4	85	18543.5331
4	86	18795.3105
4	87	19049.6427
4	88	19306.5166
4	89	19565.9187
4	90	19827.8355
4	91	20092.2531
4	92	20359.1576
4	93	20628.5348
4	94	20900.3705
4	95	21174.6501
4	96	21451.3589
4	97	21730.4821
4	98	22012.0046
4	99	22295.911
4	100	22582.1861
4	101	22870.814
4	102	23161.779
4	103	23455.0649
4	104	23750.6557
4	105	24048.5346
4	106	24348.6852
4	107	24651.0905
4	108	24955.7334
4	109	25262.5966
4	110	25571.6625
4	111	25882.9135
4	112	26196.3315
4	113	26511.8982
4	114	26829.5953
4	115	27149.404
4	116	27471.3054
4	117	27795.2804
4	118	28121.3094
4	119	28449.3728
4	120	28779.4507
4	121	29111.5228
4	122	29445.5685
4	123	29781.5673
4	124	30119.4978
4	125	30459.339
4	126	30801.0689
4	127	31144.6658
4	128	31490.1074
4	129	31837.371
4	130	32186.4337
4	131	32537.2723
4	132	32889.8631
4	133	33244.1822
4	134	33600.2052
4	135	33957.9075
4	136	34317.2639
4	137	34678.2488
4	138	35040.8364
4	139	35405.0002
4	140	35770.7135
4	141	36137.9489
4	142	36506.6787
4	143	36876.8746
4	144	37248.5078
4	145	37621.549
4	146	37995.9683
4	147	38371.7352
4	148	38748.8185
4	149	39127.1865
4	150	39506.8069
4	151	39887.6464
4	152	40269.6712
4	153	40652.8467
4	154	41037.1373
4	155	41422.5068
4	156	41808.9178
4	157	42196.3322
4	158	42584.7107
4	159	42974.013
4	160	43364.1975
4	161	43755.2216
4	162	44147.0413
4	163	44539.6109
4	164	44932.8836
4	165	45326.8108
4	166	45721.342
4	167	46116.425
4	168	46512.0056
4	169	46908.027
4	170	47304.4302
4	171	47701.1536
4	172	48098.1324
4	173	48495.2986
4	174	48892.5808
4	175	49289.9032
4	176	49687.1857
4	177	50084.343
4	178	50481.2839
4	179	50877.9108
4	180	51274.1182
4	181	51669.7917
4	182	52064.8067
4	183	52459.0259
4	184	52852.2969
4	185	53244.4494
4	186	53635.2897
4	187	54024.5953
4	188	54412.1052
4	189	54797.5061
4	190	55180.4091
4	191	55560.3075
4	192	55936.49
4	193	56307.8665
4	194	56672.7394
4	195	57029.1246
4	196	57376.4298
5	0	9094.0456
5	1	9097.1151
5	2	9103.254
5	3	9112.4619
5	4	9124.7385
5	5	9140.0831
5	6	9158.495
5	7	9179.9734
5	8	9204.5171
5	9	9232.1251
5	10	9262.7961
5	11	9296.5285
5	12	9333.3207
5	13	9373.171
5	14	9416.0775
5	15	9462.0382
5	16	9511.0508
5	17	9563.1129
5	18	9618.2222
5	19	9676.3759
5	20	9737.5714
5	21	9801.8055
5	22	9869.0753
5	23	9939.3776
5	24	10012.7089
5	25	10089.0658
5	26	10168.4445
5	27	10250.8413
5	28	10336.2522
5	29	10424.6731
5	30	10516.0996
5	31	10610.5275
5	32	10707.9521
5	33	10808.3687
5	34	10911.7725
5	35	11018.1584
5	36	11127.5214
5	37	11239.8561
5	38	11355.157
5	39	11473.4185
5	40	11594.635
5	41	11718.8004
5	42	11845.9088
5	43	11975.9539
5	44	12108.9293
5	45	12244.8286
5	46	12383.6451
5	47	12525.3719
5	48	12670.0022
5	49	12817.5287
5	50	12967.9443
5	51	13121.2415
5	52	13277.4126
5	53	13436.4501
5	54	13598.3459
5	55	13763.0921
5	56	13930.6805
5	57	14101.1026
5	58	14274.35
5	59	14450.414
5	60	14629.2859
5	61	14810.9565
5	62	14995.4168
5	63	15182.6575
5	64	15372.669
5	65	15565.4419
5	66	15760.9663
5	67	15959.2322
5	68	16160.2296
5	69	16363.9482
5	70	16570.3775
5	71	16779.5071
5	72	16991.326
5	73	17205.8234
5	74	17422.9882
5	75	17642.8091
5	76	17865.2747
5	77	18090.3734
5	78	18318.0935
5	79	18548.4229
5	80	18781.3496
5	81	19016.8612
5	82	19254.9454
5	83	19495.5894
5	84	19738.7805
5	85	19984.5057
5	86	20232.7517
5	87	20483.5053
5	88	20736.7528
5	89	20992.4806
5	90	21250.6747
5	91	21511.321
5	92	21774.4052
5	93	22039.9129
5	94	22307.8294
5	95	22578.1397
5	96	22850.8289
5	97	23125.8815
5	98	23403.2823
5	99	23683.0154
5	100	23965.0649
5	101	24249.4149
5	102	24536.0489
5	103	24824.9505
5	104	25116.1028
5	105	25409.4889
5	106	25705.0917
5	107	26002.8936
5	108	26302.8771
5	109	26605.0242
5	110	26909.3168
5	111	27215.7365
5	112	27524.2647
5	113	27834.8825
5	114	28147.5708
5	115	28462.3102
5	116	28779.0809
5	117	29097.8631
5	118	29418.6366
5	119	29741.3807
5	120	30066.0748
5	121	30392.6977
5	122	30721.228
5	123	31051.6441
5	124	31383.9238
5	125	31718.0447
5	126	32053.9843
5	127	32391.7194
5	128	32731.2265
5	129	33072.482
5	130	33415.4617
5	131	33760.141
5	132	34106.4949
5	133	34454.4982
5	134	34804.1249
5	135	35155.3488
5	136	35508.1433
5	137	35862.4811
5	138	36218.3346
5	139	36575.6755
5	140	36934.4751
5	141	37294.7042
5	142	37656.3328
5	143	38019.3305
5	144	38383.6662
5	145	38749.3081
5	146	39116.2237
5	147	39484.3798
5	148	39853.7424
5	149	40224.2768
5	150	40595.9474
5	151	40968.7177
5	152	41342.5501
5	153	41717.4063
5	154	42093.2467
5	155	42470.0306
5	156	42847.7163
5	157	43226.2605
5	158	43605.6189
5	159	43985.7453
5	160	44366.5924
5	161	44748.1107
5	162	45130.2492
5	163	45512.955
5	164	45896.1726
5	165	46279.8447
5	166	46663.9109
5	167	47048.3084
5	168	47432.971
5	169	47817.8292
5	170	48202.8097
5	171	48587.8349
5	172	48972.8223
5	173	49357.6839
5	174	49742.3259
5	175	50126.647
5	176	50510.5379
5	177	50893.8797
5	178	51276.5422
5	179	51658.3817
5	180	52039.2383
5	181	52418.9321
5	182	52797.2577
5	183	53173.9776
5	184	53548.8112
5	185	53921.4185
5	186	54291.3717
5	187	54658.1023
5	188	55020.7895
5	189	55378.1458
5	190	55728.2248
5	191	56069.2093
6	0	10649.3224
6	1	10652.3526
6	2	10658.4127
6	3	10667.5027
6	4	10679.6219
6	5	10694.7698
6	6	10712.9456
6	7	10734.1485
6	8	10758.3774
6	9	10785.6312
6	10	10815.9085
6	11	10849.2078
6	12	10885.5275
6	13	10924.8659
6	14	10967.2209
6	15	11012.5906
6	16	11060.9726
6	17	11112.3647
6	18	11166.7643
6	19	11224.1688
6	20	11284.5753
6	21	11347.9808
6	22	11414.3823
6	23	11483.7765
6	24	11556.1599
6	25	11631.529
6	26	11709.8801
6	27	11791.2093
6	28	11875.5127
6	29	11962.7859
6	30	12053.0248
6	31	12146.2249
6	32	12242.3815
6	33	12341.4899
6	34	12443.5452
6	35	12548.5422
6	36	12656.4758
6	37	12767.3406
6	38	12881.1311
6	39	12997.8416
6	40	13117.4662
6	41	13239.999
6	42	13365.4338
6	43	13493.7644
6	44	13624.9843
6	45	13759.0869
6	46	13896.0654
6	47	14035.913
6	48	14178.6225
6	49	14324.1868
6	50	14472.5984
6	51	14623.8499
6	52	14777.9335
6	53	14934.8414
6	54	15094.5656
6	55	15257.0979
6	56	15422.4299
6	57	15590.5533
6	58	15761.4594
6	59	15935.1392
6	60	16111.584
6	61	16290.7845
6	62	16472.7315
6	63	16657.4154
6	64	16844.8267
6	65	17034.9556
6	66	17227.7921
6	67	17423.3261
6	68	17621.5474
6	69	17822.4454
6	70	18026.0095
6	71	18232.229
6	72	18441.0928
6	73	18652.5899
6	74	18866.7089
6	75	19083.4383
6	76	19302.7665
6	77	19524.6816
6	78	19749.1716
6	79	19976.2243
6	80	20205.8274
6	81	20437.9682
6	82	20672.634
6	83	20909.812
6	84	21149.4889
6	85	21391.6515
6	86	21636.2863
6	87	21883.3795
6	88	22132.9174
6	89	22384.8859
6	90	22639.2706
6	91	22896.0571
6	92	23155.2307
6	93	23416.7766
6	94	23680.6796
6	95	23946.9245
6	96	24215.4958
6	97	24486.3777
6	98	24759.5543
6	99	25035.0095
6	100	25312.7269
6	101	25592.6898
6	102	25874.8815
6	103	26159.2848
6	104	26445.8825
6	105	26734.6569
6	106	27025.5905
6	107	27318.6649
6	108	27613.8621
6	109	27911.1634
6	110	28210.5501
6	111	28512.0029
6	112	28815.5027
6	113	29121.0297
6	114	29428.564
6	115	29738.0854
6	116	30049.5734
6	117	30363.0072
6	118	30678.3656
6	119	30995.6273
6	120	31314.7704
6	121	31635.7727
6	122	31958.612
6	123	32283.2652
6	124	32609.7094
6	125	32937.9208
6	126	33267.8756
6	127	33599.5493
6	128	33932.9174
6	129	34267.9545
6	130	34604.6351
6	131	34942.933
6	132	35282.8218
6	133	35624.2743
6	134	35967.2631
6	135	36311.76
6	136	36657.7365
6	137	37005.1634
6	138	37354.0108
6	139	37704.2483
6	140	38055.8449
6	141	38408.7689
6	142	38762.9877
6	143	39118.4683
6	144	39475.1765
6	145	39833.0777
6	146	40192.136
6	147	40552.315
6	148	40913.577
6	149	41275.8834
6	150	41639.1945
6	151	42003.4695
6	152	42368.6663
6	153	42734.7414
6	154	43101.65
6	155	43469.3458
6	156	43837.7808
6	157	44206.9052
6	158	44576.6674
6	159	44947.0137
6	160	45317.8883
6	161	45689.2326
6	162	46060.9858
6	163	46433.0837
6	164	46805.4592
6	165	47178.0414
6	166	47550.7557
6	167	47923.5226
6	168	48296.2579
6	169	48668.8715
6	170	49041.267
6	171	49413.3404
6	172	49784.9789
6	173	50156.0599
6	174	50526.4486
6	175	50895.9958
6	176	51264.535
6	177	51631.878
6	178	51997.8093
6	179	52362.0784
6	180	52724.3871
6	181	53084.3711
6	182	53441.5667
6	183	53795.3452
6	184	54144.7769
6	185	54488.3827
6	186	54824.049
6	187	55150.374
7	0	12173.0937
7	1	12176.0838
7	2	12182.0639
7	3	12191.0338
7	4	12202.9929
7	5	12217.9406
7	6	12235.8762
7	7	12256.7989
7	8	12280.7074
7	9	12307.6008
7	10	12337.4775
7	11	12370.3362
7	12	12406.1751
7	13	12444.9924
7	14	12486.7863
7	15	12531.5546
7	16	12579.295
7	17	12630.0052
7	18	12683.6826
7	19	12740.3245
7	20	12799.928
7	21	12862.4902
7	22	12928.0079
7	23	12996.4778
7	24	13067.8964
7	25	13142.2601
7	26	13219.5651
7	27	13299.8076
7	28	13382.9835
7	29	13469.0885
7	30	13558.1182
7	31	13650.0683
7	32	13744.9339
7	33	13842.7102
7	34	13943.3923
7	35	14046.975
7	36	14153.453
7	37	14262.8209
7	38	14375.073
7	39	14490.2036
7	40	14608.2068
7	41	14729.0766
7	42	14852.8066
7	43	14979.3905
7	44	15108.8217
7	45	15241.0936
7	46	15376.1994
7	47	15514.1318
7	48	15654.8839
7	49	15798.4483
7	50	15944.8174
7	51	16093.9836
7	52	16245.9391
7	53	16400.676
7	54	16558.186
7	55	16718.4608
7	56	16881.4921
7	57	17047.2711
7	58	17215.7891
7	59	17387.0371
7	60	17561.006
7	61	17737.6864
7	62	17917.0689
7	63	18099.1439
7	64	18283.9016
7	65	18471.332
7	66	18661.4249
7	67	18854.17
7	68	19049.5569
7	69	19247.5749
7	70	19448.213
7	71	19651.4604
7	72	19857.3057
7	73	20065.7377
7	74	20276.7447
7	75	20490.3151
7	76	20706.4369
7	77	20925.0979
7	78	21146.286
7	79	21369.9885
7	80	21596.1929
7	81	21824.8863
7	82	22056.0556
7	83	22289.6876
7	84	22525.7688
7	85	22764.2855
7	86	23005.224
7	87	23248.5702
7	88	23494.3098
7	89	23742.4283
7	90	23992.9111
7	91	24245.7434
7	92	24500.9099
7	93	24758.3954
7	94	25018.1844
7	95	25280.2611
7	96	25544.6094
7	97	25811.2132
7	98	26080.0561
7	99	26351.1213
7	100	26624.3918
7	101	26899.8506
7	102	27177.4802
7	103	27457.263
7	104	27739.1809
7	105	28023.2157
7	106	28309.3491
7	107	28597.5623
7	108	28887.8362
7	109	29180.1516
7	110	29474.4889
7	111	29770.828
7	112	30069.149
7	113	30369.4312
7	114	30671.6539
7	115	30975.7959
7	116	31281.8356
7	117	31589.7514
7	118	31899.5209
7	119	32211.1217
7	120	32524.5309
7	121	32839.725
7	122	33156.6806
7	123	33475.3734
7	124	33795.7789
7	125	34117.8722
7	126	34441.6278
7	127	34767.02
7	128	35094.0223
7	129	35422.608
7	130	35752.7495
7	131	36084.4191
7	132	36417.5883
7	133	36752.228
7	134	37088.3086
7	135	37425.7997
7	136	37764.6704
7	137	38104.8891
7	138	38446.4234
7	139	38789.2402
7	140	39133.3055
7	141	39478.5844
7	142	39825.0414
7	143	40172.6398
7	144	40521.342
7	145	40871.1094
7	146	41221.902
7	147	41573.679
7	148	41926.3981
7	149	42280.0156
7	150	42634.4866
7	151	42989.7644
7	152	43345.8007
7	153	43702.5454
7	154	44059.9465
7	155	44417.9497
7	156	44776.4987
7	157	45135.5344
7	158	45494.995
7	159	45854.8158
7	160	46214.9287
7	161	46575.2618
7	162	46935.7391
7	163	47296.2799
7	164	47656.7985
7	165	48017.2029
7	166	48377.3947
7	167	48737.2674
7	168	49096.7056
7	169	49455.5832
7	170	49813.7615
7	171	50171.0866
7	172	50527.3863
7	173	50882.4652
7	174	51236.0988
7	175	51588.0248
7	176	51937.9293
7	177	52285.4254
7	178	52630.0147
7	179	52971.0096
7	180	53307.3691
7	181	53637.434
7	182	53959.0201
7	183	54271.2366
8	0	13664.8188
8	1	13667.7682
8	2	13673.6668
8	3	13682.5144
8	4	13694.3105
8	5	13709.0545
8	6	13726.7456
8	7	13747.3829
8	8	13770.9653
8	9	13797.4917
8	10	13826.9606
8	11	13859.3706
8	12	13894.72
8	13	13933.007
8	14	13974.2295
8	15	14018.3854
8	16	14065.4726
8	17	14115.4884
8	18	14168.4304
8	19	14224.2958
8	20	14283.0818
8	21	14344.7852
8	22	14409.4028
8	23	14476.9314
8	24	14547.3674
8	25	14620.7071
8	26	14696.9468
8	27	14776.0824
8	28	14858.1098
8	29	14943.0248
8	30	15030.8229
8	31	15121.4994
8	32	15215.0498
8	33	15311.469
8	34	15410.752
8	35	15512.8936
8	36	15617.8884
8	37	15725.7309
8	38	15836.4153
8	39	15949.9359
8	40	16066.2865
8	41	16185.4612
8	42	16307.4534
8	43	16432.2567
8	44	16559.8646
8	45	16690.27
8	46	16823.4662
8	47	16959.4459
8	48	17098.2019
8	49	17239.7266
8	50	17384.0125
8	51	17531.0518
8	52	17680.8365
8	53	17833.3585
8	54	17988.6094
8	55	18146.5809
8	56	18307.2643
8	57	18470.6508
8	58	18636.7315
8	59	18805.4971
8	60	18976.9385
8	61	19151.0461
8	62	19327.8102
8	63	19507.221
8	64	19689.2686
8	65	19873.9427
8	66	20061.233
8	67	20251.1289
8	68	20443.6197
8	69	20638.6945
8	70	20836.3423
8	71	21036.5517
8	72	21239.3113
8	73	21444.6094
8	74	21652.4343
8	75	21862.7739
8	76	22075.6159
8	77	22290.948
8	78	22508.7576
8	79	22729.0318
8	80	22951.7577
8	81	23176.9221
8	82	23404.5115
8	83	23634.5123
8	84	23866.9108
8	85	24101.6929
8	86	24338.8443
8	87	24578.3506
8	88	24820.197
8	89	25064.3688
8	90	25310.8508
8	91	25559.6276
8	92	25810.6837
8	93	26064.0032
8	94	26319.5701
8	95	26577.3681
8	96	26837.3807
8	97	27099.591
8	98	27363.982
8	99	27630.5365
8	100	27899.2368
8	101	28170.0652
8	102	28443.0036
8	103	28718.0335
8	104	28995.1363
8	105	29274.2931
8	106	29555.4847
8	107	29838.6913
8	108	30123.8934
8	109	30411.0705
8	110	30700.2024
8	111	30991.268
8	112	31284.2464
8	113	31579.1158
8	114	31875.8546
8	115	32174.4404
8	116	32474.8507
8	117	32777.0624
8	118	33081.052
8	119	33386.7959
8	120	33694.2697
8	121	34003.4487
8	122	34314.3078
8	123	34626.8214
8	124	34940.9634
8	125	35256.707
8	126	35574.0253
8	127	35892.8904
8	128	36213.2742
8	129	36535.1477
8	130	36858.4815
8	131	37183.2454
8	132	37509.4087
8	133	37836.9399
8	134	38165.8066
8	135	38495.9759
8	136	38827.4139
8	137	39160.0859
8	138	39493.9564
8	139	39828.9886
8	140	40165.145
8	141	40502.387
8	142	40840.6747
8	143	41179.967
8	144	41520.2218
8	145	41861.3952
8	146	42203.4421
8	147	42546.3156
8	148	42889.9673
8	149	43234.3469
8	150	43579.4018
8	151	43925.0777
8	152	44271.3177
8	153	44618.0622
8	154	44965.2489
8	155	45312.8125
8	156	45660.6841
8	157	46008.7909
8	158	46357.056
8	159	46705.3976
8	160	47053.7286
8	161	47401.9556
8	162	47749.9783
8	163	48097.6884
8	164	48444.9678
8	165	48791.6877
8	166	49137.706
8	167	49482.8646
8	168	49826.9861
8	169	50169.8687
8	170	50511.2799
8	171	50850.9464
8	172	51188.5395
8	173	51523.6508
8	174	51855.7476
8	175	52184.0812
8	176	52507.4949
8	177	52824.1588
8	178	53131.9263
8	179	53430.0331
9	0	15123.9438
9	1	15126.8517
9	2	15132.6673
9	3	15141.3904
9	4	15153.0205
9	5	15167.5569
9	6	15184.9988
9	7	15205.3455
9	8	15228.5957
9	9	15254.7483
9	10	15283.8019
9	11	15315.7548
9	12	15350.6055
9	13	15388.3521
9	14	15428.9926
9	15	15472.5247
9	16	15518.9463
9	17	15568.2547
9	18	15620.4475
9	19	15675.5218
9	20	15733.4746
9	21	15794.3029
9	22	15858.0035
9	23	15924.5729
9	24	15994.0076
9	25	16066.3038
9	26	16141.4576
9	27	16219.4651
9	28	16300.3221
9	29	16384.0241
9	30	16470.5667
9	31	16559.9452
9	32	16652.1548
9	33	16747.1905
9	34	16845.0472
9	35	16945.7194
9	36	17049.2019
9	37	17155.4889
9	38	17264.5747
9	39	17376.4533
9	40	17491.1186
9	41	17608.5643
9	42	17728.7839
9	43	17851.771
9	44	17977.5186
9	45	18106.0199
9	46	18237.2677
9	47	18371.2548
9	48	18507.9738
9	49	18647.417
9	50	18789.5767
9	51	18934.4449
9	52	19082.0136
9	53	19232.2743
9	54	19385.2188
9	55	19540.8383
9	56	19699.124
9	57	19860.067
9	58	20023.6581
9	59	20189.8879
9	60	20358.7471
9	61	20530.2258
9	62	20704.3142
9	63	20881.0023
9	64	21060.2799
9	65	21242.1364
9	66	21426.5614
9	67	21613.5439
9	68	21803.0732
9	69	21995.1379
9	70	22189.7267
9	71	22386.8281
9	72	22586.4303
9	73	22788.5214
9	74	22993.0893
9	75	23200.1215
9	76	23409.6057
9	77	23621.5289
9	78	23835.8784
9	79	24052.6408
9	80	24271.8029
9	81	24493.351
9	82	24717.2714
9	83	24943.55
9	84	25172.1726
9	85	25403.1248
9	86	25636.3918
9	87	25871.9586
9	88	26109.8103
9	89	26349.9313
9	90	26592.3061
9	91	26836.9187
9	92	27083.7531
9	93	27332.7928
9	94	27584.0212
9	95	27837.4215
9	96	28092.9764
9	97	28350.6685
9	98	28610.4802
9	99	28872.3933
9	100	29136.3898
9	101	29402.4509
9	102	29670.5578
9	103	29940.6913
9	104	30212.832
9	105	30486.96
9	106	30763.0552
9	107	31041.0972
9	108	31321.065
9	109	31602.9375
9	110	31886.6932
9	111	32172.3102
9	112	32459.7662
9	113	32749.0385
9	114	33040.1039
9	115	33332.9391
9	116	33627.5199
9	117	33923.822
9	118	34221.8206
9	119	34521.4903
9	120	34822.8052
9	121	35125.7391
9	122	35430.2649
9	123	35736.3553
9	124	36043.9822
9	125	36353.1169
9	126	36663.7303
9	127	36975.7925
9	128	37289.2727
9	129	37604.1396
9	130	37920.3613
9	131	38237.9048
9	132	38556.7364
9	133	38876.8215
9	134	39198.1247
9	135	39520.6094
9	136	39844.2382
9	137	40168.9723
9	138	40494.7722
9	139	40821.5966
9	140	41149.4034
9	141	41478.1488
9	142	41807.7874
9	143	42138.2725
9	144	42469.5553
9	145	42801.5855
9	146	43134.3103
9	147	43467.675
9	148	43801.6225
9	149	44136.0929
9	150	44471.0234
9	151	44806.3481
9	152	45141.9975
9	153	45477.8983
9	154	45813.9727
9	155	46150.1379
9	156	46486.3057
9	157	46822.3815
9	158	47158.2635
9	159	47493.8413
9	160	47828.9951
9	161	48163.5933
9	162	48497.4907
9	163	48830.5256
9	164	49162.5158
9	165	49493.2536
9	166	49822.4987
9	167	50149.9675
9	168	50475.3168
9	169	50798.1168
9	170	51117.799
9	171	51433.5487
9	172	51744.0847
9	173	52047.4278
9	174	52341.6288
10	0	16549.9
10	1	16552.7656
10	2	16558.4966
10	3	16567.0928
10	4	16578.5536
10	5	16592.8784
10	6	16610.0665
10	7	16630.1169
10	8	16653.0285
10	9	16678.8001
10	10	16707.4302
10	11	16738.9173
10	12	16773.2597
10	13	16810.4554
10	14	16850.5025
10	15	16893.3987
10	16	16939.1417
10	17	16987.729
10	18	17039.1579
10	19	17093.4255
10	20	17150.529
10	21	17210.4651
10	22	17273.2306
10	23	17338.8219
10	24	17407.2355
10	25	17478.4675
10	26	17552.5141
10	27	17629.3711
10	28	17709.0342
10	29	17791.4991
10	30	17876.7611
10	31	17964.8155
10	32	18055.6574
10	33	18149.2817
10	34	18245.6831
10	35	18344.8563
10	36	18446.7957
10	37	18551.4955
10	38	18658.9499
10	39	18769.1528
10	40	18882.0979
10	41	18997.7789
10	42	19116.1892
10	43	19237.322
10	44	19361.1705
10	45	19487.7276
10	46	19616.9861
10	47	19748.9384
10	48	19883.5771
10	49	20020.8943
10	50	20160.8822
10	51	20303.5326
10	52	20448.8372
10	53	20596.7876
10	54	20747.3752
10	55	20900.591
10	56	21056.4262
10	57	21214.8715
10	58	21375.9176
10	59	21539.5548
10	60	21705.7736
10	61	21874.564
10	62	22045.9158
10	63	22219.8187
10	64	22396.2624
10	65	22575.2361
10	66	22756.7289
10	67	22940.7298
10	68	23127.2275
10	69	23316.2106
10	70	23507.6674
10	71	23701.586
10	72	23897.9543
10	73	24096.7602
10	74	24297.991
10	75	24501.6342
10	76	24707.6768
10	77	24916.1056
10	78	25126.9074
10	79	25340.0686
10	80	25555.5753
10	81	25773.4136
10	82	25993.5693
10	83	26216.0278
10	84	26440.7744
10	85	26667.7942
10	86	26897.072
10	87	27128.5923
10	88	27362.3395
10	89	27598.2975
10	90	27836.4502
10	91	28076.7811
10	92	28319.2735
10	93	28563.9103
10	94	28810.6742
10	95	29059.5476
10	96	29310.5127
10	97	29563.5513
10	98	29818.6449
10	99	30075.7748
10	100	30334.9217
10	101	30596.0663
10	102	30859.1889
10	103	31124.2692
10	104	31391.287
10	105	31660.2212
10	106	31931.0509
10	107	32203.7544
10	108	32478.3097
10	109	32754.6946
10	110	33032.8862
10	111	33312.8613
10	112	33594.5964
10	113	33878.0674
10	114	34163.2496
10	115	34450.1181
10	116	34738.6473
10	117	35028.8112
10	118	35320.5831
10	119	35613.9358
10	120	35908.8417
10	121	36205.2722
10	122	36503.1985
10	123	36802.5908
10	124	37103.4188
10	125	37405.6513
10	126	37709.2565
10	127	38014.2018
10	128	38320.4535
10	129	38627.9773
10	130	38936.7379
10	131	39246.6988
10	132	39557.8228
10	133	39870.0714
10	134	40183.4047
10	135	40497.782
10	136	40813.1609
10	137	41129.4977
10	138	41446.7472
10	139	41764.8624
10	140	42083.7946
10	141	42403.4933
10	142	42723.9057
10	143	43044.9769
10	144	43366.6494
10	145	43688.8632
10	146	44011.5552
10	147	44334.659
10	148	44658.1047
10	149	44981.8182
10	150	45305.7212
10	151	45629.7301
10	152	45953.7557
10	153	46277.7023
10	154	46601.4666
10	155	46924.9368
10	156	47247.991
10	157	47570.4953
10	158	47892.3016
10	159	48213.2447
10	160	48533.1378
10	161	48851.7677
10	162	49168.8862
10	163	49484.1996
10	164	49797.3499
10	165	50107.8842
10	166	50415.195
10	167	50718.3927
10	168	51016.0602
10	169	51306.1005
10	170	51586.9374
11	0	17942.1022
11	1	17944.9247
11	2	17950.5694
11	3	17959.0361
11	4	17970.3243
11	5	17984.4334
11	6	18001.3625
11	7	18021.1107
11	8	18043.6769
11	9	18069.0598
11	10	18097.258
11	11	18128.2699
11	12	18162.0937
11	13	18198.7276
11	14	18238.1693
11	15	18280.4168
11	16	18325.4676
11	17	18373.3191
11	18	18423.9686
11	19	18477.4133
11	20	18533.6502
11	21	18592.6759
11	22	18654.4871
11	23	18719.0804
11	24	18786.452
11	25	18856.5981
11	26	18929.5146
11	27	19005.1974
11	28	19083.6421
11	29	19164.8442
11	30	19248.799
11	31	19335.5017
11	32	19424.9473
11	33	19517.1306
11	34	19612.0462
11	35	19709.6887
11	36	19810.0524
11	37	19913.1314
11	38	20018.9197
11	39	20127.4111
11	40	20238.5992
11	41	20352.4775
11	42	20469.0394
11	43	20588.2779
11	44	20710.186
11	45	20834.7564
11	46	20961.9818
11	47	21091.8545
11	48	21224.3669
11	49	21359.5109
11	50	21497.2785
11	51	21637.6613
11	52	21780.6509
11	53	21926.2387
11	54	22074.4157
11	55	22225.1729
11	56	22378.5012
11	57	22534.3911
11	58	22692.8329
11	59	22853.8171
11	60	23017.3334
11	61	23183.3719
11	62	23351.922
11	63	23522.9733
11	64	23696.5149
11	65	23872.5359
11	66	24051.0252
11	67	24231.9714
11	68	24415.3628
11	69	24601.1877
11	70	24789.434
11	71	24980.0897
11	72	25173.1422
11	73	25368.5788
11	74	25566.3868
11	75	25766.553
11	76	25969.0641
11	77	26173.9066
11	78	26381.0666
11	79	26590.5302
11	80	26802.2831
11	81	27016.3107
11	82	27232.5984
11	83	27451.1311
11	84	27671.8937
11	85	27894.8704
11	86	28120.0457
11	87	28347.4035
11	88	28576.9274
11	89	28808.6008
11	90	29042.4069
11	91	29278.3286
11	92	29516.3482
11	93	29756.4482
11	94	29998.6104
11	95	30242.8164
11	96	30489.0476
11	97	30737.2848
11	98	30987.5089
11	99	31239.6999
11	100	31493.8379
11	101	31749.9025
11	102	32007.8727
11	103	32267.7276
11	104	32529.4454
11	105	32793.0041
11	106	33058.3815
11	107	33325.5546
11	108	33594.5002
11	109	33865.1945
11	110	34137.6133
11	111	34411.7319
11	112	34687.525
11	113	34964.967
11	114	35244.0316
11	115	35524.6918
11	116	35806.9202
11	117	36090.6886
11	118	36375.9685
11	119	36662.7304
11	120	36950.9441
11	121	37240.5788
11	122	37531.603
11	123	37823.9841
11	124	38117.6888
11	125	38412.683
11	126	38708.9315
11	127	39006.3982
11	128	39305.0459
11	129	39604.8361
11	130	39905.7294
11	131	40207.685
11	132	40510.6606
11	133	40814.6126
11	134	41119.4958
11	135	41425.2633
11	136	41731.8665
11	137	42039.2546
11	138	42347.375
11	139	42656.1725
11	140	42965.5896
11	141	43275.5658
11	142	43586.038
11	143	43896.9395
11	144	44208.1997
11	145	44519.7444
11	146	44831.4944
11	147	45143.3654
11	148	45455.2675
11	149	45767.1037
11	150	46078.7697
11	151	46390.1521
11	152	46701.127
11	153	47011.5585
11	154	47321.2956
11	155	47630.1694
11	156	47937.9889
11	157	48244.5348
11	158	48549.5513
11	159	48852.7335
11	160	49153.7077
11	161	49451.9954
11	162	49746.9438
11	163	50037.574
11	164	50322.3171
11	165	50599.0197
11	166	50866.6522
12	0	19299.9474
12	1	19302.7258
12	2	19308.2824
12	3	19316.617
12	4	19327.729
12	5	19341.6178
12	6	19358.2825
12	7	19377.7223
12	8	19399.9359
12	9	19424.9221
12	10	19452.6794
12	11	19483.2061
12	12	19516.5006
12	13	19552.5607
12	14	19591.3845
12	15	19632.9697
12	16	19677.3137
12	17	19724.414
12	18	19774.2678
12	19	19826.8722
12	20	19882.2241
12	21	19940.3202
12	22	20001.157
12	23	20064.731
12	24	20131.0385
12	25	20200.0754
12	26	20271.8377
12	27	20346.3211
12	28	20423.5211
12	29	20503.4332
12	30	20586.0527
12	31	20671.3744
12	32	20759.3934
12	33	20850.1043
12	34	20943.5017
12	35	21039.5799
12	36	21138.3332
12	37	21239.7555
12	38	21343.8408
12	39	21450.5826
12	40	21559.9746
12	41	21672.0099
12	42	21786.6817
12	43	21903.9831
12	44	22023.9068
12	45	22146.4453
12	46	22271.5911
12	47	22399.3365
12	48	22529.6735
12	49	22662.5939
12	50	22798.0895
12	51	22936.1517
12	52	23076.7718
12	53	23219.941
12	54	23365.6502
12	55	23513.8901
12	56	23664.6513
12	57	23817.924
12	58	23973.6985
12	59	24131.9646
12	60	24292.7122
12	61	24455.9307
12	62	24621.6095
12	63	24789.7377
12	64	24960.3042
12	65	25133.2978
12	66	25308.7069
12	67	25486.5198
12	68	25666.7245
12	69	25849.309
12	70	26034.2608
12	71	26221.5672
12	72	26411.2155
12	73	26603.1927
12	74	26797.4853
12	75	26994.0798
12	76	27192.9624
12	77	27394.1192
12	78	27597.5358
12	79	27803.1977
12	80	28011.0901
12	81	28221.1979
12	82	28433.5058
12	83	28647.9982
12	84	28864.6593
12	85	29083.4729
12	86	29304.4226
12	87	29527.4916
12	88	29752.663
12	89	29979.9193
12	90	30209.243
12	91	30440.616
12	92	30674.0202
12	93	30909.4369
12	94	31146.8471
12	95	31386.2316
12	96	31627.5707
12	97	31870.8443
12	98	32116.0321
12	99	32363.1132
12	100	32612.0665
12	101	32862.8704
12	102	33115.5028
12	103	33369.9413
12	104	33626.163
12	105	33884.1444
12	106	34143.8619
12	107	34405.2909
12	108	34668.4066
12	109	34933.1836
12	110	35199.596
12	111	35467.6172
12	112	35737.22
12	113	36008.3767
12	114	36281.059
12	115	36555.2375
12	116	36830.8826
12	117	37107.9637
12	118	37386.4495
12	119	37666.3077
12	120	37947.5053
12	121	38230.0083
12	122	38513.7819
12	123	38798.7902
12	124	39084.996
12	125	39372.3612
12	126	39660.8465
12	127	39950.4112
12	128	40241.0132
12	129	40532.6091
12	130	40825.1537
12	131	41118.6001
12	132	41412.8998
12	133	41708.0021
12	134	42003.8541
12	135	42300.4008
12	136	42597.5845
12	137	42895.3446
12	138	43193.6177
12	139	43492.3367
12	140	43791.431
12	141	44090.8256
12	142	44390.4408
12	143	44690.1918
12	144	44989.9877
12	145	45289.7306
12	146	45589.3149
12	147	45888.6258
12	148	46187.5374
12	149	46485.9116
12	150	46783.5945
12	151	47080.4136
12	152	47376.173
12	153	47670.6474
12	154	47963.5723
12	155	48254.631
12	156	48543.4313
12	157	48829.465
12	158	49112.0232
12	159	49390.0173
12	160	49661.7151
12	161	49925.0309
12	162	50179.3036
13	0	20622.8121
13	1	20625.5455
13	2	20631.0122
13	3	20639.2117
13	4	20650.1437
13	5	20663.8075
13	6	20680.2022
13	7	20699.3268
13	8	20721.1802
13	9	20745.7611
13	10	20773.0679
13	11	20803.099
13	12	20835.8525
13	13	20871.3266
13	14	20909.5189
13	15	20950.4273
13	16	20994.0491
13	17	21040.3818
13	18	21089.4224
13	19	21141.1681
13	20	21195.6156
13	21	21252.7615
13	22	21312.6024
13	23	21375.1347
13	24	21440.3544
13	25	21508.2575
13	26	21578.8398
13	27	21652.097
13	28	21728.0246
13	29	21806.6178
13	30	21887.8717
13	31	21971.7813
13	32	22058.3413
13	33	22147.5464
13	34	22239.3909
13	35	22333.8691
13	36	22430.975
13	37	22530.7026
13	38	22633.0454
13	39	22737.9971
13	40	22845.551
13	41	22955.7002
13	42	23068.4377
13	43	23183.7562
13	44	23301.6485
13	45	23422.1068
13	46	23545.1234
13	47	23670.6903
13	48	23798.7994
13	49	23929.4424
13	50	24062.6106
13	51	24198.2954
13	52	24336.4878
13	53	24477.1786
13	54	24620.3586
13	55	24766.0182
13	56	24914.1477
13	57	25064.7371
13	58	25217.7763
13	59	25373.2549
13	60	25531.1623
13	61	25691.4878
13	62	25854.2203
13	63	26019.3487
13	64	26186.8614
13	65	26356.7469
13	66	26528.9932
13	67	26703.5883
13	68	26880.5198
13	69	27059.775
13	70	27241.3412
13	71	27425.2054
13	72	27611.3541
13	73	27799.7739
13	74	27990.451
13	75	28183.3712
13	76	28378.5203
13	77	28575.8837
13	78	28775.4465
13	79	28977.1936
13	80	29181.1096
13	81	29387.1788
13	82	29595.3852
13	83	29805.7126
13	84	30018.1443
13	85	30232.6635
13	86	30449.2531
13	87	30667.8954
13	88	30888.5726
13	89	31111.2666
13	90	31335.9588
13	91	31562.6304
13	92	31791.2621
13	93	32021.8344
13	94	32254.3271
13	95	32488.72
13	96	32724.9922
13	97	32963.1226
13	98	33203.0895
13	99	33444.8709
13	100	33688.4443
13	101	33933.7865
13	102	34180.8743
13	103	34429.6836
13	104	34680.1898
13	105	34932.368
13	106	35186.1925
13	107	35441.6372
13	108	35698.6752
13	109	35957.2792
13	110	36217.421
13	111	36479.0718
13	112	36742.2022
13	113	37006.7818
13	114	37272.7797
13	115	37540.1639
13	116	37808.9017
13	117	38078.9594
13	118	38350.3023
13	119	38622.8948
13	120	38896.7
13	121	39171.68
13	122	39447.7956
13	123	39725.0064
13	124	40003.2704
13	125	40282.5443
13	126	40562.7831
13	127	40843.9401
13	128	41125.9666
13	129	41408.8121
13	130	41692.4237
13	131	41976.7463
13	132	42261.7222
13	133	42547.2906
13	134	42833.3878
13	135	43119.9467
13	136	43406.8961
13	137	43694.1607
13	138	43981.6603
13	139	44269.3094
13	140	44557.0161
13	141	44844.6816
13	142	45132.1991
13	143	45419.452
13	144	45706.3128
13	145	45992.6406
13	146	46278.2786
13	147	46563.0503
13	148	46846.7547
13	149	47129.1592
13	150	47409.99
13	151	47688.9162
13	152	47965.5239
13	153	48239.2676
13	154	48509.3667
13	155	48774.5946
13	156	49033.0589
13	157	49282.9677
14	0	21910.0509
14	1	21912.7383
14	2	21918.1129
14	3	21926.1745
14	4	21936.9224
14	5	21950.3561
14	6	21966.4746
14	7	21985.277
14	8	22006.7621
14	9	22030.9285
14	10	22057.7746
14	11	22087.2988
14	12	22119.4993
14	13	22154.3739
14	14	22191.9205
14	15	22232.1366
14	16	22275.0198
14	17	22320.5673
14	18	22368.7762
14	19	22419.6435
14	20	22473.1658
14	21	22529.3398
14	22	22588.1618
14	23	22649.6282
14	24	22713.735
14	25	22780.478
14	26	22849.853
14	27	22921.8554
14	28	22996.4807
14	29	23073.724
14	30	23153.5803
14	31	23236.0444
14	32	23321.111
14	33	23408.7744
14	34	23499.0291
14	35	23591.869
14	36	23687.288
14	37	23785.28
14	38	23885.8383
14	39	23988.9565
14	40	24094.6275
14	41	24202.8444
14	42	24313.5999
14	43	24426.8867
14	44	24542.6972
14	45	24661.0234
14	46	24781.8575
14	47	24905.1913
14	48	25031.0162
14	49	25159.3238
14	50	25290.1053
14	51	25423.3516
14	52	25559.0536
14	53	25697.2018
14	54	25837.7866
14	55	25980.7981
14	56	26126.2264
14	57	26274.0612
14	58	26424.2919
14	59	26576.9079
14	60	26731.8983
14	61	26889.2519
14	62	27048.9573
14	63	27211.0029
14	64	27375.3769
14	65	27542.0672
14	66	27711.0614
14	67	27882.3471
14	68	28055.9114
14	69	28231.7412
14	70	28409.8232
14	71	28590.144
14	72	28772.6895
14	73	28957.4457
14	74	29144.3983
14	75	29333.5326
14	76	29524.8336
14	77	29718.2862
14	78	29913.8748
14	79	30111.5837
14	80	30311.3967
14	81	30513.2973
14	82	30717.269
14	83	30923.2945
14	84	31131.3565
14	85	31341.4373
14	86	31553.5188
14	87	31767.5826
14	88	31983.6098
14	89	32201.5813
14	90	32421.4776
14	91	32643.2786
14	92	32866.964
14	93	33092.5131
14	94	33319.9046
14	95	33549.1169
14	96	33780.1278
14	97	34012.9148
14	98	34247.4547
14	99	34483.7241
14	100	34721.6987
14	101	34961.3539
14	102	35202.6645
14	103	35445.6047
14	104	35690.148
14	105	35936.2673
14	106	36183.9349
14	107	36433.1224
14	108	36683.8006
14	109	36935.9395
14	110	37189.5085
14	111	37444.4759
14	112	37700.8092
14	113	37958.4752
14	114	38217.4393
14	115	38477.6662
14	116	38739.1193
14	117	39001.7609
14	118	39265.552
14	119	39530.4524
14	120	39796.4204
14	121	40063.4127
14	122	40331.3846
14	123	40600.2892
14	124	40870.0783
14	125	41140.7011
14	126	41412.1049
14	127	41684.2346
14	128	41957.0323
14	129	42230.4371
14	130	42504.3852
14	131	42778.8091
14	132	43053.6374
14	133	43328.7942
14	134	43604.1988
14	135	43879.7648
14	136	44155.3998
14	137	44431.0036
14	138	44706.468
14	139	44981.6748
14	140	45256.4943
14	141	45530.7829
14	142	45804.3803
14	143	46077.1055
14	144	46348.7514
14	145	46619.0775
14	146	46887.7983
14	147	47154.566
14	148	47418.9397
14	149	47680.3252
14	150	47937.8459
14	151	48190.1022
14	152	48435.0946
14	153	48671.604
15	0	23160.9936
15	1	23163.6339
15	2	23168.9144
15	3	23176.8347
15	4	23187.3942
15	5	23200.5924
15	6	23216.4283
15	7	23234.9008
15	8	23256.0089
15	9	23279.751
15	10	23306.1256
15	11	23335.1309
15	12	23366.7652
15	13	23401.0261
15	14	23437.9116
15	15	23477.4191
15	16	23519.5461
15	17	23564.2897
15	18	23611.647
15	19	23661.6148
15	20	23714.1897
15	21	23769.3684
15	22	23827.1471
15	23	23887.5218
15	24	23950.4887
15	25	24016.0435
15	26	24084.1817
15	27	24154.8987
15	28	24228.1899
15	29	24304.0502
15	30	24382.4744
15	31	24463.4574
15	32	24546.9935
15	33	24633.077
15	34	24721.7021
15	35	24812.8626
15	36	24906.5524
15	37	25002.765
15	38	25101.4936
15	39	25202.7314
15	40	25306.4715
15	41	25412.7065
15	42	25521.4291
15	43	25632.6315
15	44	25746.306
15	45	25862.4445
15	46	25981.0387
15	47	26102.0802
15	48	26225.5604
15	49	26351.4704
15	50	26479.801
15	51	26610.5431
15	52	26743.687
15	53	26879.2231
15	54	27017.1414
15	55	27157.4318
15	56	27300.0838
15	57	27445.0868
15	58	27592.4299
15	59	27742.1022
15	60	27894.0922
15	61	28048.3884
15	62	28204.979
15	63	28363.8519
15	64	28524.9949
15	65	28688.3953
15	66	28854.0404
15	67	29021.9171
15	68	29192.012
15	69	29364.3116
15	70	29538.802
15	71	29715.469
15	72	29894.2982
15	73	30075.2748
15	74	30258.3838
15	75	30443.61
15	76	30630.9376
15	77	30820.3506
15	78	31011.833
15	79	31205.368
15	80	31400.9387
15	81	31598.5278
15	82	31798.1178
15	83	31999.6907
15	84	32203.2281
15	85	32408.7112
15	86	32616.121
15	87	32825.438
15	88	33036.6422
15	89	33249.7133
15	90	33464.6305
15	91	33681.3726
15	92	33899.9178
15	93	34120.2441
15	94	34342.3287
15	95	34566.1484
15	96	34791.6796
15	97	35018.898
15	98	35247.7786
15	99	35478.2962
15	100	35710.4246
15	101	35944.1371
15	102	36179.4064
15	103	36416.2043
15	104	36654.502
15	105	36894.2701
15	106	37135.4779
15	107	37378.0943
15	108	37622.0872
15	109	37867.4234
15	110	38114.0688
15	111	38361.9883
15	112	38611.1456
15	113	38861.5032
15	114	39113.0225
15	115	39365.6633
15	116	39619.3841
15	117	39874.1419
15	118	40129.892
15	119	40386.5878
15	120	40644.181
15	121	40902.621
15	122	41161.8551
15	123	41421.828
15	124	41682.4818
15	125	41943.7556
15	126	42205.5852
15	127	42467.9028
15	128	42730.6367
15	129	42993.7105
15	130	43257.0429
15	131	43520.5466
15	132	43784.1281
15	133	44047.6861
15	134	44311.1108
15	135	44574.282
15	136	44837.0676
15	137	45099.3207
15	138	45360.877
15	139	45621.5502
15	140	45881.1261
15	141	46139.3543
15	142	46395.9354
15	143	46650.5
15	144	46902.5717
15	145	47151.4899
15	146	47396.2461
15	147	47635.2379
15	148	47866.5291
15	149	48089.6156
16	0	24374.9427
16	1	24377.5348
16	2	24382.7188
16	3	24390.4943
16	4	24400.8608
16	5	24413.8177
16	6	24429.3639
16	7	24447.4985
16	8	24468.2202
16	9	24491.5276
16	10	24517.419
16	11	24545.8926
16	12	24576.9466
16	13	24610.5787
16	14	24646.7866
16	15	24685.5678
16	16	24726.9197
16	17	24770.8393
16	18	24817.3236
16	19	24866.3694
16	20	24917.9732
16	21	24972.1315
16	22	25028.8404
16	23	25088.0959
16	24	25149.894
16	25	25214.2302
16	26	25281.1001
16	27	25350.4989
16	28	25422.4216
16	29	25496.8633
16	30	25573.8185
16	31	25653.2819
16	32	25735.2477
16	33	25819.71
16	34	25906.6629
16	35	25996.1
16	36	26088.0148
16	37	26182.4007
16	38	26279.2509
16	39	26378.5582
16	40	26480.3154
16	41	26584.5151
16	42	26691.1495
16	43	26800.2108
16	44	26911.6908
16	45	27025.5813
16	46	27141.8738
16	47	27260.5593
16	48	27381.6292
16	49	27505.074
16	50	27630.8846
16	51	27759.0511
16	52	27889.5638
16	53	28022.4125
16	54	28157.5871
16	55	28295.0768
16	56	28434.8709
16	57	28576.9585
16	58	28721.3281
16	59	28867.9683
16	60	29016.8673
16	61	29168.0131
16	62	29321.3933
16	63	29476.9955
16	64	29634.8068
16	65	29794.814
16	66	29957.0039
16	67	30121.3627
16	68	30287.8766
16	69	30456.5312
16	70	30627.3121
16	71	30800.2045
16	72	30975.1931
16	73	31152.2625
16	74	31331.3971
16	75	31512.5805
16	76	31695.7964
16	77	31881.028
16	78	32068.2582
16	79	32257.4694
16	80	32448.6437
16	81	32641.763
16	82	32836.8084
16	83	33033.7611
16	84	33232.6014
16	85	33433.3096
16	86	33635.8652
16	87	33840.2475
16	88	34046.4351
16	89	34254.4065
16	90	34464.1392
16	91	34675.6106
16	92	34888.7974
16	93	35103.6756
16	94	35320.2209
16	95	35538.4082
16	96	35758.2119
16	97	35979.6055
16	98	36202.5622
16	99	36427.0542
16	100	36653.053
16	101	36880.5294
16	102	37109.4533
16	103	37339.7939
16	104	37571.5192
16	105	37804.5965
16	106	38038.992
16	107	38274.6709
16	108	38511.597
16	109	38749.7332
16	110	38989.0411
16	111	39229.4807
16	112	39471.0107
16	113	39713.5883
16	114	39957.1688
16	115	40201.706
16	116	40447.1514
16	117	40693.4545
16	118	40940.5627
16	119	41188.4206
16	120	41436.9701
16	121	41686.1502
16	122	41935.8964
16	123	42186.1407
16	124	42436.8106
16	125	42687.8294
16	126	42939.1148
16	127	43190.5789
16	128	43442.1266
16	129	43693.6555
16	130	43945.0537
16	131	44196.1989
16	132	44446.9557
16	133	44697.1738
16	134	44946.6838
16	135	45195.293
16	136	45442.7784
16	137	45688.8775
16	138	45933.2727
16	139	46175.5669
16	140	46415.2347
16	141	46651.5207
16	142	46883.235
16	143	47108.5833
16	144	47326.0477
17	0	25551.1702
17	1	25553.7128
17	2	25558.7978
17	3	25566.4248
17	4	25576.5933
17	5	25589.3026
17	6	25604.5518
17	7	25622.3397
17	8	25642.665
17	9	25665.5263
17	10	25690.9219
17	11	25718.8501
17	12	25749.3086
17	13	25782.2955
17	14	25817.8082
17	15	25855.8441
17	16	25896.4006
17	17	25939.4746
17	18	25985.063
17	19	26033.1625
17	20	26083.7695
17	21	26136.8803
17	22	26192.4911
17	23	26250.5976
17	24	26311.1957
17	25	26374.2808
17	26	26439.8483
17	27	26507.8934
17	28	26578.4108
17	29	26651.3954
17	30	26726.8417
17	31	26804.744
17	32	26885.0966
17	33	26967.8932
17	34	27053.1277
17	35	27140.7935
17	36	27230.884
17	37	27323.3923
17	38	27418.3113
17	39	27515.6337
17	40	27615.352
17	41	27717.4584
17	42	27821.945
17	43	27928.8036
17	44	28038.0258
17	45	28149.603
17	46	28263.5264
17	47	28379.7868
17	48	28498.3751
17	49	28619.2816
17	50	28742.4966
17	51	28868.0101
17	52	28995.8119
17	53	29125.8914
17	54	29258.2379
17	55	29392.8405
17	56	29529.6879
17	57	29668.7685
17	58	29810.0707
17	59	29953.5824
17	60	30099.2913
17	61	30247.1848
17	62	30397.2501
17	63	30549.474
17	64	30703.8431
17	65	30860.3438
17	66	31018.9619
17	67	31179.6831
17	68	31342.4929
17	69	31507.3762
17	70	31674.3177
17	71	31843.3019
17	72	32014.3128
17	73	32187.334
17	74	32362.349
17	75	32539.3406
17	76	32718.2916
17	77	32899.184
17	78	33081.9997
17	79	33266.7202
17	80	33453.3263
17	81	33641.7987
17	82	33832.1174
17	83	34024.2622
17	84	34218.2123
17	85	34413.9462
17	86	34611.4422
17	87	34810.6779
17	88	35011.6306
17	89	35214.2767
17	90	35418.5922
17	91	35624.5525
17	92	35832.1323
17	93	36041.3057
17	94	36252.046
17	95	36464.326
17	96	36678.1176
17	97	36893.3917
17	98	37110.1188
17	99	37328.2683
17	100	37547.8086
17	101	37768.7073
17	102	37990.9308
17	103	38214.4447
17	104	38439.2131
17	105	38665.199
17	106	38892.3643
17	107	39120.6693
17	108	39350.0729
17	109	39580.5322
17	110	39812.003
17	111	40044.4388
17	112	40277.7914
17	113	40512.0104
17	114	40747.0428
17	115	40982.8334
17	116	41219.3239
17	117	41456.453
17	118	41694.1559
17	119	41932.364
17	120	42171.0044
17	121	42409.9996
17	122	42649.2665
17	123	42888.7158
17	124	43128.2513
17	125	43367.7686
17	126	43607.1535
17	127	43846.281
17	128	44085.0121
17	129	44323.1919
17	130	44560.645
17	131	44797.1706
17	132	45032.5346
17	133	45266.4588
17	134	45498.6021
17	135	45728.5287
17	136	45955.6429
17	137	46179.049
17	138	46397.3225
17	139	46608.63
17	140	46812.3746
18	0	26688.914
18	1	26691.4057
18	2	26696.3891
18	3	26703.8636
18	4	26713.8287
18	5	26726.2837
18	6	26741.2277
18	7	26758.6594
18	8	26778.5776
18	9	26800.9807
18	10	26825.867
18	11	26853.2347
18	12	26883.0816
18	13	26915.4055
18	14	26950.2038
18	15	26987.474
18	16	27027.2132
18	17	27069.4182
18	18	27114.0859
18	19	27161.2128
18	20	27210.7953
18	21	27262.8295
18	22	27317.3114
18	23	27374.2367
18	24	27433.6011
18	25	27495.3999
18	26	27559.6282
18	27	27626.2811
18	28	27695.3532
18	29	27766.8391
18	30	27840.7333
18	31	27917.0297
18	32	27995.7223
18	33	28076.8049
18	34	28160.271
18	35	28246.1138
18	36	28334.3265
18	37	28424.9018
18	38	28517.8324
18	39	28613.1108
18	40	28710.729
18	41	28810.6792
18	42	28912.953
18	43	29017.5419
18	44	29124.4373
18	45	29233.6301
18	46	29345.1111
18	47	29458.871
18	48	29574.8999
18	49	29693.1881
18	50	29813.7253
18	51	29936.5011
18	52	30061.5048
18	53	30188.7254
18	54	30318.1517
18	55	30449.7723
18	56	30583.5753
18	57	30719.5488
18	58	30857.6804
18	59	30997.9576
18	60	31140.3673
18	61	31284.8965
18	62	31431.5315
18	63	31580.2587
18	64	31731.0639
18	65	31883.9327
18	66	32038.8502
18	67	32195.8013
18	68	32354.7707
18	69	32515.7424
18	70	32678.7004
18	71	32843.6281
18	72	33010.5085
18	73	33179.3244
18	74	33350.0581
18	75	33522.6914
18	76	33697.2059
18	77	33873.5824
18	78	34051.8017
18	79	34231.8438
18	80	34413.6884
18	81	34597.3146
18	82	34782.7011
18	83	34969.8259
18	84	35158.6666
18	85	35349.2002
18	86	35541.4031
18	87	35735.2511
18	88	35930.7193
18	89	36127.7821
18	90	36326.4134
18	91	36526.5862
18	92	36728.2728
18	93	36931.4446
18	94	37136.0723
18	95	37342.1256
18	96	37549.5734
18	97	37758.3835
18	98	37968.5227
18	99	38179.9567
18	100	38392.65
18	101	38606.566
18	102	38821.6664
18	103	39037.912
18	104	39255.2618
18	105	39473.6731
18	106	39693.1016
18	107	39913.5011
18	108	40134.8233
18	109	40357.0177
18	110	40580.0314
18	111	40803.8088
18	112	41028.2916
18	113	41253.4179
18	114	41479.1227
18	115	41705.3367
18	116	41931.9864
18	117	42158.9932
18	118	42386.273
18	119	42613.735
18	120	42841.2813
18	121	43068.8052
18	122	43296.1899
18	123	43523.3067
18	124	43750.0124
18	125	43976.1461
18	126	44201.5249
18	127	44425.9376
18	128	44649.136
18	129	44870.8209
18	130	45090.6187
18	131	45308.0379
18	132	45522.3748
18	133	45732.527
18	134	45936.8361
18	135	46133.8777
19	0	27787.374
19	1	27789.8135
19	2	27794.6923
19	3	27802.0099
19	4	27811.7658
19	5	27823.9592
19	6	27838.5892
19	7	27855.6545
19	8	27875.1539
19	9	27897.0856
19	10	27921.4479
19	11	27948.239
19	12	27977.4566
19	13	28009.0983
19	14	28043.1616
19	15	28079.6438
19	16	28118.5418
19	17	28159.8526
19	18	28203.5726
19	19	28249.6985
19	20	28298.2264
19	21	28349.1523
19	22	28402.472
19	23	28458.1812
19	24	28516.2753
19	25	28576.7494
19	26	28639.5985
19	27	28704.8175
19	28	28772.4008
19	29	28842.3428
19	30	28914.6377
19	31	28989.2794
19	32	29066.2615
19	33	29145.5775
19	34	29227.2206
19	35	29311.184
19	36	29397.4603
19	37	29486.0422
19	38	29576.922
19	39	29670.0918
19	40	29765.5434
19	41	29863.2685
19	42	29963.2585
19	43	30065.5045
19	44	30169.9975
19	45	30276.728
19	46	30385.6864
19	47	30496.8629
19	48	30610.2474
19	49	30725.8295
19	50	30843.5984
19	51	30963.5434
19	52	31085.6531
19	53	31209.9162
19	54	31336.3208
19	55	31464.8548
19	56	31595.5059
19	57	31728.2615
19	58	31863.1086
19	59	32000.034
19	60	32139.0239
19	61	32280.0645
19	62	32423.1416
19	63	32568.2405
19	64	32715.3464
19	65	32864.4438
19	66	33015.5172
19	67	33168.5506
19	68	33323.5274
19	69	33480.431
19	70	33639.244
19	71	33799.9489
19	72	33962.5276
19	73	34126.9616
19	74	34293.232
19	75	34461.3193
19	76	34631.2037
19	77	34802.8647
19	78	34976.2815
19	79	35151.4326
19	80	35328.2959
19	81	35506.8489
19	82	35687.0685
19	83	35868.9307
19	84	36052.4113
19	85	36237.485
19	86	36424.126
19	87	36612.3077
19	88	36802.0028
19	89	36993.1832
19	90	37185.8197
19	91	37379.8826
19	92	37575.3409
19	93	37772.1628
19	94	37970.3154
19	95	38169.7646
19	96	38370.4752
19	97	38572.4108
19	98	38775.5335
19	99	38979.804
19	100	39185.1814
19	101	39391.6233
19	102	39599.0855
19	103	39807.5216
19	104	40016.8835
19	105	40227.1204
19	106	40438.1793
19	107	40650.0045
19	108	40862.537
19	109	41075.7148
19	110	41289.4721
19	111	41503.739
19	112	41718.441
19	113	41933.4984
19	114	42148.8255
19	115	42364.3299
19	116	42579.9114
19	117	42795.4606
19	118	43010.8573
19	119	43225.9682
19	120	43440.6446
19	121	43654.7181
19	122	43867.9961
19	123	44080.2539
19	124	44291.2241
19	125	44500.5786
19	126	44707.8969
19	127	44912.6008
19	128	45113.8156
19	129	45310.1636
19	130	45499.9818
20	0	28845.7075
20	1	28848.0931
20	2	28852.8641
20	3	28860.0201
20	4	28869.5605
20	5	28881.4844
20	6	28895.7909
20	7	28912.4787
20	8	28931.5464
20	9	28952.9924
20	10	28976.8149
20	11	29003.0117
20	12	29031.5807
20	13	29062.5194
20	14	29095.8252
20	15	29131.4951
20	16	29169.5261
20	17	29209.915
20	18	29252.6582
20	19	29297.752
20	20	29345.1924
20	21	29394.9755
20	22	29447.0967
20	23	29501.5516
20	24	29558.3354
20	25	29617.4431
20	26	29678.8694
20	27	29742.6089
20	28	29808.6559
20	29	29877.0046
20	30	29947.6488
20	31	30020.5823
20	32	30095.7983
20	33	30173.2901
20	34	30253.0507
20	35	30335.0728
20	36	30419.3489
20	37	30505.8711
20	38	30594.6316
20	39	30685.622
20	40	30778.8338
20	41	30874.2583
20	42	30971.8864
20	43	31071.709
20	44	31173.7163
20	45	31277.8988
20	46	31384.2461
20	47	31492.7481
20	48	31603.3941
20	49	31716.1731
20	50	31831.0739
20	51	31948.0851
20	52	32067.1949
20	53	32188.3911
20	54	32311.6613
20	55	32436.9929
20	56	32564.3726
20	57	32693.7873
20	58	32825.2231
20	59	32958.666
20	60	33094.1016
20	61	33231.5151
20	62	33370.8914
20	63	33512.2149
20	64	33655.4698
20	65	33800.6397
20	66	33947.7079
20	67	34096.6574
20	68	34247.4704
20	69	34400.1292
20	70	34554.6151
20	71	34710.9092
20	72	34868.9921
20	73	35028.8439
20	74	35190.4441
20	75	35353.7717
20	76	35518.8052
20	77	35685.5224
20	78	35853.9006
20	79	36023.9163
20	80	36195.5456
20	81	36368.7637
20	82	36543.5452
20	83	36719.8639
20	84	36897.6928
20	85	37077.0042
20	86	37257.7692
20	87	37439.9584
20	88	37623.5412
20	89	37808.4861
20	90	37994.7604
20	91	38182.3302
20	92	38371.1608
20	93	38561.2156
20	94	38752.4571
20	95	38944.8462
20	96	39138.342
20	97	39332.9022
20	98	39528.4825
20	99	39725.0366
20	100	39922.5162
20	101	40120.8703
20	102	40320.0457
20	103	40519.9862
20	104	40720.6326
20	105	40921.922
20	106	41123.788
20	107	41326.1596
20	108	41528.9612
20	109	41732.1116
20	110	41935.5233
20	111	42139.1016
20	112	42342.7435
20	113	42546.3361
20	114	42749.7547
20	115	42952.8605
20	116	43155.4975
20	117	43357.4876
20	118	43558.6252
20	119	43758.6673
20	120	43957.3199
20	121	44154.2129
20	122	44348.8519
20	123	44540.5152
20	124	44728.0656
20	125	44909.9099
20	126	45085.1468
21	0	29863.0235
21	1	29865.3535
21	2	29870.0133
21	3	29877.0024
21	4	29886.3203
21	5	29897.9661
21	6	29911.9387
21	7	29928.2368
21	8	29946.859
21	9	29967.8036
21	10	29991.0687
21	11	30016.6521
21	12	30044.5515
21	13	30074.7643
21	14	30107.2879
21	15	30142.1191
21	16	30179.2548
21	17	30218.6916
21	18	30260.4258
21	19	30304.4535
21	20	30350.7707
21	21	30399.3731
21	22	30450.2561
21	23	30503.4149
21	24	30558.8446
21	25	30616.54
21	26	30676.4955
21	27	30738.7055
21	28	30803.1642
21	29	30869.8652
21	30	30938.8023
21	31	31009.9688
21	32	31083.3578
21	33	31158.9621
21	34	31236.7745
21	35	31316.7873
21	36	31398.9925
21	37	31483.3821
21	38	31569.9477
21	39	31658.6805
21	40	31749.5717
21	41	31842.6121
21	42	31937.7921
21	43	32035.102
21	44	32134.5318
21	45	32236.0711
21	46	32339.7093
21	47	32445.4356
21	48	32553.2386
21	49	32663.1068
21	50	32775.0284
21	51	32888.9912
21	52	33004.9828
21	53	33122.9902
21	54	33243.0004
21	55	33364.9998
21	56	33488.9746
21	57	33614.9105
21	58	33742.7928
21	59	33872.6067
21	60	34004.3367
21	61	34137.9671
21	62	34273.4816
21	63	34410.8636
21	64	34550.0961
21	65	34691.1616
21	66	34834.042
21	67	34978.719
21	68	35125.1736
21	69	35273.3862
21	70	35423.337
21	71	35575.0054
21	72	35728.3702
21	73	35883.4098
21	74	36040.1019
21	75	36198.4235
21	76	36358.3509
21	77	36519.8598
21	78	36682.9253
21	79	36847.5214
21	80	37013.6216
21	81	37181.1984
21	82	37350.2235
21	83	37520.6675
21	84	37692.5003
21	85	37865.6906
21	86	38040.2059
21	87	38216.0127
21	88	38393.0762
21	89	38571.3604
21	90	38750.8275
21	91	38931.4387
21	92	39113.1531
21	93	39295.9285
21	94	39479.7203
21	95	39664.4822
21	96	39850.1657
21	97	40036.7196
21	98	40224.0901
21	99	40412.2207
21	100	40601.0513
21	101	40790.5185
21	102	40980.5545
21	103	41171.0873
21	104	41362.0397
21	105	41553.3285
21	106	41744.864
21	107	41936.5486
21	108	42128.2755
21	109	42319.9275
21	110	42511.374
21	111	42702.469
21	112	42893.0466
21	113	43082.916
21	114	43271.8537
21	115	43459.5911
21	116	43645.7946
21	117	43830.0277
21	118	44011.6698
21	119	44189.7572
21	120	44362.8553
21	121	44529.7428
22	0	30838.3764
22	1	30840.6489
22	2	30845.1937
22	3	30852.0103
22	4	30861.0981
22	5	30872.4562
22	6	30886.0835
22	7	30901.9786
22	8	30920.14
22	9	30940.566
22	10	30963.2545
22	11	30988.2034
22	12	31015.4101
22	13	31044.872
22	14	31076.5862
22	15	31110.5496
22	16	31146.7589
22	17	31185.2104
22	18	31225.9003
22	19	31268.8246
22	20	31313.979
22	21	31361.3591
22	22	31410.9599
22	23	31462.7766
22	24	31516.804
22	25	31573.0365
22	26	31631.4684
22	27	31692.0938
22	28	31754.9064
22	29	31819.8999
22	30	31887.0674
22	31	31956.402
22	32	32027.8964
22	33	32101.5433
22	34	32177.3347
22	35	32255.2627
22	36	32335.319
22	37	32417.4949
22	38	32501.7818
22	39	32588.1702
22	40	32676.651
22	41	32767.2143
22	42	32859.8501
22	43	32954.5481
22	44	33051.2977
22	45	33150.0879
22	46	33250.9074
22	47	33353.7448
22	48	33458.588
22	49	33565.4248
22	50	33674.2425
22	51	33785.0284
22	52	33897.7689
22	53	34012.4505
22	54	34129.0591
22	55	34247.5803
22	56	34367.9991
22	57	34490.3003
22	58	34614.4684
22	59	34740.487
22	60	34868.3398
22	61	34998.0097
22	62	35129.4792
22	63	35262.7304
22	64	35397.7447
22	65	35534.5033
22	66	35672.9866
22	67	35813.1744
22	68	35955.0462
22	69	36098.5807
22	70	36243.756
22	71	36390.5496
22	72	36538.9382
22	73	36688.8979
22	74	36840.404
22	75	36993.4311
22	76	37147.953
22	77	37303.9425
22	78	37461.3715
22	79	37620.2112
22	80	37780.4314
22	81	37942.0013
22	82	38104.8886
22	83	38269.0599
22	84	38434.4806
22	85	38601.1147
22	86	38768.9248
22	87	38937.8717
22	88	39107.9148
22	89	39279.0116
22	90	39451.1175
22	91	39624.1859
22	92	39798.1679
22	93	39973.012
22	94	40148.6637
22	95	40325.0658
22	96	40502.1574
22	97	40679.8739
22	98	40858.1463
22	99	41036.9009
22	100	41216.0583
22	101	41395.5331
22	102	41575.2323
22	103	41755.0547
22	104	41934.8889
22	105	42114.6114
22	106	42294.0844
22	107	42473.1517
22	108	42651.6345
22	109	42829.324
22	110	43005.971
22	111	43181.2685
22	112	43354.8194
22	113	43526.0697
22	114	43694.171
22	115	43857.8325
22	116	44015.7527
22	117	44167.6881
23	0	31770.7587
23	1	31772.9716
23	2	31777.3972
23	3	31784.035
23	4	31792.8843
23	5	31803.9442
23	6	31817.2136
23	7	31832.6909
23	8	31850.3747
23	9	31870.2631
23	10	31892.3539
23	11	31916.6448
23	12	31943.1333
23	13	31971.8166
23	14	32002.6915
23	15	32035.7549
23	16	32071.0033
23	17	32108.4327
23	18	32148.0393
23	19	32189.8189
23	20	32233.7667
23	21	32279.8783
23	22	32328.1485
23	23	32378.572
23	24	32431.1435
23	25	32485.857
23	26	32542.7067
23	27	32601.6861
23	28	32662.7888
23	29	32726.008
23	30	32791.3365
23	31	32858.7669
23	32	32928.2917
23	33	32999.9029
23	34	33073.5923
23	35	33149.3515
23	36	33227.1715
23	37	33307.0434
23	38	33388.9576
23	39	33472.9046
23	40	33558.8744
23	41	33646.8565
23	42	33736.8403
23	43	33828.8149
23	44	33922.769
23	45	34018.6907
23	46	34116.5682
23	47	34216.3891
23	48	34318.1406
23	49	34421.8097
23	50	34527.3827
23	51	34634.8458
23	52	34744.1848
23	53	34855.3849
23	54	34968.4309
23	55	35083.3073
23	56	35199.9981
23	57	35318.4868
23	58	35438.7563
23	59	35560.7893
23	60	35684.5678
23	61	35810.0732
23	62	35937.2865
23	63	36066.1881
23	64	36196.7578
23	65	36328.9747
23	66	36462.8174
23	67	36598.2638
23	68	36735.2911
23	69	36873.8756
23	70	37013.9932
23	71	37155.6187
23	72	37298.7261
23	73	37443.2888
23	74	37589.2788
23	75	37736.6677
23	76	37885.4255
23	77	38035.5215
23	78	38186.9236
23	79	38339.5988
23	80	38493.5123
23	81	38648.6282
23	82	38804.9092
23	83	38962.316
23	84	39120.8079
23	85	39280.3422
23	86	39440.874
23	87	39602.3563
23	88	39764.7397
23	89	39927.9721
23	90	40091.9983
23	91	40256.76
23	92	40422.1952
23	93	40588.2376
23	94	40754.8168
23	95	40921.8566
23	96	41089.2752
23	97	41256.9838
23	98	41424.8855
23	99	41592.874
23	100	41760.8317
23	101	41928.6272
23	102	42096.1122
23	103	42263.117
23	104	42429.444
23	105	42594.8582
23	106	42759.0712
23	107	42921.7121
23	108	43082.2677
23	109	43239.9587
23	110	43393.5954
23	111	43541.9212
23	112	43684.856
24	0	32659.0918
24	1	32661.2427
24	2	32665.5445
24	3	32671.9965
24	4	32680.598
24	5	32691.3481
24	6	32704.2455
24	7	32719.2887
24	8	32736.4761
24	9	32755.8057
24	10	32777.2752
24	11	32800.8823
24	12	32826.6242
24	13	32854.498
24	14	32884.5004
24	15	32916.628
24	16	32950.877
24	17	32987.2436
24	18	33025.7234
24	19	33066.3119
24	20	33109.0045
24	21	33153.7961
24	22	33200.6814
24	23	33249.6548
24	24	33300.7106
24	25	33353.8425
24	26	33409.0443
24	27	33466.3093
24	28	33525.6305
24	29	33587.0007
24	30	33650.4124
24	31	33715.8577
24	32	33783.3285
24	33	33852.8165
24	34	33924.3127
24	35	33997.8084
24	36	34073.2939
24	37	34150.7597
24	38	34230.1958
24	39	34311.5917
24	40	34394.9367
24	41	34480.2199
24	42	34567.4299
24	43	34656.5547
24	44	34747.5823
24	45	34840.5002
24	46	34935.2954
24	47	35031.9546
24	48	35130.4641
24	49	35230.8097
24	50	35332.9769
24	51	35436.9505
24	52	35542.7152
24	53	35650.2549
24	54	35759.5531
24	55	35870.593
24	56	35983.3571
24	57	36097.8272
24	58	36213.9849
24	59	36331.811
24	60	36451.2857
24	61	36572.3887
24	62	36695.0988
24	63	36819.3945
24	64	36945.2532
24	65	37072.6518
24	66	37201.5663
24	67	37331.9721
24	68	37463.8434
24	69	37597.1537
24	70	37731.8757
24	71	37867.9807
24	72	38005.4393
24	73	38144.2208
24	74	38284.2933
24	75	38425.6237
24	76	38568.1775
24	77	38711.9187
24	78	38856.8096
24	79	39002.8112
24	80	39149.8823
24	81	39297.9798
24	82	39447.0586
24	83	39597.071
24	84	39747.9669
24	85	39899.6932
24	86	40052.1938
24	87	40205.409
24	88	40359.2751
24	89	40513.7242
24	90	40668.6831
24	91	40824.0731
24	92	40979.8087
24	93	41135.7967
24	94	41291.935
24	95	41448.1105
24	96	41604.1969
24	97	41760.0518
24	98	41915.5124
24	99	42070.3889
24	100	42224.4561
24	101	42377.437
24	102	42528.9757
24	103	42678.5783
24	104	42825.4952
24	105	42968.5948
24	106	43106.7326
24	107	43239.9224
25	0	33502.215
25	1	33504.3015
25	2	33508.4742
25	3	33514.7325
25	4	33523.0758
25	5	33533.503
25	6	33546.0128
25	7	33560.6036
25	8	33577.2736
25	9	33596.0208
25	10	33616.8428
25	11	33639.737
25	12	33664.7005
25	13	33691.7302
25	14	33720.8227
25	15	33751.9743
25	16	33785.1811
25	17	33820.4388
25	18	33857.743
25	19	33897.0888
25	20	33938.4713
25	21	33981.8851
25	22	34027.3246
25	23	34074.7838
25	24	34124.2566
25	25	34175.7364
25	26	34229.2164
25	27	34284.6896
25	28	34342.1486
25	29	34401.5855
25	30	34462.9924
25	31	34526.3609
25	32	34591.6824
25	33	34658.9477
25	34	34728.1476
25	35	34799.2723
25	36	34872.3118
25	37	34947.2556
25	38	35024.0931
25	39	35102.8129
25	40	35183.4037
25	41	35265.8535
25	42	35350.15
25	43	35436.2804
25	44	35524.2315
25	45	35613.9899
25	46	35705.5415
25	47	35798.8717
25	48	35893.9658
25	49	35990.8081
25	50	36089.3828
25	51	36189.6735
25	52	36291.6632
25	53	36395.3342
25	54	36500.6686
25	55	36607.6477
25	56	36716.2521
25	57	36826.4618
25	58	36938.2563
25	59	37051.6142
25	60	37166.5136
25	61	37282.9314
25	62	37400.8443
25	63	37520.2276
25	64	37641.0562
25	65	37763.3036
25	66	37886.9427
25	67	38011.9452
25	68	38138.2816
25	69	38265.9214
25	70	38394.8329
25	71	38524.9828
25	72	38656.3365
25	73	38788.858
25	74	38922.5095
25	75	39057.2515
25	76	39193.0424
25	77	39329.8388
25	78	39467.5946
25	79	39606.2616
25	80	39745.7885
25	81	39886.1212
25	82	40027.2019
25	83	40168.9693
25	84	40311.3574
25	85	40454.2958
25	86	40597.7081
25	87	40741.5116
25	88	40885.6161
25	89	41029.9226
25	90	41174.3215
25	91	41318.6902
25	92	41462.8905
25	93	41606.7636
25	94	41750.125
25	95	41892.754
25	96	42034.3788
25	97	42174.6465
25	98	42313.0612
25	99	42448.8647
25	100	42580.9523
25	101	42708.3847
26	0	34298.8728
26	1	34300.8918
26	2	34304.9295
26	3	34310.9855
26	4	34319.0588
26	5	34329.1484
26	6	34341.2529
26	7	34355.3706
26	8	34371.4996
26	9	34389.6377
26	10	34409.7824
26	11	34431.9308
26	12	34456.0801
26	13	34482.2267
26	14	34510.3671
26	15	34540.4973
26	16	34572.6132
26	17	34606.7102
26	18	34642.7835
26	19	34680.8281
26	20	34720.8384
26	21	34762.8088
26	22	34806.7333
26	23	34852.6056
26	24	34900.4189
26	25	34950.1664
26	26	35001.8406
26	27	35055.4341
26	28	35110.9387
26	29	35168.3463
26	30	35227.6481
26	31	35288.8351
26	32	35351.898
26	33	35416.8271
26	34	35483.6121
26	35	35552.2427
26	36	35622.708
26	37	35694.9966
26	38	35769.0968
26	39	35844.9966
26	40	35922.6834
26	41	36002.1442
26	42	36083.3657
26	43	36166.3337
26	44	36251.0341
26	45	36337.4519
26	46	36425.5716
26	47	36515.3775
26	48	36606.8529
26	49	36699.981
26	50	36794.7439
26	51	36891.1236
26	52	36989.1012
26	53	37088.657
26	54	37189.771
26	55	37292.4221
26	56	37396.5887
26	57	37502.2483
26	58	37609.3776
26	59	37717.9524
26	60	37827.9476
26	61	37939.3372
26	62	38052.0941
26	63	38166.1901
26	64	38281.596
26	65	38398.281
26	66	38516.2135
26	67	38635.3602
26	68	38755.6862
26	69	38877.1553
26	70	38999.7292
26	71	39123.3681
26	72	39248.0296
26	73	39373.6697
26	74	39500.2413
26	75	39627.6951
26	76	39755.9783
26	77	39885.0353
26	78	40014.8061
26	79	40145.2271
26	80	40276.2294
26	81	40407.7388
26	82	40539.6747
26	83	40671.9491
26	84	40804.465
26	85	40937.1152
26	86	41069.7794
26	87	41202.3212
26	88	41334.5841
26	89	41466.3844
26	90	41597.5016
26	91	41727.6605
26	92	41856.497
26	93	41983.4858
26	94	42107.82
26	95	42228.4309
26	96	42344.7839
27	0	35047.6977
27	1	35049.6459
27	2	35053.5421
27	3	35059.3856
27	4	35067.1756
27	5	35076.9109
27	6	35088.5899
27	7	35102.211
27	8	35117.7721
27	9	35135.2707
27	10	35154.7042
27	11	35176.0696
27	12	35199.3637
27	13	35224.5827
27	14	35251.7229
27	15	35280.78
27	16	35311.7494
27	17	35344.6263
27	18	35379.4056
27	19	35416.0818
27	20	35454.6489
27	21	35495.1009
27	22	35537.4312
27	23	35581.633
27	24	35627.6992
27	25	35675.6221
27	26	35725.3938
27	27	35777.0062
27	28	35830.4505
27	29	35885.7178
27	30	35942.7986
27	31	36001.6831
27	32	36062.3612
27	33	36124.8222
27	34	36189.055
27	35	36255.0483
27	36	36322.7901
27	37	36392.2681
27	38	36463.4693
27	39	36536.3806
27	40	36610.988
27	41	36687.2773
27	42	36765.2337
27	43	36844.8416
27	44	36926.0853
27	45	37008.9481
27	46	37093.4129
27	47	37179.4619
27	48	37267.0767
27	49	37356.2381
27	50	37446.9265
27	51	37539.1211
27	52	37632.8006
27	53	37727.9428
27	54	37824.5248
27	55	37922.5225
27	56	38021.9112
27	57	38122.6648
27	58	38224.7563
27	59	38328.1578
27	60	38432.8397
27	61	38538.7716
27	62	38645.9214
27	63	38754.2556
27	64	38863.7391
27	65	38974.335
27	66	39086.0047
27	67	39198.7074
27	68	39312.4001
27	69	39427.0374
27	70	39542.5711
27	71	39658.9501
27	72	39776.12
27	73	39894.0224
27	74	40012.595
27	75	40131.7705
27	76	40251.476
27	77	40371.6323
27	78	40492.1525
27	79	40612.9411
27	80	40733.8914
27	81	40854.8838
27	82	40975.7817
27	83	41096.4273
27	84	41216.6337
27	85	41336.1736
27	86	41454.7568
27	87	41571.9854
27	88	41687.2643
27	89	41799.7101
27	90	41908.4288
27	91	42013.5166
28	0	35747.1902
28	1	35749.0638
28	2	35752.8107
28	3	35758.4303
28	4	35765.9216
28	5	35775.2833
28	6	35786.5139
28	7	35799.6113
28	8	35814.5734
28	9	35831.3975
28	10	35850.0809
28	11	35870.6202
28	12	35893.0119
28	13	35917.252
28	14	35943.3365
28	15	35971.2606
28	16	36001.0194
28	17	36032.6078
28	18	36066.02
28	19	36101.2501
28	20	36138.2917
28	21	36177.1381
28	22	36217.7823
28	23	36260.2168
28	24	36304.4337
28	25	36350.4247
28	26	36398.1814
28	27	36447.6945
28	28	36498.9546
28	29	36551.9518
28	30	36606.6759
28	31	36663.1159
28	32	36721.2607
28	33	36781.0986
28	34	36842.6174
28	35	36905.8043
28	36	36970.6461
28	37	37037.1293
28	38	37105.2393
28	39	37174.9615
28	40	37246.2804
28	41	37319.1799
28	42	37393.6434
28	43	37469.6535
28	44	37547.1923
28	45	37626.2411
28	46	37706.7804
28	47	37788.7899
28	48	37872.2486
28	49	37957.1346
28	50	38043.4251
28	51	38131.0963
28	52	38220.1235
28	53	38310.4808
28	54	38402.1412
28	55	38495.0766
28	56	38589.2575
28	57	38684.653
28	58	38781.2308
28	59	38878.957
28	60	38977.7959
28	61	39077.7099
28	62	39178.6596
28	63	39280.6029
28	64	39383.4958
28	65	39487.2911
28	66	39591.9388
28	67	39697.3856
28	68	39803.5742
28	69	39910.4432
28	70	40017.926
28	71	40125.9506
28	72	40234.4382
28	73	40343.3023
28	74	40452.4469
28	75	40561.7646
28	76	40671.1341
28	77	40780.4156
28	78	40889.4456
28	79	40998.0277
28	80	41105.9165
28	81	41212.7856
28	82	41318.1619
28	83	41421.3299
28	84	41521.4095
28	85	41618.1153
29	0	36395.6922
29	1	36397.4867
29	2	36401.0754
29	3	36406.4577
29	4	36413.6324
29	5	36422.5981
29	6	36433.3531
29	7	36445.8954
29	8	36460.2224
29	9	36476.3313
29	10	36494.219
29	11	36513.8819
29	12	36535.3162
29	13	36558.5175
29	14	36583.4812
29	15	36610.2024
29	16	36638.6755
29	17	36668.8949
29	18	36700.8543
29	19	36734.5471
29	20	36769.9665
29	21	36807.1049
29	22	36845.9546
29	23	36886.5074
29	24	36928.7545
29	25	36972.6869
29	26	37018.295
29	27	37065.5686
29	28	37114.4974
29	29	37165.0703
29	30	37217.2757
29	31	37271.1017
29	32	37326.5357
29	33	37383.5646
29	34	37442.1746
29	35	37502.3515
29	36	37564.0803
29	37	37627.3457
29	38	37692.1313
29	39	37758.4204
29	40	37826.1953
29	41	37895.4377
29	42	37966.1286
29	43	38038.2478
29	44	38111.7748
29	45	38186.6877
29	46	38262.964
29	47	38340.5799
29	48	38419.5107
29	49	38499.7306
29	50	38581.2124
29	51	38663.9278
29	52	38747.8469
29	53	38832.9386
29	54	38919.1699
29	55	39006.5062
29	56	39094.9109
29	57	39184.3455
29	58	39274.769
29	59	39366.1381
29	60	39458.4065
29	61	39551.5251
29	62	39645.441
29	63	39740.0975
29	64	39835.4336
29	65	39931.3828
29	66	40027.8729
29	67	40124.8245
29	68	40222.1498
29	69	40319.7509
29	70	40417.5171
29	71	40515.3221
29	72	40613.0183
29	73	40710.4295
29	74	40807.3376
29	75	40903.4563
29	76	40998.3771
29	77	41091.4844
29	78	41181.9888
29	79	41269.5159
30	0	36991.352
30	1	36993.0622
30	2	36996.4822
30	3	37001.6113
30	4	37008.4482
30	5	37016.9915
30	6	37027.2391
30	7	37039.1889
30	8	37052.838
30	9	37068.1834
30	10	37085.2215
30	11	37103.9484
30	12	37124.3598
30	13	37146.4511
30	14	37170.2169
30	15	37195.6518
30	16	37222.7497
30	17	37251.5043
30	18	37281.9086
30	19	37313.9552
30	20	37347.6365
30	21	37382.9441
30	22	37419.8694
30	23	37458.403
30	24	37498.5352
30	25	37540.2558
30	26	37583.5541
30	27	37628.4186
30	28	37674.8374
30	29	37722.7982
30	30	37772.2878
30	31	37823.2926
30	32	37875.7982
30	33	37929.7896
30	34	37985.2511
30	35	38042.1663
30	36	38100.518
30	37	38160.2882
30	38	38221.4582
30	39	38284.0082
30	40	38347.9177
30	41	38413.1651
30	42	38479.7278
30	43	38547.5821
30	44	38616.7032
30	45	38687.0651
30	46	38758.6403
30	47	38831.4001
30	48	38905.3141
30	49	38980.3503
30	50	39056.475
30	51	39133.6524
30	52	39211.8446
30	53	39291.0115
30	54	39371.1101
30	55	39452.0948
30	56	39533.9166
30	57	39616.5227
30	58	39699.8565
30	59	39783.8561
30	60	39868.4544
30	61	39953.5777
30	62	40039.1443
30	63	40125.0631
30	64	40211.2314
30	65	40297.5316
30	66	40383.8264
30	67	40469.9519
30	68	40555.7047
30	69	40640.816
30	70	40724.9007
30	71	40807.3847
30	72	40887.5748
30	73	40965.2426
31	0	37532.0787
31	1	37533.6982
31	2	37536.9368
31	3	37541.7935
31	4	37548.2672
31	5	37556.356
31	6	37566.0579
31	7	37577.3701
31	8	37590.2897
31	9	37604.8131
31	10	37620.9364
31	11	37638.6552
31	12	37657.9647
31	13	37678.8594
31	14	37701.3336
31	15	37725.3811
31	16	37750.9949
31	17	37778.1679
31	18	37806.8922
31	19	37837.1594
31	20	37868.9609
31	21	37902.287
31	22	37937.128
31	23	37973.4731
31	24	38011.3113
31	25	38050.6308
31	26	38091.4191
31	27	38133.6633
31	28	38177.3495
31	29	38222.4633
31	30	38268.9894
31	31	38316.912
31	32	38366.2141
31	33	38416.8782
31	34	38468.8856
31	35	38522.2169
31	36	38576.8516
31	37	38632.7682
31	38	38689.9441
31	39	38748.3553
31	40	38807.9768
31	41	38868.782
31	42	38930.7431
31	43	38993.8304
31	44	39058.0128
31	45	39123.2571
31	46	39189.528
31	47	39256.7883
31	48	39324.9979
31	49	39394.1141
31	50	39464.0911
31	51	39534.8795
31	52	39606.4261
31	53	39678.6727
31	54	39751.556
31	55	39825.0065
31	56	39898.9467
31	57	39973.2903
31	58	40047.9392
31	59	40122.7809
31	60	40197.683
31	61	40272.4859
31	62	40346.9875
31	63	40420.9139
31	64	40493.8627
31	65	40565.2639
31	66	40634.5932
32	0	38015.4771
32	1	38016.9981
32	2	38020.0395
32	3	38024.6004
32	4	38030.6794
32	5	38038.2743
32	6	38047.3828
32	7	38058.0018
32	8	38070.1279
32	9	38083.757
32	10	38098.8847
32	11	38115.5058
32	12	38133.6149
32	13	38153.2056
32	14	38174.2714
32	15	38196.805
32	16	38220.7985
32	17	38246.2435
32	18	38273.1309
32	19	38301.4511
32	20	38331.1938
32	21	38362.3478
32	22	38394.9017
32	23	38428.8429
32	24	38464.1583
32	25	38500.834
32	26	38538.8552
32	27	38578.2065
32	28	38618.8713
32	29	38660.8323
32	30	38704.071
32	31	38748.5682
32	32	38794.3032
32	33	38841.2544
32	34	38889.3989
32	35	38938.7124
32	36	38989.1692
32	37	39040.7421
32	38	39093.4021
32	39	39147.1184
32	40	39201.8582
32	41	39257.5866
32	42	39314.2661
32	43	39371.8564
32	44	39430.3144
32	45	39489.5933
32	46	39549.6423
32	47	39610.4061
32	48	39671.824
32	49	39733.8287
32	50	39796.3455
32	51	39859.2898
32	52	39922.5651
32	53	39986.0589
32	54	40049.637
32	55	40113.1324
32	56	40176.324
32	57	40238.8935
32	58	40300.3817
32	59	40360.2971
32	60	40418.6047
33	0	38438.7555
33	1	38440.168
33	2	38442.9923
33	3	38447.2274
33	4	38452.8714
33	5	38459.9221
33	6	38468.3766
33	7	38478.2313
33	8	38489.4821
33	9	38502.1244
33	10	38516.1527
33	11	38531.5611
33	12	38548.3429
33	13	38566.491
33	14	38585.9974
33	15	38606.8533
33	16	38629.0494
33	17	38652.5757
33	18	38677.4213
33	19	38703.5744
33	20	38731.0227
33	21	38759.7528
33	22	38789.7504
33	23	38821.0004
33	24	38853.4866
33	25	38887.1918
33	26	38922.0976
33	27	38958.1846
33	28	38995.432
33	29	39033.8177
33	30	39073.3181
33	31	39113.9083
33	32	39155.5613
33	33	39198.2485
33	34	39241.9392
33	35	39286.6006
33	36	39332.1972
33	37	39378.6908
33	38	39426.04
33	39	39474.1999
33	40	39523.1214
33	41	39572.7505
33	42	39623.0274
33	43	39673.8854
33	44	39725.2492
33	45	39777.0327
33	46	39829.1353
33	47	39881.4367
33	48	39933.7863
33	49	39985.9822
33	50	40037.7327
33	51	40088.6326
33	52	40138.3127
33	53	40186.876
34	0	38798.5848
34	1	38799.8755
34	2	38802.4562
34	3	38806.3254
34	4	38811.4812
34	5	38817.9205
34	6	38825.6399
34	7	38834.6352
34	8	38844.9011
34	9	38856.4321
34	10	38869.2215
34	11	38883.2619
34	12	38898.5452
34	13	38915.0623
34	14	38932.8035
34	15	38951.7578
34	16	38971.9135
34	17	38993.2579
34	18	39015.7772
34	19	39039.4567
34	20	39064.2802
34	21	39090.2307
34	22	39117.2894
34	23	39145.4367
34	24	39174.6509
34	25	39204.9091
34	26	39236.1865
34	27	39268.4564
34	28	39301.6897
34	29	39335.8554
34	30	39370.9194
34	31	39406.8448
34	32	39443.5913
34	33	39481.1145
34	34	39519.3653
34	35	39558.2891
34	36	39597.8245
34	37	39637.9015
34	38	39678.439
34	39	39719.3411
34	40	39760.4898
34	41	39801.7305
34	42	39842.8446
34	43	39883.5216
34	44	39923.4383
34	45	39962.5667
34	46	40001.011
35	0	39090.8688
35	1	39092.0188
35	2	39094.3181
35	3	39097.7648
35	4	39102.3561
35	5	39108.0883
35	6	39114.9569
35	7	39122.9563
35	8	39132.0799
35	9	39142.3202
35	10	39153.6684
35	11	39166.1149
35	12	39179.6488
35	13	39194.258
35	14	39209.9293
35	15	39226.6479
35	16	39244.3979
35	17	39263.1615
35	18	39282.9195
35	19	39303.651
35	20	39325.3329
35	21	39347.94
35	22	39371.4447
35	23	39395.8169
35	24	39421.023
35	25	39447.0262
35	26	39473.7853
35	27	39501.2541
35	28	39529.3805
35	29	39558.1043
35	30	39587.3555
35	31	39617.05
35	32	39647.0818
35	33	39677.3069
35	34	39707.5173
35	35	39737.4525
35	36	39766.9584
35	37	39796.2357
36	0	39310.3268
36	1	39311.3065
36	2	39313.2646
36	3	39316.1983
36	4	39320.1039
36	5	39324.9759
36	6	39330.8076
36	7	39337.5908
36	8	39345.3157
36	9	39353.9711
36	10	39363.5438
36	11	39374.0189
36	12	39385.3796
36	13	39397.6068
36	14	39410.6789
36	15	39424.5716
36	16	39439.2575
36	17	39454.7055
36	18	39470.8802
36	19	39487.7409
36	20	39505.24
36	21	39523.3209
36	22	39541.9143
36	23	39560.9289
36	24	39580.2328
36	25	39599.6447
36	26	39619.0195
36	27	39638.4266
36	28	39658.0659
37	0	39449.5843
37	1	39450.3339
37	2	39451.8305
37	3	39454.069
37	4	39457.0415
37	5	39460.737
37	6	39465.1416
37	7	39470.2374
37	8	39476.0023
37	9	39482.4091
37	10	39489.4232
37	11	39497.0004
37	12	39505.0791
37	13	39513.5582
37	14	39522.3178
37	15	39531.3825
37	16	39540.9511
