0	0	583.5635
0	1	586.1675
0	2	591.3752
0	3	599.1863
0	4	609.6004
0	5	622.6168
0	6	638.2348
0	7	656.4535
0	8	677.2716
0	9	700.688
0	10	726.7012
0	11	755.3097
0	12	786.5117
0	13	820.3054
0	14	856.6887
0	15	895.6593
0	16	937.215
0	17	981.3533
0	18	1028.0713
0	19	1077.3664
0	20	1129.2355
0	21	1183.6755
0	22	1240.683
0	23	1300.2547
0	24	1362.3868
0	25	1427.0757
0	26	1494.3174
0	27	1564.1077
0	28	1636.4425
0	29	1711.3173
0	30	1788.7276
0	31	1868.6687
0	32	1951.1357
0	33	2036.1235
0	34	2123.6269
0	35	2213.6407
0	36	2306.1593
0	37	2401.1771
0	38	2498.6881
0	39	2598.6865
0	40	2701.1662
0	41	2806.1207
0	42	2913.5437
0	43	3023.4286
0	44	3135.7686
0	45	3250.5568
0	46	3367.7861
0	47	3487.4493
0	48	3609.539
0	49	3734.0475
0	50	3860.9673
0	51	3990.2905
0	52	4122.009
0	53	4256.1147
0	54	4392.5991
0	55	4531.4539
0	56	4672.6704
0	57	4816.2397
0	58	4962.1528
0	59	5110.4008
0	60	5260.9742
0	61	5413.8636
0	62	5569.0594
0	63	5726.5519
0	64	5886.3311
0	65	6048.387
0	66	6212.7093
0	67	6379.2876
0	68	6548.1114
0	69	6719.1699
0	70	6892.4522
0	71	7067.9474
0	72	7245.6442
0	73	7425.5312
0	74	7607.597
0	75	7791.8298
0	76	7978.2179
0	77	8166.7492
0	78	8357.4115
0	79	8550.1925
0	80	8745.0798
0	81	8942.0606
0	82	9141.1221
0	83	9342.2514
0	84	9545.4354
0	85	9750.6606
0	86	9957.9136
0	87	10167.1808
0	88	10378.4484
0	89	10591.7023
0	90	10806.9285
0	91	11024.1126
0	92	11243.2401
0	93	11464.2964
0	94	11687.2666
0	95	11912.1357
0	96	12138.8886
0	97	12367.51
0	98	12597.9842
0	99	12830.2957
0	100	13064.4285
0	101	13300.3666
0	102	13538.0937
0	103	13777.5934
0	104	14018.8493
0	105	14261.8444
0	106	14506.5618
0	107	14752.9844
0	108	15001.0948
0	109	15250.8756
0	110	15502.309
0	111	15755.3771
0	112	16010.0618
0	113	16266.3448
0	114	16524.2077
0	115	16783.6317
0	116	17044.598
0	117	17307.0874
0	118	17571.0806
0	119	17836.5582
0	120	18103.5003
0	121	18371.8871
0	122	18641.6983
0	123	18912.9136
0	124	19185.5124
0	125	19459.4738
0	126	19734.7767
0	127	20011.3999
0	128	20289.3217
0	129	20568.5203
0	130	20848.9737
0	131	21130.6596
0	132	21413.5554
0	133	21697.6383
0	134	21982.8851
0	135	22269.2724
0	136	22556.7766
0	137	22845.3737
0	138	23135.0394
0	139	23425.7491
0	140	23717.478
0	141	24010.2008
0	142	24303.8919
0	143	24598.5255
0	144	24894.0753
0	145	25190.5147
0	146	25487.8167
0	147	25785.9538
0	148	26084.8984
0	149	26384.6221
0	150	26685.0964
0	151	26986.2921
0	152	27288.1797
0	153	27590.7291
0	154	27893.9098
0	155	28197.6907
0	156	28502.0402
0	157	28806.926
0	158	29112.3152
0	159	29418.1745
0	160	29724.4698
0	161	30031.1661
0	162	30338.228
0	163	30645.619
0	164	30953.3021
0	165	31261.2391
0	166	31569.3911
0	167	31877.7181
0	168	32186.1791
0	169	32494.7319
0	170	32803.3333
0	171	33111.9386
0	172	33420.5018
0	173	33728.9753
0	174	34037.31
0	175	34345.455
0	176	34653.3576
0	177	34960.9627
0	178	35268.2133
0	179	35575.0495
0	180	35881.4088
0	181	36187.2257
0	182	36492.431
0	183	36796.9516
0	184	37100.7102
0	185	37403.6243
0	186	37705.6056
0	187	38006.5591
0	188	38306.3821
0	189	38604.9624
0	190	38902.1768
0	191	39197.8882
0	192	39491.9427
0	193	39784.1646
0	194	40074.3494
0	195	40362.2534
0	196	40647.5752
0	197	40929.9203
0	198	41208.7212
0	199	41483.0649
0	200	41751.5695
0	201	42013.3386
1	0	1734.2981
1	1	1736.8675
1	2	1742.0061
1	3	1749.7137
1	4	1759.9897
1	5	1772.8335
1	6	1788.2444
1	7	1806.2213
1	8	1826.7633
1	9	1849.8689
1	10	1875.5369
1	11	1903.7656
1	12	1934.5533
1	13	1967.8981
1	14	2003.798
1	15	2042.2507
1	16	2083.2539
1	17	2126.8051
1	18	2172.9016
1	19	2221.5406
1	20	2272.719
1	21	2326.4338
1	22	2382.6816
1	23	2441.4589
1	24	2502.7621
1	25	2566.5875
1	26	2632.9311
1	27	2701.7888
1	28	2773.1564
1	29	2847.0294
1	30	2923.4034
1	31	3002.2734
1	32	3083.6348
1	33	3167.4824
1	34	3253.811
1	35	3342.6153
1	36	3433.8898
1	37	3527.6287
1	38	3623.8264
1	39	3722.4767
1	40	3823.5736
1	41	3927.1106
1	42	4033.0815
1	43	4141.4795
1	44	4252.2979
1	45	4365.5297
1	46	4481.1679
1	47	4599.2052
1	48	4719.6342
1	49	4842.4473
1	50	4967.6368
1	51	5095.1948
1	52	5225.1133
1	53	5357.3841
1	54	5491.9987
1	55	5628.9488
1	56	5768.2256
1	57	5909.8202
1	58	6053.7237
1	59	6199.9269
1	60	6348.4206
1	61	6499.1951
1	62	6652.241
1	63	6807.5483
1	64	6965.1072
1	65	7124.9075
1	66	7286.9389
1	67	7451.191
1	68	7617.6533
1	69	7786.3148
1	70	7957.1648
1	71	8130.1921
1	72	8305.3855
1	73	8482.7335
1	74	8662.2246
1	75	8843.8471
1	76	9027.589
1	77	9213.4383
1	78	9401.3827
1	79	9591.4099
1	80	9783.5073
1	81	9977.6621
1	82	10173.8615
1	83	10372.0923
1	84	10572.3414
1	85	10774.5954
1	86	10978.8407
1	87	11185.0635
1	88	11393.2499
1	89	11603.3859
1	90	11815.4572
1	91	12029.4493
1	92	12245.3478
1	93	12463.1377
1	94	12682.8041
1	95	12904.332
1	96	13127.7059
1	97	13352.9105
1	98	13579.93
1	99	13808.7485
1	100	14039.3502
1	101	14271.7187
1	102	14505.8376
1	103	14741.6904
1	104	14979.2603
1	105	15218.5303
1	106	15459.4832
1	107	15702.1017
1	108	15946.3683
1	109	16192.2651
1	110	16439.7743
1	111	16688.8777
1	112	16939.557
1	113	17191.7935
1	114	17445.5686
1	115	17700.8631
1	116	17957.658
1	117	18215.9339
1	118	18475.671
1	119	18736.8495
1	120	18999.4493
1	121	19263.4502
1	122	19528.8315
1	123	19795.5724
1	124	20063.652
1	125	20333.0489
1	126	20603.7415
1	127	20875.7082
1	128	21148.9268
1	129	21423.375
1	130	21699.0302
1	131	21975.8694
1	132	22253.8696
1	133	22533.0073
1	134	22813.2587
1	135	23094.5997
1	136	23377.0059
1	137	23660.4525
1	138	23944.9147
1	139	24230.3668
1	140	24516.7832
1	141	24804.1378
1	142	25092.4039
1	143	25381.5548
1	144	25671.5632
1	145	25962.4012
1	146	26254.0407
1	147	26546.4531
1	148	26839.6094
1	149	27133.4799
1	150	27428.0345
1	151	27723.2427
1	152	28019.0733
1	153	28315.4945
1	154	28612.4739
1	155	28909.9786
1	156	29207.9749
1	157	29506.4283
1	158	29805.3038
1	159	30104.5655
1	160	30404.1766
1	161	30704.0995
1	162	31004.2957
1	163	31304.7255
1	164	31605.3484
1	165	31906.1226
1	166	32207.0052
1	167	32507.9518
1	168	32808.9169
1	169	33109.8531
1	170	33410.7117
1	171	33711.442
1	172	34011.9914
1	173	34312.3053
1	174	34612.3265
1	175	34911.9954
1	176	35211.2495
1	177	35510.0231
1	178	35808.247
1	179	36105.8477
1	180	36402.7474
1	181	36698.863
1	182	36994.1053
1	183	37288.3782
1	184	37581.5772
1	185	37873.5882
1	186	38164.2851
1	187	38453.5273
1	188	38741.156
1	189	39026.9891
1	190	39310.8135
1	191	39592.3734
1	192	39871.3511
1	193	40147.3292
1	194	40419.7083
1	195	40687.5101
1	196	40949.1083
1	197	41203.025
2	0	2863.7593
2	1	2866.2941
2	2	2871.3636
2	3	2878.9675
2	4	2889.1052
2	5	2901.7762
2	6	2916.9797
2	7	2934.7147
2	8	2954.9801
2	9	2977.7746
2	10	3003.0969
2	11	3030.9453
2	12	3061.3182
2	13	3094.2136
2	14	3129.6294
2	15	3167.5636
2	16	3208.0136
2	17	3250.977
2	18	3296.4511
2	19	3344.4331
2	20	3394.92
2	21	3447.9085
2	22	3503.3954
2	23	3561.3773
2	24	3621.8505
2	25	3684.8111
2	26	3750.2554
2	27	3818.1791
2	28	3888.578
2	29	3961.4476
2	30	4036.7835
2	31	4114.5809
2	32	4194.8348
2	33	4277.5403
2	34	4362.6921
2	35	4450.2849
2	36	4540.313
2	37	4632.771
2	38	4727.6528
2	39	4824.9525
2	40	4924.664
2	41	5026.7809
2	42	5131.2968
2	43	5238.2049
2	44	5347.4986
2	45	5459.1709
2	46	5573.2146
2	47	5689.6225
2	48	5808.3871
2	49	5929.5009
2	50	6052.9562
2	51	6178.7449
2	52	6306.8591
2	53	6437.2905
2	54	6570.0307
2	55	6705.0712
2	56	6842.4033
2	57	6982.018
2	58	7123.9065
2	59	7268.0594
2	60	7414.4674
2	61	7563.121
2	62	7714.0106
2	63	7867.1262
2	64	8022.458
2	65	8179.9957
2	66	8339.729
2	67	8501.6474
2	68	8665.7403
2	69	8831.9968
2	70	9000.406
2	71	9170.9567
2	72	9343.6377
2	73	9518.4374
2	74	9695.3442
2	75	9874.3463
2	76	10055.4318
2	77	10238.5884
2	78	10423.8038
2	79	10611.0657
2	80	10800.3614
2	81	10991.6779
2	82	11185.0024
2	83	11380.3217
2	84	11577.6225
2	85	11776.8912
2	86	11978.1141
2	87	12181.2776
2	88	12386.3674
2	89	12593.3694
2	90	12802.2692
2	91	13013.0523
2	92	13225.7039
2	93	13440.2092
2	94	13656.5529
2	95	13874.7199
2	96	14094.6947
2	97	14316.4615
2	98	14540.0047
2	99	14765.3081
2	100	14992.3555
2	101	15221.1306
2	102	15451.6167
2	103	15683.7971
2	104	15917.6546
2	105	16153.1723
2	106	16390.3326
2	107	16629.118
2	108	16869.5106
2	109	17111.4925
2	110	17355.0455
2	111	17600.151
2	112	17846.7905
2	113	18094.9451
2	114	18344.5956
2	115	18595.7229
2	116	18848.3073
2	117	19102.329
2	118	19357.7681
2	119	19614.6043
2	120	19872.8171
2	121	20132.3857
2	122	20393.2892
2	123	20655.5062
2	124	20919.0154
2	125	21183.7947
2	126	21449.8223
2	127	21717.0757
2	128	21985.5324
2	129	22255.1693
2	130	22525.9633
2	131	22797.8907
2	132	23070.9278
2	133	23345.0503
2	134	23620.2338
2	135	23896.4533
2	136	24173.6836
2	137	24451.8991
2	138	24731.0738
2	139	25011.1815
2	140	25292.1952
2	141	25574.0878
2	142	25856.8317
2	143	26140.3988
2	144	26424.7606
2	145	26709.8879
2	146	26995.7514
2	147	27282.3208
2	148	27569.5656
2	149	27857.4545
2	150	28145.9557
2	151	28435.0369
2	152	28724.6648
2	153	29014.8056
2	154	29305.4249
2	155	29596.4871
2	156	29887.9563
2	157	30179.7952
2	158	30471.966
2	159	30764.4297
2	160	31057.1462
2	161	31350.0744
2	162	31643.172
2	163	31936.3952
2	164	32229.6991
2	165	32523.037
2	166	32816.3608
2	167	33109.6205
2	168	33402.7642
2	169	33695.7379
2	170	33988.4853
2	171	34280.9474
2	172	34573.0625
2	173	34864.7657
2	174	35155.9885
2	175	35446.6586
2	176	35736.6989
2	177	36026.0273
2	178	36314.5558
2	179	36602.1894
2	180	36888.825
2	181	37174.35
2	182	37458.6401
2	183	37741.557
2	184	38022.9445
2	185	38302.6245
2	186	38580.389
2	187	38855.9904
2	188	39129.1243
2	189	39399.3996
2	190	39666.2759
2	191	39928.9134
2	192	40185.8515
2	193	40435.0348
3	0	3971.9208
3	1	3974.421
3	2	3979.4212
3	3	3986.9212
3	4	3996.9205
3	5	4009.4184
3	6	4024.4142
3	7	4041.9068
3	8	4061.8952
3	9	4084.3782
3	10	4109.3542
3	11	4136.8218
3	12	4166.7791
3	13	4199.2244
3	14	4234.1554
3	15	4271.5701
3	16	4311.466
3	17	4353.8407
3	18	4398.6914
3	19	4446.0153
3	20	4495.8093
3	21	4548.0704
3	22	4602.7952
3	23	4659.9802
3	24	4719.6218
3	25	4781.7162
3	26	4846.2594
3	27	4913.2473
3	28	4982.6757
3	29	5054.5402
3	30	5128.836
3	31	5205.5586
3	32	5284.7029
3	33	5366.264
3	34	5450.2366
3	35	5536.6152
3	36	5625.3945
3	37	5716.5687
3	38	5810.1318
3	39	5906.078
3	40	6004.401
3	41	6105.0944
3	42	6208.1519
3	43	6313.5667
3	44	6421.332
3	45	6531.4408
3	46	6643.8861
3	47	6758.6605
3	48	6875.7565
3	49	6995.1665
3	50	7116.8828
3	51	7240.8974
3	52	7367.2023
3	53	7495.7891
3	54	7626.6494
3	55	7759.7747
3	56	7895.1562
3	57	8032.7849
3	58	8172.6519
3	59	8314.7479
3	60	8459.0635
3	61	8605.5891
3	62	8754.3151
3	63	8905.2314
3	64	9058.3282
3	65	9213.5951
3	66	9371.0217
3	67	9530.5976
3	68	9692.3121
3	69	9856.1541
3	70	10022.1128
3	71	10190.1769
3	72	10360.3349
3	73	10532.5754
3	74	10706.8867
3	75	10883.2568
3	76	11061.6737
3	77	11242.1252
3	78	11424.5988
3	79	11609.0821
3	80	11795.5622
3	81	11984.0263
3	82	12174.4612
3	83	12366.8538
3	84	12561.1904
3	85	12757.4576
3	86	12955.6416
3	87	13155.7283
3	88	13357.7036
3	89	13561.5531
3	90	13767.2624
3	91	13974.8168
3	92	14184.2013
3	93	14395.4008
3	94	14608.4002
3	95	14823.184
3	96	15039.7364
3	97	15258.0418
3	98	15478.084
3	99	15699.8468
3	100	15923.3139
3	101	16148.4685
3	102	16375.2938
3	103	16603.7729
3	104	16833.8885
3	105	17065.6231
3	106	17298.9591
3	107	17533.8786
3	108	17770.3635
3	109	18008.3955
3	110	18247.9562
3	111	18489.0266
3	112	18731.5879
3	113	18975.6208
3	114	19221.1059
3	115	19468.0235
3	116	19716.3535
3	117	19966.076
3	118	20217.1703
3	119	20469.6158
3	120	20723.3915
3	121	20978.4762
3	122	21234.8484
3	123	21492.4863
3	124	21751.3678
3	125	22011.4705
3	126	22272.7717
3	127	22535.2485
3	128	22798.8775
3	129	23063.6352
3	130	23329.4976
3	131	23596.4403
3	132	23864.4387
3	133	24133.4677
3	134	24403.502
3	135	24674.5158
3	136	24946.4828
3	137	25219.3765
3	138	25493.1697
3	139	25767.8351
3	140	26043.3445
3	141	26319.6697
3	142	26596.7815
3	143	26874.6507
3	144	27153.247
3	145	27432.54
3	146	27712.4984
3	147	27993.0904
3	148	28274.2836
3	149	28556.0446
3	150	28838.3397
3	151	29121.1342
3	152	29404.3925
3	153	29688.0782
3	154	29972.1542
3	155	30256.5821
3	156	30541.3227
3	157	30826.3356
3	158	31111.5791
3	159	31397.0105
3	160	31682.5855
3	161	31968.2584
3	162	32253.982
3	163	32539.7071
3	164	32825.3829
3	165	33110.9565
3	166	33396.3725
3	167	33681.5733
3	168	33966.4983
3	169	34251.0841
3	170	34535.2636
3	171	34818.966
3	172	35102.1163
3	173	35384.6342
3	174	35666.4341
3	175	35947.4234
3	176	36227.5022
3	177	36506.5615
3	178	36784.4811
3	179	37061.1281
3	180	37336.3532
3	181	37609.9865
3	182	37881.8321
3	183	38151.6586
3	184	38419.1866
3	185	38684.0652
3	186	38945.8302
3	187	39203.8095
3	188	39456.8887
3	189	39703.1365
3	190	39940.6889
4	0	5058.7561
4	1	5061.2216
4	2	5066.1525
4	3	5073.5484
4	4	5083.4089
4	5	5095.7333
4	6	5110.5209
4	7	5127.7707
4	8	5147.4815
4	9	5169.6522
4	10	5194.2812
4	11	5221.3671
4	12	5250.908
4	13	5282.902
4	14	5317.3472
4	15	5354.2413
4	16	5393.5818
4	17	5435.3664
4	18	5479.5922
4	19	5526.2564
4	20	5575.3561
4	21	5626.888
4	22	5680.8488
4	23	5737.235
4	24	5796.043
4	25	5857.269
4	26	5920.9089
4	27	5986.9588
4	28	6055.4143
4	29	6126.2709
4	30	6199.524
4	31	6275.169
4	32	6353.2008
4	33	6433.6145
4	34	6516.4046
4	35	6601.566
4	36	6689.0929
4	37	6778.9797
4	38	6871.2205
4	39	6965.8092
4	40	7062.7397
4	41	7162.0056
4	42	7263.6003
4	43	7367.5173
4	44	7473.7496
4	45	7582.2902
4	46	7693.132
4	47	7806.2677
4	48	7921.6897
4	49	8039.3905
4	50	8159.3621
4	51	8281.5967
4	52	8406.086
4	53	8532.8219
4	54	8661.7957
4	55	8792.999
4	56	8926.4229
4	57	9062.0584
4	58	9199.8965
4	59	9339.9278
4	60	9482.1429
4	61	9626.5323
4	62	9773.086
4	63	9921.7942
4	64	10072.6467
4	65	10225.6334
4	66	10380.7436
4	67	10537.9669
4	68	10697.2924
4	69	10858.7092
4	70	11022.2062
4	71	11187.772
4	72	11355.3953
4	73	11525.0643
4	74	11696.7673
4	75	11870.4923
4	76	12046.2271
4	77	12223.9594
4	78	12403.6768
4	79	12585.3664
4	80	12769.0156
4	81	12954.6112
4	82	13142.1401
4	83	13331.5888
4	84	13522.9438
4	85	13716.1913
4	86	13911.3174
4	87	14108.308
4	88	14307.1487
4	89	14507.8251
4	90	14710.3225
4	91	14914.626
4	92	15120.7206
4	93	15328.591
4	94	15538.2217
4	95	15749.5971
4	96	15962.7014
4	97	16177.5185
4	98	16394.0321
4	99	16612.2259
4	100	16832.0831
4	101	17053.5869
4	102	17276.7201
4	103	17501.4656
4	104	17727.8058
4	105	17955.7229
4	106	18185.199
4	107	18416.2159
4	108	18648.7552
4	109	18882.7983
4	110	19118.3262
4	111	19355.3199
4	112	19593.7599
4	113	19833.6267
4	114	20074.9004
4	115	20317.5609
4	116	20561.5876
4	117	20806.9601
4	118	21053.6574
4	119	21301.6582
4	120	21550.941
4	121	21801.484
4	122	22053.2652
4	123	22306.2621
4	124	22560.452
4	125	22815.8119
4	126	23072.3183
4	127	23329.9476
4	128	23588.6756
4	129	23848.478
4	130	24109.33
4	131	24371.2063
4	132	24634.0813
4	133	24897.929
4	134	25162.723
4	135	25428.4364
4	136	25695.0419
4	137	25962.5117
4	138	26230.8174
4	139	26499.9301
4	140	26769.8206
4	141	27040.4589
4	142	27311.8145
4	143	27583.8562
4	144	27856.5522
4	145	28129.87
4	146	28403.7765
4	147	28678.2376
4	148	28953.2188
4	149	29228.6842
4	150	29504.5976
4	151	29780.9214
4	152	30057.6171
4	153	30334.6453
4	154	30611.9653
4	155	30889.5351
4	156	31167.3116
4	157	31445.2499
4	158	31723.3039
4	159	32001.4258
4	160	32279.5657
4	161	32557.672
4	162	32835.6908
4	163	33113.5658
4	164	33391.2381
4	165	33668.646
4	166	33945.7242
4	167	34222.4041
4	168	34498.6129
4	169	34774.2729
4	170	35049.3014
4	171	35323.6093
4	172	35597.1007
4	173	35869.6708
4	174	36141.2055
4	175	36411.5782
4	176	36680.6481
4	177	36948.2561
4	178	37214.2201
4	179	37478.328
4	180	37740.3271
4	181	37999.9079
4	182	38256.6749
4	183	38510.0903
4	184	38759.3397
4	185	39003.0071
4	186	39238.8132
4	187	39465.164
5	0	6124.232
5	1	6126.6627
5	2	6131.524
5	3	6138.8156
5	4	6148.537
5	5	6160.6875
5	6	6175.2663
5	7	6192.2726
5	8	6211.7051
5	9	6233.5627
5	10	6257.8438
5	11	6284.5469
5	12	6313.6703
5	13	6345.212
5	14	6379.17
5	15	6415.542
5	16	6454.3257
5	17	6495.5186
5	18	6539.1178
5	19	6585.1206
5	20	6633.5239
5	21	6684.3246
5	22	6737.5192
5	23	6793.1044
5	24	6851.0764
5	25	6911.4315
5	26	6974.1656
5	27	7039.2746
5	28	7106.7542
5	29	7176.6
5	30	7248.8073
5	31	7323.3714
5	32	7400.2872
5	33	7479.5498
5	34	7561.1539
5	35	7645.0939
5	36	7731.3644
5	37	7819.9596
5	38	7910.8736
5	39	8004.1004
5	40	8099.6336
5	41	8197.467
5	42	8297.5939
5	43	8400.0077
5	44	8504.7015
5	45	8611.6682
5	46	8720.9006
5	47	8832.3915
5	48	8946.1332
5	49	9062.118
5	50	9180.3382
5	51	9300.7856
5	52	9423.4522
5	53	9548.3295
5	54	9675.4091
5	55	9804.6823
5	56	9936.1402
5	57	10069.7738
5	58	10205.5741
5	59	10343.5315
5	60	10483.6366
5	61	10625.8798
5	62	10770.2512
5	63	10916.7408
5	64	11065.3383
5	65	11216.0336
5	66	11368.8159
5	67	11523.6747
5	68	11680.5991
5	69	11839.578
5	70	12000.6002
5	71	12163.6544
5	72	12328.729
5	73	12495.8123
5	74	12664.8923
5	75	12835.9571
5	76	13008.9942
5	77	13183.9913
5	78	13360.9357
5	79	13539.8148
5	80	13720.6153
5	81	13903.3244
5	82	14087.9284
5	83	14274.414
5	84	14462.7675
5	85	14652.9748
5	86	14845.0219
5	87	15038.8946
5	88	15234.5783
5	89	15432.0584
5	90	15631.32
5	91	15832.3481
5	92	16035.1273
5	93	16239.6423
5	94	16445.8773
5	95	16653.8165
5	96	16863.4438
5	97	17074.7429
5	98	17287.6974
5	99	17502.2904
5	100	17718.5052
5	101	17936.3244
5	102	18155.7308
5	103	18376.7068
5	104	18599.2345
5	105	18823.2958
5	106	19048.8725
5	107	19275.946
5	108	19504.4976
5	109	19734.5081
5	110	19965.9584
5	111	20198.8289
5	112	20433.0998
5	113	20668.7509
5	114	20905.7621
5	115	21144.1125
5	116	21383.7814
5	117	21624.7475
5	118	21866.9893
5	119	22110.485
5	120	22355.2125
5	121	22601.1493
5	122	22848.2727
5	123	23096.5596
5	124	23345.9864
5	125	23596.5294
5	126	23848.1644
5	127	24100.8668
5	128	24354.6116
5	129	24609.3734
5	130	24865.1266
5	131	25121.8447
5	132	25379.5011
5	133	25638.0687
5	134	25897.5199
5	135	26157.8263
5	136	26418.9595
5	137	26680.8901
5	138	26943.5882
5	139	27207.0236
5	140	27471.165
5	141	27735.9809
5	142	28001.4387
5	143	28267.5053
5	144	28534.1468
5	145	28801.3283
5	146	29069.0143
5	147	29337.1682
5	148	29605.7525
5	149	29874.7285
5	150	30144.0566
5	151	30413.6958
5	152	30683.604
5	153	30953.7377
5	154	31224.0517
5	155	31494.4995
5	156	31765.0326
5	157	32035.6008
5	158	32306.1517
5	159	32576.6306
5	160	32846.9804
5	161	33117.1413
5	162	33387.0502
5	163	33656.6406
5	164	33925.8425
5	165	34194.581
5	166	34462.7767
5	167	34730.3444
5	168	34997.1921
5	169	35263.2207
5	170	35528.3215
5	171	35792.3756
5	172	36055.2508
5	173	36316.7991
5	174	36576.8528
5	175	36835.2186
5	176	37091.6695
5	177	37345.9331
5	178	37597.6713
5	179	37846.4451
5	180	38091.6411
5	181	38332.2892
5	182	38566.6581
5	183	38792.3613
6	0	7168.3026
6	1	7170.6984
6	2	7175.4899
6	3	7182.6768
6	4	7192.2586
6	5	7204.2346
6	6	7218.6041
6	7	7235.3661
6	8	7254.5195
6	9	7276.0629
6	10	7299.9951
6	11	7326.3143
6	12	7355.0188
6	13	7386.1067
6	14	7419.5759
6	15	7455.4243
6	16	7493.6493
6	17	7534.2485
6	18	7577.2191
6	19	7622.5583
6	20	7670.263
6	21	7720.33
6	22	7772.756
6	23	7827.5375
6	24	7884.6707
6	25	7944.1519
6	26	8005.977
6	27	8070.142
6	28	8136.6424
6	29	8205.4738
6	30	8276.6315
6	31	8350.1109
6	32	8425.9068
6	33	8504.0141
6	34	8584.4277
6	35	8667.142
6	36	8752.1514
6	37	8839.4502
6	38	8929.0324
6	39	9020.8919
6	40	9115.0225
6	41	9211.4177
6	42	9310.071
6	43	9410.9756
6	44	9514.1246
6	45	9619.5109
6	46	9727.1273
6	47	9836.9663
6	48	9949.0205
6	49	10063.282
6	50	10179.743
6	51	10298.3954
6	52	10419.2309
6	53	10542.2413
6	54	10667.4178
6	55	10794.7518
6	56	10924.2344
6	57	11055.8565
6	58	11189.6088
6	59	11325.482
6	60	11463.4665
6	61	11603.5525
6	62	11745.7301
6	63	11889.9892
6	64	12036.3197
6	65	12184.7109
6	66	12335.1524
6	67	12487.6333
6	68	12642.1427
6	69	12798.6695
6	70	12957.2023
6	71	13117.7297
6	72	13280.2401
6	73	13444.7214
6	74	13611.1619
6	75	13779.5491
6	76	13949.8709
6	77	14122.1145
6	78	14296.2672
6	79	14472.3162
6	80	14650.2482
6	81	14830.0501
6	82	15011.7081
6	83	15195.2088
6	84	15380.5382
6	85	15567.6821
6	86	15756.6264
6	87	15947.3566
6	88	16139.8579
6	89	16334.1156
6	90	16530.1145
6	91	16727.8394
6	92	16927.2748
6	93	17128.4049
6	94	17331.2139
6	95	17535.6856
6	96	17741.8038
6	97	17949.5518
6	98	18158.9128
6	99	18369.8699
6	100	18582.4058
6	101	18796.5031
6	102	19012.1439
6	103	19229.3105
6	104	19447.9845
6	105	19668.1476
6	106	19889.781
6	107	20112.8659
6	108	20337.383
6	109	20563.3128
6	110	20790.6356
6	111	21019.3314
6	112	21249.3799
6	113	21480.7604
6	114	21713.4521
6	115	21947.4338
6	116	22182.684
6	117	22419.1809
6	118	22656.9023
6	119	22895.8257
6	120	23135.9283
6	121	23377.1869
6	122	23619.578
6	123	23863.0776
6	124	24107.6614
6	125	24353.3047
6	126	24599.9823
6	127	24847.6688
6	128	25096.338
6	129	25345.9634
6	130	25596.5183
6	131	25847.975
6	132	26100.3056
6	133	26353.4816
6	134	26607.4738
6	135	26862.2527
6	136	27117.788
6	137	27374.0486
6	138	27631.0029
6	139	27888.6187
6	140	28146.8627
6	141	28405.7012
6	142	28665.0993
6	143	28925.0214
6	144	29185.431
6	145	29446.2904
6	146	29707.561
6	147	29969.203
6	148	30231.1752
6	149	30493.4355
6	150	30755.9398
6	151	31018.643
6	152	31281.4981
6	153	31544.4561
6	154	31807.4665
6	155	32070.4762
6	156	32333.4301
6	157	32596.2701
6	158	32858.9356
6	159	33121.3626
6	160	33383.4835
6	161	33645.2268
6	162	33906.5163
6	163	34167.2706
6	164	34427.4024
6	165	34686.8174
6	166	34945.4134
6	167	35203.0783
6	168	35459.689
6	169	35715.1081
6	170	35969.1814
6	171	36221.7329
6	172	36472.5591
6	173	36721.4194
6	174	36968.0225
6	175	37212.0027
6	176	37452.8776
6	177	37689.9539
6	178	37922.0892
6	179	38147.2458
6	180	38363.2414
7	0	8190.9198
7	1	8193.2807
7	2	8198.0021
7	3	8205.084
7	4	8214.5257
7	5	8226.3266
7	6	8240.4859
7	7	8257.0027
7	8	8275.8759
7	9	8297.1041
7	10	8320.6859
7	11	8346.6197
7	12	8374.9038
7	13	8405.5362
7	14	8438.5148
7	15	8473.8374
7	16	8511.5017
7	17	8551.5049
7	18	8593.8445
7	19	8638.5174
7	20	8685.5208
7	21	8734.8513
7	22	8786.5055
7	23	8840.4801
7	24	8896.7711
7	25	8955.3749
7	26	9016.2874
7	27	9079.5044
7	28	9145.0215
7	29	9212.8343
7	30	9282.9382
7	31	9355.3282
7	32	9429.9993
7	33	9506.9466
7	34	9586.1645
7	35	9667.6477
7	36	9751.3905
7	37	9837.3871
7	38	9925.6315
7	39	10016.1176
7	40	10108.8392
7	41	10203.7896
7	42	10300.9624
7	43	10400.3507
7	44	10501.9476
7	45	10605.746
7	46	10711.7385
7	47	10819.9177
7	48	10930.276
7	49	11042.8056
7	50	11157.4985
7	51	11274.3467
7	52	11393.3418
7	53	11514.4754
7	54	11637.7388
7	55	11763.1233
7	56	11890.6198
7	57	12020.2193
7	58	12151.9124
7	59	12285.6896
7	60	12421.5414
7	61	12559.4578
7	62	12699.4288
7	63	12841.4443
7	64	12985.494
7	65	13131.5672
7	66	13279.6533
7	67	13429.7415
7	68	13581.8206
7	69	13735.8794
7	70	13891.9065
7	71	14049.8902
7	72	14209.8189
7	73	14371.6805
7	74	14535.4628
7	75	14701.1537
7	76	14868.7404
7	77	15038.2103
7	78	15209.5505
7	79	15382.748
7	80	15557.7893
7	81	15734.6611
7	82	15913.3497
7	83	16093.8411
7	84	16276.1214
7	85	16460.1762
7	86	16645.991
7	87	16833.5513
7	88	17022.842
7	89	17213.8482
7	90	17406.5544
7	91	17600.9452
7	92	17797.0048
7	93	17994.7172
7	94	18194.0664
7	95	18395.0358
7	96	18597.6088
7	97	18801.7686
7	98	19007.4981
7	99	19214.7798
7	100	19423.5963
7	101	19633.9297
7	102	19845.7619
7	103	20059.0745
7	104	20273.849
7	105	20490.0665
7	106	20707.7079
7	107	20926.7537
7	108	21147.1843
7	109	21368.9796
7	110	21592.1195
7	111	21816.5833
7	112	22042.3502
7	113	22269.3989
7	114	22497.708
7	115	22727.2556
7	116	22958.0195
7	117	23189.9772
7	118	23423.1058
7	119	23657.3819
7	120	23892.782
7	121	24129.282
7	122	24366.8575
7	123	24605.4835
7	124	24845.1347
7	125	25085.7855
7	126	25327.4094
7	127	25569.9799
7	128	25813.4696
7	129	26057.8508
7	130	26303.0952
7	131	26549.1738
7	132	26796.0572
7	133	27043.7152
7	134	27292.1171
7	135	27541.2313
7	136	27791.0255
7	137	28041.4669
7	138	28292.5215
7	139	28544.1548
7	140	28796.331
7	141	29049.0136
7	142	29302.1651
7	143	29555.7466
7	144	29809.7184
7	145	30064.0393
7	146	30318.6668
7	147	30573.5568
7	148	30828.664
7	149	31083.9409
7	150	31339.3385
7	151	31594.8057
7	152	31850.2891
7	153	32105.7328
7	154	32361.0784
7	155	32616.2644
7	156	32871.226
7	157	33125.8945
7	158	33380.1974
7	159	33634.0569
7	160	33887.3904
7	161	34140.1084
7	162	34392.1146
7	163	34643.304
7	164	34893.5615
7	165	35142.7601
7	166	35390.7577
7	167	35637.3942
7	168	35882.4862
7	169	36125.8205
7	170	36367.1435
7	171	36606.1456
7	172	36842.4339
7	173	37075.4812
7	174	37304.5069
7	175	37528.1766
7	176	37744.1885
7	177	37950.7571
8	0	9192.0262
8	1	9194.3518
8	2	9199.003
8	3	9205.9793
8	4	9215.2803
8	5	9226.9054
8	6	9240.8537
8	7	9257.1243
8	8	9275.716
8	9	9296.6276
8	10	9319.8577
8	11	9345.4045
8	12	9373.2663
8	13	9403.4413
8	14	9435.9272
8	15	9470.7219
8	16	9507.8229
8	17	9547.2276
8	18	9588.9334
8	19	9632.9372
8	20	9679.2361
8	21	9727.8268
8	22	9778.7059
8	23	9831.8699
8	24	9887.315
8	25	9945.0375
8	26	10005.0331
8	27	10067.2978
8	28	10131.8271
8	29	10198.6166
8	30	10267.6615
8	31	10338.957
8	32	10412.4981
8	33	10488.2796
8	34	10566.2961
8	35	10646.5422
8	36	10729.0121
8	37	10813.7
8	38	10900.5999
8	39	10989.7056
8	40	11081.0109
8	41	11174.5091
8	42	11270.1936
8	43	11368.0576
8	44	11468.0941
8	45	11570.2959
8	46	11674.6556
8	47	11781.1658
8	48	11889.8187
8	49	12000.6066
8	50	12113.5214
8	51	12228.5549
8	52	12345.6988
8	53	12464.9445
8	54	12586.2833
8	55	12709.7065
8	56	12835.2048
8	57	12962.7691
8	58	13092.39
8	59	13224.058
8	60	13357.7632
8	61	13493.4958
8	62	13631.2457
8	63	13771.0026
8	64	13912.756
8	65	14056.4953
8	66	14202.2097
8	67	14349.8882
8	68	14499.5197
8	69	14651.0926
8	70	14804.5956
8	71	14960.0168
8	72	15117.3443
8	73	15276.5661
8	74	15437.6698
8	75	15600.6429
8	76	15765.4728
8	77	15932.1465
8	78	16100.651
8	79	16270.9731
8	80	16443.0992
8	81	16617.0157
8	82	16792.7086
8	83	16970.164
8	84	17149.3675
8	85	17330.3047
8	86	17512.9608
8	87	17697.3209
8	88	17883.3698
8	89	18071.0923
8	90	18260.4727
8	91	18451.4953
8	92	18644.1439
8	93	18838.4024
8	94	19034.2543
8	95	19231.6827
8	96	19430.6708
8	97	19631.2014
8	98	19833.2569
8	99	20036.8196
8	100	20241.8716
8	101	20448.3946
8	102	20656.3702
8	103	20865.7794
8	104	21076.6033
8	105	21288.8225
8	106	21502.4174
8	107	21717.368
8	108	21933.6541
8	109	22151.2551
8	110	22370.1502
8	111	22590.3181
8	112	22811.7374
8	113	23034.3861
8	114	23258.242
8	115	23483.2825
8	116	23709.4846
8	117	23936.8249
8	118	24165.2797
8	119	24394.8248
8	120	24625.4355
8	121	24857.0869
8	122	25089.7533
8	123	25323.4088
8	124	25558.027
8	125	25793.5807
8	126	26030.0425
8	127	26267.3842
8	128	26505.5772
8	129	26744.5921
8	130	26984.399
8	131	27224.9673
8	132	27466.2656
8	133	27708.2618
8	134	27950.9231
8	135	28194.2157
8	136	28438.1051
8	137	28682.5558
8	138	28927.5311
8	139	29172.9937
8	140	29418.9047
8	141	29665.2242
8	142	29911.9111
8	143	30158.9228
8	144	30406.2151
8	145	30653.7425
8	146	30901.4573
8	147	31149.3102
8	148	31397.2498
8	149	31645.2223
8	150	31893.1715
8	151	32141.0383
8	152	32388.7606
8	153	32636.2729
8	154	32883.5056
8	155	33130.3851
8	156	33376.8327
8	157	33622.7639
8	158	33868.0879
8	159	34112.7062
8	160	34356.5115
8	161	34599.3859
8	162	34841.1985
8	163	35081.8031
8	164	35321.0341
8	165	35558.7009
8	166	35794.5811
8	167	36028.4082
8	168	36259.8544
8	169	36488.4993
8	170	36713.7675
8	171	36934.7803
8	172	37149.9878
8	173	37356.917
9	0	10171.5538
9	1	10173.8442
9	2	10178.4247
9	3	10185.295
9	4	10194.4547
9	5	10205.9031
9	6	10219.6393
9	7	10235.6625
9	8	10253.9715
9	9	10274.565
9	10	10297.4416
9	11	10322.5995
9	12	10350.0371
9	13	10379.7523
9	14	10411.7432
9	15	10446.0073
9	16	10482.5424
9	17	10521.3457
9	18	10562.4145
9	19	10605.7459
9	20	10651.3369
9	21	10699.1841
9	22	10749.2842
9	23	10801.6335
9	24	10856.2284
9	25	10913.065
9	26	10972.1391
9	27	11033.4465
9	28	11096.983
9	29	11162.7438
9	30	11230.7242
9	31	11300.9195
9	32	11373.3245
9	33	11447.934
9	34	11524.7426
9	35	11603.7447
9	36	11684.9347
9	37	11768.3067
9	38	11853.8546
9	39	11941.5722
9	40	12031.4531
9	41	12123.4907
9	42	12217.6784
9	43	12314.0091
9	44	12412.476
9	45	12513.0717
9	46	12615.7888
9	47	12720.6198
9	48	12827.5569
9	49	12936.5923
9	50	13047.7177
9	51	13160.925
9	52	13276.2057
9	53	13393.5513
9	54	13512.9528
9	55	13634.4015
9	56	13757.8881
9	57	13883.4033
9	58	14010.9377
9	59	14140.4815
9	60	14272.025
9	61	14405.5581
9	62	14541.0706
9	63	14678.5522
9	64	14817.9921
9	65	14959.3798
9	66	15102.7042
9	67	15247.9542
9	68	15395.1185
9	69	15544.1857
9	70	15695.1439
9	71	15847.9814
9	72	16002.6861
9	73	16159.2456
9	74	16317.6475
9	75	16477.8792
9	76	16639.9278
9	77	16803.7802
9	78	16969.4231
9	79	17136.8431
9	80	17306.0266
9	81	17476.9595
9	82	17649.6279
9	83	17824.0173
9	84	18000.1133
9	85	18177.9012
9	86	18357.3659
9	87	18538.4923
9	88	18721.2649
9	89	18905.6681
9	90	19091.686
9	91	19279.3025
9	92	19468.5013
9	93	19659.2657
9	94	19851.5789
9	95	20045.4238
9	96	20240.783
9	97	20437.6389
9	98	20635.9737
9	99	20835.7691
9	100	21037.0068
9	101	21239.668
9	102	21443.7338
9	103	21649.1849
9	104	21856.0015
9	105	22064.164
9	106	22273.652
9	107	22484.4449
9	108	22696.522
9	109	22909.8621
9	110	23124.4434
9	111	23340.2442
9	112	23557.2422
9	113	23775.4145
9	114	23994.7383
9	115	24215.19
9	116	24436.7457
9	117	24659.381
9	118	24883.0712
9	119	25107.7911
9	120	25333.5149
9	121	25560.2163
9	122	25787.8686
9	123	26016.4444
9	124	26245.916
9	125	26476.2547
9	126	26707.4316
9	127	26939.4169
9	128	27172.18
9	129	27405.6899
9	130	27639.9147
9	131	27874.8215
9	132	28110.377
9	133	28346.5464
9	134	28583.2946
9	135	28820.585
9	136	29058.3801
9	137	29296.6414
9	138	29535.3288
9	139	29774.4012
9	140	30013.8159
9	141	30253.5289
9	142	30493.4942
9	143	30733.6643
9	144	30973.9895
9	145	31214.4182
9	146	31454.8964
9	147	31695.3672
9	148	31935.7713
9	149	32176.046
9	150	32416.1251
9	151	32655.9383
9	152	32895.411
9	153	33134.4633
9	154	33373.0096
9	155	33610.9575
9	156	33848.2066
9	157	34084.6474
9	158	34320.1591
9	159	34554.6077
9	160	34787.8427
9	161	35019.693
9	162	35249.9614
9	163	35478.4159
9	164	35704.7776
9	165	35928.6999
9	166	36149.7329
9	167	36367.248
9	168	36580.2513
9	169	36786.956
9	170	36984.8865
10	0	11129.4304
10	1	11131.6852
10	2	11136.1946
10	3	11142.9584
10	4	11151.976
10	5	11163.2467
10	6	11176.7698
10	7	11192.5443
10	8	11210.569
10	9	11230.8426
10	10	11253.3638
10	11	11278.1307
10	12	11305.1417
10	13	11334.3947
10	14	11365.8877
10	15	11399.6184
10	16	11435.5843
10	17	11473.7828
10	18	11514.2112
10	19	11556.8664
10	20	11601.7454
10	21	11648.8449
10	22	11698.1615
10	23	11749.6915
10	24	11803.4313
10	25	11859.3769
10	26	11917.5241
10	27	11977.8688
10	28	12040.4064
10	29	12105.1324
10	30	12172.0421
10	31	12241.1305
10	32	12312.3925
10	33	12385.8229
10	34	12461.4162
10	35	12539.1668
10	36	12619.069
10	37	12701.1169
10	38	12785.3042
10	39	12871.6249
10	40	12960.0723
10	41	13050.6399
10	42	13143.321
10	43	13238.1085
10	44	13334.9954
10	45	13433.9743
10	46	13535.0378
10	47	13638.1782
10	48	13743.3877
10	49	13850.6584
10	50	13959.982
10	51	14071.3502
10	52	14184.7545
10	53	14300.1862
10	54	14417.6364
10	55	14537.0961
10	56	14658.556
10	57	14782.0067
10	58	14907.4387
10	59	15034.8421
10	60	15164.207
10	61	15295.5232
10	62	15428.7805
10	63	15563.9682
10	64	15701.0758
10	65	15840.0922
10	66	15981.0065
10	67	16123.8074
10	68	16268.4833
10	69	16415.0227
10	70	16563.4136
10	71	16713.644
10	72	16865.7018
10	73	17019.5743
10	74	17175.249
10	75	17332.713
10	76	17491.9532
10	77	17652.9565
10	78	17815.7092
10	79	17980.1977
10	80	18146.408
10	81	18314.3261
10	82	18483.9376
10	83	18655.228
10	84	18828.1824
10	85	19002.7857
10	86	19179.0228
10	87	19356.8782
10	88	19536.336
10	89	19717.3804
10	90	19899.9951
10	91	20084.1637
10	92	20269.8693
10	93	20457.095
10	94	20645.8237
10	95	20836.0376
10	96	21027.7192
10	97	21220.8502
10	98	21415.4123
10	99	21611.3869
10	100	21808.7551
10	101	22007.4975
10	102	22207.5947
10	103	22409.0267
10	104	22611.7734
10	105	22815.8142
10	106	23021.1282
10	107	23227.6942
10	108	23435.4906
10	109	23644.4954
10	110	23854.6863
10	111	24066.0404
10	112	24278.5347
10	113	24492.1456
10	114	24706.8489
10	115	24922.6202
10	116	25139.4346
10	117	25357.2665
10	118	25576.09
10	119	25795.8787
10	120	26016.6053
10	121	26238.2424
10	122	26460.7615
10	123	26684.134
10	124	26908.3302
10	125	27133.3199
10	126	27359.0721
10	127	27585.5551
10	128	27812.7363
10	129	28040.5824
10	130	28269.0589
10	131	28498.1306
10	132	28727.7612
10	133	28957.9132
10	134	29188.5481
10	135	29419.626
10	136	29651.1057
10	137	29882.9447
10	138	30115.0987
10	139	30347.5218
10	140	30580.1662
10	141	30812.9824
10	142	31045.9182
10	143	31278.9195
10	144	31511.9292
10	145	31744.8875
10	146	31977.7311
10	147	32210.3933
10	148	32442.8031
10	149	32674.8851
10	150	32906.5583
10	151	33137.736
10	152	33368.3241
10	153	33598.2207
10	154	33827.314
10	155	34055.4806
10	156	34282.5831
10	157	34508.4671
10	158	34732.9561
10	159	34955.8459
10	160	35176.8952
10	161	35395.8116
10	162	35612.229
10	163	35825.6649
10	164	36035.4291
10	165	36240.3883
10	166	36438.5073
11	0	12065.5743
11	1	12067.7934
11	2	12072.2313
11	3	12078.8879
11	4	12087.7625
11	5	12098.8546
11	6	12112.1632
11	7	12127.6875
11	8	12145.4262
11	9	12165.3781
11	10	12187.5416
11	11	12211.9152
11	12	12238.497
11	13	12267.2851
11	14	12298.2772
11	15	12331.4712
11	16	12366.8645
11	17	12404.4544
11	18	12444.2383
11	19	12486.2132
11	20	12530.3758
11	21	12576.7229
11	22	12625.2511
11	23	12675.9567
11	24	12728.8359
11	25	12783.8848
11	26	12841.0992
11	27	12900.4748
11	28	12962.0072
11	29	13025.6918
11	30	13091.5236
11	31	13159.4978
11	32	13229.6092
11	33	13301.8526
11	34	13376.2224
11	35	13452.7129
11	36	13531.3185
11	37	13612.033
11	38	13694.8503
11	39	13779.7642
11	40	13866.768
11	41	13955.8551
11	42	14047.0187
11	43	14140.2517
11	44	14235.547
11	45	14332.8972
11	46	14432.2947
11	47	14533.7318
11	48	14637.2005
11	49	14742.693
11	50	14850.2007
11	51	14959.7154
11	52	15071.2285
11	53	15184.731
11	54	15300.2141
11	55	15417.6686
11	56	15537.0851
11	57	15658.4541
11	58	15781.766
11	59	15907.0107
11	60	16034.1782
11	61	16163.2583
11	62	16294.2405
11	63	16427.114
11	64	16561.8682
11	65	16698.4918
11	66	16836.9737
11	67	16977.3025
11	68	17119.4664
11	69	17263.4537
11	70	17409.2524
11	71	17556.8501
11	72	17706.2344
11	73	17857.3928
11	74	18010.3122
11	75	18164.9797
11	76	18321.3819
11	77	18479.5053
11	78	18639.3363
11	79	18800.8608
11	80	18964.0647
11	81	19128.9335
11	82	19295.4527
11	83	19463.6074
11	84	19633.3825
11	85	19804.7625
11	86	19977.7321
11	87	20152.2752
11	88	20328.3758
11	89	20506.0176
11	90	20685.1839
11	91	20865.858
11	92	21048.0225
11	93	21231.6602
11	94	21416.7533
11	95	21603.2838
11	96	21791.2334
11	97	21980.5836
11	98	22171.3154
11	99	22363.4096
11	100	22556.8468
11	101	22751.607
11	102	22947.67
11	103	23145.0153
11	104	23343.622
11	105	23543.4689
11	106	23744.5341
11	107	23946.7958
11	108	24150.2315
11	109	24354.8183
11	110	24560.5329
11	111	24767.3515
11	112	24975.2501
11	113	25184.2039
11	114	25394.1877
11	115	25605.1758
11	116	25817.1421
11	117	26030.0597
11	118	26243.9012
11	119	26458.6388
11	120	26674.2436
11	121	26890.6865
11	122	27107.9374
11	123	27325.9655
11	124	27544.7394
11	125	27764.2266
11	126	27984.3939
11	127	28205.2072
11	128	28426.6312
11	129	28648.6298
11	130	28871.1657
11	131	29094.2004
11	132	29317.6941
11	133	29541.6056
11	134	29765.8923
11	135	29990.51
11	136	30215.4129
11	137	30440.5529
11	138	30665.8804
11	139	30891.3432
11	140	31116.8867
11	141	31342.4538
11	142	31567.984
11	143	31793.4139
11	144	32018.6761
11	145	32243.699
11	146	32468.4063
11	147	32692.7162
11	148	32916.5406
11	149	33139.7842
11	150	33362.3433
11	151	33584.1039
11	152	33804.9401
11	153	34024.7113
11	154	34243.2586
11	155	34460.4004
11	156	34675.9251
11	157	34889.5815
11	158	35101.0632
11	159	35309.982
11	160	35515.8184
11	161	35717.8072
11	162	35914.6438
11	163	36104.0667
11	164	36284.3177
12	0	12979.8936
12	1	12982.0767
12	2	12986.4428
12	3	12992.9914
12	4	13001.7221
12	5	13012.6343
12	6	13025.7271
12	7	13040.9995
12	8	13058.4503
12	9	13078.0783
12	10	13099.8819
12	11	13123.8595
12	12	13150.0093
12	13	13178.3293
12	14	13208.8172
12	15	13241.4708
12	16	13276.2877
12	17	13313.265
12	18	13352.4001
12	19	13393.6899
12	20	13437.1313
12	21	13482.7209
12	22	13530.4552
12	23	13580.3307
12	24	13632.3434
12	25	13686.4893
12	26	13742.7643
12	27	13801.1641
12	28	13861.6841
12	29	13924.3196
12	30	13989.0659
12	31	14055.9179
12	32	14124.8703
12	33	14195.9179
12	34	14269.0552
12	35	14344.2763
12	36	14421.5755
12	37	14500.9466
12	38	14582.3835
12	39	14665.8798
12	40	14751.4288
12	41	14839.0239
12	42	14928.6581
12	43	15020.3244
12	44	15114.0153
12	45	15209.7236
12	46	15307.4415
12	47	15407.1612
12	48	15508.8748
12	49	15612.574
12	50	15718.2505
12	51	15825.8959
12	52	15935.5012
12	53	16047.0578
12	54	16160.5563
12	55	16275.9877
12	56	16393.3423
12	57	16512.6106
12	58	16633.7828
12	59	16756.8486
12	60	16881.7981
12	61	17008.6206
12	62	17137.3056
12	63	17267.8423
12	64	17400.2197
12	65	17534.4265
12	66	17670.4513
12	67	17808.2826
12	68	17947.9084
12	69	18089.3167
12	70	18232.4954
12	71	18377.4319
12	72	18524.1136
12	73	18672.5276
12	74	18822.6608
12	75	18974.4999
12	76	19128.0312
12	77	19283.2411
12	78	19440.1155
12	79	19598.6402
12	80	19758.8007
12	81	19920.5824
12	82	20083.9702
12	83	20248.9489
12	84	20415.5031
12	85	20583.6172
12	86	20753.275
12	87	20924.4605
12	88	21097.157
12	89	21271.3479
12	90	21447.0161
12	91	21624.1443
12	92	21802.7147
12	93	21982.7096
12	94	22164.1107
12	95	22346.8995
12	96	22531.0571
12	97	22716.5643
12	98	22903.4017
12	99	23091.5493
12	100	23280.987
12	101	23471.6943
12	102	23663.6501
12	103	23856.8331
12	104	24051.2218
12	105	24246.7938
12	106	24443.5267
12	107	24641.3975
12	108	24840.3827
12	109	25040.4585
12	110	25241.6005
12	111	25443.7838
12	112	25646.983
12	113	25851.1721
12	114	26056.3246
12	115	26262.4135
12	116	26469.411
12	117	26677.2886
12	118	26886.0174
12	119	27095.5676
12	120	27305.9086
12	121	27517.0092
12	122	27728.8371
12	123	27941.3593
12	124	28154.5419
12	125	28368.3498
12	126	28582.747
12	127	28797.6963
12	128	29013.1593
12	129	29229.0964
12	130	29445.4664
12	131	29662.2267
12	132	29879.3332
12	133	30096.7399
12	134	30314.3988
12	135	30532.26
12	136	30750.2713
12	137	30968.378
12	138	31186.5223
12	139	31404.6439
12	140	31622.6786
12	141	31840.5586
12	142	32058.2116
12	143	32275.5605
12	144	32492.5227
12	145	32709.0089
12	146	32924.9224
12	147	33140.1577
12	148	33354.5987
12	149	33568.1169
12	150	33780.5681
12	151	33991.7893
12	152	34201.5929
12	153	34409.7599
12	154	34616.0282
12	155	34820.0756
12	156	35021.489
12	157	35219.7046
12	158	35413.8624
12	159	35602.446
12	160	35783.0544
13	0	13872.289
13	1	13874.4358
13	2	13878.7294
13	3	13885.1693
13	4	13893.7551
13	5	13904.4861
13	6	13917.3614
13	7	13932.3801
13	8	13949.541
13	9	13968.8427
13	10	13990.2838
13	11	14013.8625
13	12	14039.577
13	13	14067.4254
13	14	14097.4054
13	15	14129.5147
13	16	14163.7507
13	17	14200.1109
13	18	14238.5923
13	19	14279.1919
13	20	14321.9066
13	21	14366.7329
13	22	14413.6674
13	23	14462.7063
13	24	14513.8458
13	25	14567.0818
13	26	14622.4101
13	27	14679.8264
13	28	14739.326
13	29	14800.9044
13	30	14864.5565
13	31	14930.2772
13	32	14998.0614
13	33	15067.9037
13	34	15139.7983
13	35	15213.7397
13	36	15289.7217
13	37	15367.7384
13	38	15447.7833
13	39	15529.8501
13	40	15613.9321
13	41	15700.0224
13	42	15788.1141
13	43	15878.1999
13	44	15970.2726
13	45	16064.3244
13	46	16160.3478
13	47	16258.3348
13	48	16358.2773
13	49	16460.167
13	50	16563.9954
13	51	16669.7539
13	52	16777.4337
13	53	16887.0257
13	54	16998.5207
13	55	17111.9093
13	56	17227.1818
13	57	17344.3286
13	58	17463.3395
13	59	17584.2044
13	60	17706.9128
13	61	17831.4543
13	62	17957.8181
13	63	18085.993
13	64	18215.968
13	65	18347.7315
13	66	18481.2721
13	67	18616.5779
13	68	18753.6368
13	69	18892.4365
13	70	19032.9647
13	71	19175.2086
13	72	19319.1553
13	73	19464.7916
13	74	19612.1042
13	75	19761.0795
13	76	19911.7037
13	77	20063.9626
13	78	20217.842
13	79	20373.3273
13	80	20530.4037
13	81	20689.0561
13	82	20849.2692
13	83	21011.0274
13	84	21174.3149
13	85	21339.1156
13	86	21505.413
13	87	21673.1906
13	88	21842.4312
13	89	22013.1178
13	90	22185.2327
13	91	22358.7581
13	92	22533.6759
13	93	22709.9674
13	94	22887.614
13	95	23066.5964
13	96	23246.8952
13	97	23428.4906
13	98	23611.3622
13	99	23795.4895
13	100	23980.8516
13	101	24167.427
13	102	24355.194
13	103	24544.1304
13	104	24734.2134
13	105	24925.4201
13	106	25117.7267
13	107	25311.1093
13	108	25505.5432
13	109	25701.0034
13	110	25897.4641
13	111	26094.8992
13	112	26293.2818
13	113	26492.5844
13	114	26692.7789
13	115	26893.8365
13	116	27095.7277
13	117	27298.4221
13	118	27501.8887
13	119	27706.0955
13	120	27911.0097
13	121	28116.5974
13	122	28322.8239
13	123	28529.6532
13	124	28737.0484
13	125	28944.9712
13	126	29153.3819
13	127	29362.2396
13	128	29571.5017
13	129	29781.1241
13	130	29991.0607
13	131	30201.2637
13	132	30411.683
13	133	30622.2662
13	134	30832.9583
13	135	31043.7015
13	136	31254.435
13	137	31465.0941
13	138	31675.6106
13	139	31885.9116
13	140	32095.9192
13	141	32305.5497
13	142	32514.7126
13	143	32723.3099
13	144	32931.2342
13	145	33138.3672
13	146	33344.5775
13	147	33549.7175
13	148	33753.6193
13	149	33956.0893
13	150	34156.8999
13	151	34355.7769
13	152	34552.3801
13	153	34746.267
13	154	34936.8185
13	155	35123.0502
13	156	35303.1937
13	157	35474.9313
14	0	14742.6527
14	1	14744.763
14	2	14748.9835
14	3	14755.3139
14	4	14763.7536
14	5	14774.3019
14	6	14786.9581
14	7	14801.7211
14	8	14818.5896
14	9	14837.5624
14	10	14858.638
14	11	14881.8146
14	12	14907.0904
14	13	14934.4634
14	14	14963.9313
14	15	14995.4918
14	16	15029.1424
14	17	15064.8803
14	18	15102.7026
14	19	15142.6063
14	20	15184.5882
14	21	15228.6449
14	22	15274.7728
14	23	15322.9682
14	24	15373.2271
14	25	15425.5455
14	26	15479.9191
14	27	15536.3435
14	28	15594.814
14	29	15655.3259
14	30	15717.8743
14	31	15782.454
14	32	15849.0597
14	33	15917.6858
14	34	15988.3269
14	35	16060.9769
14	36	16135.63
14	37	16212.2798
14	38	16290.9201
14	39	16371.5442
14	40	16454.1455
14	41	16538.7169
14	42	16625.2515
14	43	16713.742
14	44	16804.1807
14	45	16896.5602
14	46	16990.8726
14	47	17087.1098
14	48	17185.2636
14	49	17285.3257
14	50	17387.2874
14	51	17491.1399
14	52	17596.8743
14	53	17704.4814
14	54	17813.9519
14	55	17925.276
14	56	18038.4442
14	57	18153.4465
14	58	18270.2726
14	59	18388.9122
14	60	18509.3547
14	61	18631.5894
14	62	18755.6053
14	63	18881.3912
14	64	19008.9356
14	65	19138.227
14	66	19269.2535
14	67	19402.0031
14	68	19536.4634
14	69	19672.622
14	70	19810.4662
14	71	19949.9829
14	72	20091.159
14	73	20233.9811
14	74	20378.4354
14	75	20524.5081
14	76	20672.185
14	77	20821.4518
14	78	20972.2936
14	79	21124.6957
14	80	21278.6428
14	81	21434.1195
14	82	21591.11
14	83	21749.5983
14	84	21909.5682
14	85	22071.0031
14	86	22233.8861
14	87	22398.1999
14	88	22563.9273
14	89	22731.0502
14	90	22899.5506
14	91	23069.4101
14	92	23240.6099
14	93	23413.1308
14	94	23586.9532
14	95	23762.0575
14	96	23938.4232
14	97	24116.0298
14	98	24294.8562
14	99	24474.881
14	100	24656.0823
14	101	24838.4377
14	102	25021.9246
14	103	25206.5195
14	104	25392.1989
14	105	25578.9383
14	106	25766.713
14	107	25955.4977
14	108	26145.2664
14	109	26335.9925
14	110	26527.6488
14	111	26720.2076
14	112	26913.6401
14	113	27107.9173
14	114	27303.009
14	115	27498.8842
14	116	27695.5114
14	117	27892.8578
14	118	28090.8899
14	119	28289.5729
14	120	28488.8712
14	121	28688.7479
14	122	28889.1648
14	123	29090.0825
14	124	29291.46
14	125	29493.2548
14	126	29695.4229
14	127	29897.9181
14	128	30100.6926
14	129	30303.6963
14	130	30506.8765
14	131	30710.1782
14	132	30913.5433
14	133	31116.9105
14	134	31320.2149
14	135	31523.3877
14	136	31726.3552
14	137	31929.0388
14	138	32131.3537
14	139	32333.2083
14	140	32534.5028
14	141	32735.1281
14	142	32934.9634
14	143	33133.8742
14	144	33331.709
14	145	33528.2948
14	146	33723.431
14	147	33916.8803
14	148	34108.3548
14	149	34297.4928
14	150	34483.8157
14	151	34666.6321
14	152	34844.7906
14	153	35016.2555
14	154	35179.1608
15	0	15590.8662
15	1	15592.9397
15	2	15597.0865
15	3	15603.3064
15	4	15611.5987
15	5	15621.9628
15	6	15634.3979
15	7	15648.9029
15	8	15665.4766
15	9	15684.1177
15	10	15704.8246
15	11	15727.5956
15	12	15752.4288
15	13	15779.3222
15	14	15808.2736
15	15	15839.2805
15	16	15872.3403
15	17	15907.4504
15	18	15944.6078
15	19	15983.8094
15	20	16025.052
15	21	16068.3321
15	22	16113.6461
15	23	16160.9903
15	24	16210.3606
15	25	16261.7529
15	26	16315.163
15	27	16370.5862
15	28	16428.0181
15	29	16487.4536
15	30	16548.8879
15	31	16612.3156
15	32	16677.7315
15	33	16745.1299
15	34	16814.5052
15	35	16885.8514
15	36	16959.1623
15	37	17034.4319
15	38	17111.6534
15	39	17190.8205
15	40	17271.926
15	41	17354.9632
15	42	17439.9247
15	43	17526.8032
15	44	17615.5911
15	45	17706.2806
15	46	17798.8638
15	47	17893.3325
15	48	17989.6784
15	49	18087.8929
15	50	18187.9673
15	51	18289.8926
15	52	18393.6598
15	53	18499.2596
15	54	18606.6823
15	55	18715.9182
15	56	18826.9575
15	57	18939.79
15	58	19054.4052
15	59	19170.7928
15	60	19288.9418
15	61	19408.8413
15	62	19530.4802
15	63	19653.8469
15	64	19778.9299
15	65	19905.7172
15	66	20034.1968
15	67	20164.3564
15	68	20296.1834
15	69	20429.665
15	70	20564.7883
15	71	20701.5399
15	72	20839.9063
15	73	20979.8738
15	74	21121.4283
15	75	21264.5556
15	76	21409.2412
15	77	21555.4703
15	78	21703.2278
15	79	21852.4984
15	80	22003.2665
15	81	22155.5161
15	82	22309.2311
15	83	22464.395
15	84	22620.991
15	85	22779.0019
15	86	22938.4104
15	87	23099.1987
15	88	23261.3488
15	89	23424.8421
15	90	23589.66
15	91	23755.7832
15	92	23923.1922
15	93	24091.8673
15	94	24261.788
15	95	24432.9337
15	96	24605.2832
15	97	24778.8151
15	98	24953.5072
15	99	25129.3372
15	100	25306.2822
15	101	25484.3186
15	102	25663.4225
15	103	25843.5694
15	104	26024.7343
15	105	26206.8915
15	106	26390.0148
15	107	26574.0771
15	108	26759.0511
15	109	26944.9084
15	110	27131.6199
15	111	27319.1559
15	112	27507.4857
15	113	27696.5779
15	114	27886.3999
15	115	28076.9184
15	116	28268.099
15	117	28459.906
15	118	28652.3028
15	119	28845.2512
15	120	29038.712
15	121	29232.6443
15	122	29427.0056
15	123	29621.7518
15	124	29816.837
15	125	30012.213
15	126	30207.8298
15	127	30403.6345
15	128	30599.572
15	129	30795.5837
15	130	30991.6082
15	131	31187.5801
15	132	31383.4298
15	133	31579.0832
15	134	31774.4607
15	135	31969.4764
15	136	32164.0374
15	137	32358.0422
15	138	32551.3794
15	139	32743.9259
15	140	32935.5435
15	141	33126.0764
15	142	33315.3457
15	143	33503.1429
15	144	33689.2195
15	145	33873.2712
15	146	34054.9101
15	147	34233.6113
15	148	34408.5848
15	149	34578.4545
15	150	34740.9885
15	151	34894.1892
16	0	16416.8005
16	1	16418.8368
16	2	16422.9093
16	3	16429.0176
16	4	16437.1611
16	5	16447.3393
16	6	16459.5512
16	7	16473.7958
16	8	16490.0719
16	9	16508.3781
16	10	16528.7128
16	11	16551.0744
16	12	16575.4608
16	13	16601.87
16	14	16630.2998
16	15	16660.7478
16	16	16693.2113
16	17	16727.6875
16	18	16764.1735
16	19	16802.6662
16	20	16843.1623
16	21	16885.6582
16	22	16930.1503
16	23	16976.6349
16	24	17025.1077
16	25	17075.5648
16	26	17128.0016
16	27	17182.4137
16	28	17238.7964
16	29	17297.1446
16	30	17357.4533
16	31	17419.7173
16	32	17483.9311
16	33	17550.089
16	34	17618.1852
16	35	17688.2138
16	36	17760.1685
16	37	17834.0429
16	38	17909.8306
16	39	17987.5246
16	40	18067.1182
16	41	18148.6041
16	42	18231.9751
16	43	18317.2237
16	44	18404.342
16	45	18493.3223
16	46	18584.1565
16	47	18676.8361
16	48	18771.3529
16	49	18867.698
16	50	18965.8626
16	51	19065.8376
16	52	19167.6137
16	53	19271.1814
16	54	19376.5309
16	55	19483.6525
16	56	19592.5359
16	57	19703.1707
16	58	19815.5466
16	59	19929.6525
16	60	20045.4777
16	61	20163.0107
16	62	20282.2403
16	63	20403.1547
16	64	20525.7421
16	65	20649.9902
16	66	20775.8867
16	67	20903.4191
16	68	21032.5744
16	69	21163.3395
16	70	21295.7011
16	71	21429.6457
16	72	21565.1592
16	73	21702.2276
16	74	21840.8365
16	75	21980.9713
16	76	22122.6169
16	77	22265.7582
16	78	22410.3796
16	79	22556.4654
16	80	22703.9994
16	81	22852.9652
16	82	23003.3461
16	83	23155.1251
16	84	23308.2847
16	85	23462.8073
16	86	23618.6748
16	87	23775.8688
16	88	23934.3705
16	89	24094.1607
16	90	24255.22
16	91	24417.5285
16	92	24581.0656
16	93	24745.8108
16	94	24911.7427
16	95	25078.8397
16	96	25247.0798
16	97	25416.4402
16	98	25586.8978
16	99	25758.4291
16	100	25931.0098
16	101	26104.6151
16	102	26279.2198
16	103	26454.7977
16	104	26631.3224
16	105	26808.7665
16	106	26987.102
16	107	27166.3001
16	108	27346.3313
16	109	27527.1652
16	110	27708.7705
16	111	27891.1149
16	112	28074.1654
16	113	28257.8876
16	114	28442.2461
16	115	28627.2044
16	116	28812.7245
16	117	28998.7673
16	118	29185.2919
16	119	29372.256
16	120	29559.6154
16	121	29747.3242
16	122	29935.3342
16	123	30123.5951
16	124	30312.0541
16	125	30500.6555
16	126	30689.3408
16	127	30878.0479
16	128	31066.711
16	129	31255.26
16	130	31443.6197
16	131	31631.7098
16	132	31819.443
16	133	32006.7251
16	134	32193.4526
16	135	32379.512
16	136	32564.7767
16	137	32749.1051
16	138	32932.3362
16	139	33114.2844
16	140	33294.7317
16	141	33473.4164
16	142	33650.0141
16	143	33824.104
16	144	33995.0989
16	145	34162.0687
16	146	34323.3518
16	147	34476.7939
17	0	17220.317
17	1	17222.3158
17	2	17226.3131
17	3	17232.3087
17	4	17240.302
17	5	17250.2923
17	6	17262.2788
17	7	17276.2603
17	8	17292.2357
17	9	17310.2035
17	10	17330.1622
17	11	17352.11
17	12	17376.045
17	13	17401.9651
17	14	17429.8679
17	15	17459.7511
17	16	17491.6119
17	17	17525.4476
17	18	17561.2552
17	19	17599.0315
17	20	17638.773
17	21	17680.4764
17	22	17724.1379
17	23	17769.7535
17	24	17817.3193
17	25	17866.8309
17	26	17918.284
17	27	17971.6739
17	28	18026.9957
17	29	18084.2446
17	30	18143.4153
17	31	18204.5025
17	32	18267.5007
17	33	18332.404
17	34	18399.2067
17	35	18467.9026
17	36	18538.4854
17	37	18610.9486
17	38	18685.2855
17	39	18761.4893
17	40	18839.553
17	41	18919.4692
17	42	19001.2305
17	43	19084.8293
17	44	19170.2577
17	45	19257.5077
17	46	19346.5711
17	47	19437.4393
17	48	19530.1038
17	49	19624.5557
17	50	19720.7859
17	51	19818.7851
17	52	19918.5439
17	53	20020.0525
17	54	20123.3012
17	55	20228.2796
17	56	20334.9775
17	57	20443.3844
17	58	20553.4893
17	59	20665.2814
17	60	20778.7493
17	61	20893.8816
17	62	21010.6665
17	63	21129.0921
17	64	21249.1463
17	65	21370.8164
17	66	21494.09
17	67	21618.954
17	68	21745.3952
17	69	21873.4002
17	70	22002.9553
17	71	22134.0464
17	72	22266.6593
17	73	22400.7795
17	74	22536.392
17	75	22673.4819
17	76	22812.0336
17	77	22952.0314
17	78	23093.4594
17	79	23236.3012
17	80	23380.5401
17	81	23526.1591
17	82	23673.1408
17	83	23821.4676
17	84	23971.1215
17	85	24122.084
17	86	24274.3364
17	87	24427.8594
17	88	24582.6335
17	89	24738.6387
17	90	24895.8545
17	91	25054.2602
17	92	25213.8344
17	93	25374.5553
17	94	25536.4006
17	95	25699.3476
17	96	25863.3729
17	97	26028.4526
17	98	26194.5624
17	99	26361.6771
17	100	26529.771
17	101	26698.8179
17	102	26868.7907
17	103	27039.6616
17	104	27211.4022
17	105	27383.9831
17	106	27557.3742
17	107	27731.5444
17	108	27906.4617
17	109	28082.0931
17	110	28258.4046
17	111	28435.3608
17	112	28612.9255
17	113	28791.0607
17	114	28969.7274
17	115	29148.8848
17	116	29328.4907
17	117	29508.5009
17	118	29688.8693
17	119	29869.548
17	120	30050.4862
17	121	30231.6311
17	122	30412.9267
17	123	30594.3141
17	124	30775.7308
17	125	30957.1104
17	126	31138.382
17	127	31319.4697
17	128	31500.2918
17	129	31680.76
17	130	31860.778
17	131	32040.2404
17	132	32219.0309
17	133	32397.0196
17	134	32574.0603
17	135	32749.9862
17	136	32924.6035
17	137	33097.6834
17	138	33268.9477
17	139	33438.0467
17	140	33604.5163
17	141	33767.6817
17	142	33926.4093
17	143	34078.7392
17	144	34223.1292
18	0	18001.2664
18	1	18003.2271
18	2	18007.1485
18	3	18013.0302
18	4	18020.8715
18	5	18030.6719
18	6	18042.4304
18	7	18056.1459
18	8	18071.8173
18	9	18089.443
18	10	18109.0214
18	11	18130.5509
18	12	18154.0294
18	13	18179.4548
18	14	18206.8247
18	15	18236.1367
18	16	18267.388
18	17	18300.5759
18	18	18335.6973
18	19	18372.7489
18	20	18411.7273
18	21	18452.629
18	22	18495.4501
18	23	18540.1868
18	24	18586.8349
18	25	18635.39
18	26	18685.8476
18	27	18738.2031
18	28	18792.4516
18	29	18848.5879
18	30	18906.6069
18	31	18966.503
18	32	19028.2707
18	33	19091.9042
18	34	19157.3973
18	35	19224.7439
18	36	19293.9376
18	37	19364.9718
18	38	19437.8396
18	39	19512.5342
18	40	19589.0482
18	41	19667.3744
18	42	19747.505
18	43	19829.4324
18	44	19913.1485
18	45	19998.6451
18	46	20085.9137
18	47	20174.9459
18	48	20265.7327
18	49	20358.2651
18	50	20452.5338
18	51	20548.5294
18	52	20646.2422
18	53	20745.6622
18	54	20846.7793
18	55	20949.5832
18	56	21054.0632
18	57	21160.2085
18	58	21268.0082
18	59	21377.4508
18	60	21488.5248
18	61	21601.2186
18	62	21715.5199
18	63	21831.4167
18	64	21948.8963
18	65	22067.9459
18	66	22188.5526
18	67	22310.703
18	68	22434.3834
18	69	22559.5801
18	70	22686.279
18	71	22814.4655
18	72	22944.1249
18	73	23075.2423
18	74	23207.8023
18	75	23341.7892
18	76	23477.1872
18	77	23613.9799
18	78	23752.1506
18	79	23891.6826
18	80	24032.5583
18	81	24174.7602
18	82	24318.2702
18	83	24463.0699
18	84	24609.1405
18	85	24756.4627
18	86	24905.017
18	87	25054.7831
18	88	25205.7407
18	89	25357.8687
18	90	25511.1457
18	91	25665.5498
18	92	25821.0584
18	93	25977.6486
18	94	26135.2968
18	95	26293.9789
18	96	26453.6702
18	97	26614.3452
18	98	26775.9779
18	99	26938.5416
18	100	27102.0088
18	101	27266.3512
18	102	27431.5398
18	103	27597.5447
18	104	27764.335
18	105	27931.879
18	106	28100.1437
18	107	28269.0954
18	108	28438.699
18	109	28608.918
18	110	28779.7149
18	111	28951.0506
18	112	29122.8845
18	113	29295.1743
18	114	29467.8757
18	115	29640.9428
18	116	29814.3273
18	117	29987.9785
18	118	30161.8431
18	119	30335.8651
18	120	30509.9849
18	121	30684.1397
18	122	30858.2622
18	123	31032.2809
18	124	31206.1189
18	125	31379.6931
18	126	31552.9136
18	127	31725.6822
18	128	31897.8911
18	129	32069.4206
18	130	32240.137
18	131	32409.8886
18	132	32578.5017
18	133	32745.7729
18	134	32911.4595
18	135	33075.2631
18	136	33236.8011
18	137	33395.5496
18	138	33550.7028
18	139	33700.8403
18	140	33843.8841
19	0	18759.4867
19	1	18761.409
19	2	18765.2536
19	3	18771.0199
19	4	18778.7075
19	5	18788.3156
19	6	18799.8434
19	7	18813.2898
19	8	18828.6534
19	9	18845.9329
19	10	18865.1265
19	11	18886.2326
19	12	18909.2491
19	13	18934.1737
19	14	18961.0043
19	15	18989.7381
19	16	19020.3726
19	17	19052.9047
19	18	19087.3314
19	19	19123.6494
19	20	19161.8552
19	21	19201.9452
19	22	19243.9155
19	23	19287.7622
19	24	19333.4809
19	25	19381.0674
19	26	19430.5169
19	27	19481.8248
19	28	19534.986
19	29	19589.9954
19	30	19646.8477
19	31	19705.5372
19	32	19766.0583
19	33	19828.4049
19	34	19892.5711
19	35	19958.5503
19	36	20026.3361
19	37	20095.9218
19	38	20167.3005
19	39	20240.4649
19	40	20315.4077
19	41	20392.1215
19	42	20470.5984
19	43	20550.8305
19	44	20632.8096
19	45	20716.5274
19	46	20801.9752
19	47	20889.1441
19	48	20978.0253
19	49	21068.6094
19	50	21160.8869
19	51	21254.8482
19	52	21350.4833
19	53	21447.782
19	54	21546.734
19	55	21647.3286
19	56	21749.555
19	57	21853.4021
19	58	21958.8584
19	59	22065.9124
19	60	22174.5523
19	61	22284.7659
19	62	22396.5408
19	63	22509.8645
19	64	22624.7239
19	65	22741.106
19	66	22858.9973
19	67	22978.384
19	68	23099.2521
19	69	23221.5873
19	70	23345.375
19	71	23470.6002
19	72	23597.2477
19	73	23725.3019
19	74	23854.7469
19	75	23985.5665
19	76	24117.7442
19	77	24251.2629
19	78	24386.1054
19	79	24522.254
19	80	24659.6907
19	81	24798.3971
19	82	24938.3541
19	83	25079.5426
19	84	25221.9429
19	85	25365.5347
19	86	25510.2975
19	87	25656.2101
19	88	25803.2509
19	89	25951.3978
19	90	26100.628
19	91	26250.9184
19	92	26402.2451
19	93	26554.5836
19	94	26707.9089
19	95	26862.1952
19	96	27017.4161
19	97	27173.5443
19	98	27330.5518
19	99	27488.4099
19	100	27647.0888
19	101	27806.5579
19	102	27966.7857
19	103	28127.7395
19	104	28289.3856
19	105	28451.6891
19	106	28614.6137
19	107	28778.122
19	108	28942.1748
19	109	29106.7317
19	110	29271.7503
19	111	29437.1863
19	112	29602.9937
19	113	29769.1239
19	114	29935.5261
19	115	30102.1468
19	116	30268.9294
19	117	30435.814
19	118	30602.7369
19	119	30769.6304
19	120	30936.4219
19	121	31103.0331
19	122	31269.3797
19	123	31435.3699
19	124	31600.9031
19	125	31765.8687
19	126	31930.1432
19	127	32093.5881
19	128	32256.0455
19	129	32417.3328
19	130	32577.2351
19	131	32735.4923
19	132	32891.7795
19	133	33045.6696
19	134	33196.5506
19	135	33343.4143
19	136	33484.5001
19	137	33618.2011
20	0	19494.8032
20	1	19496.6866
20	2	19500.4533
20	3	19506.1028
20	4	19513.6347
20	5	19523.0481
20	6	19534.3423
20	7	19547.5159
20	8	19562.5679
20	9	19579.4966
20	10	19598.3004
20	11	19618.9776
20	12	19641.526
20	13	19665.9434
20	14	19692.2275
20	15	19720.3756
20	16	19750.3849
20	17	19782.2526
20	18	19815.9754
20	19	19851.55
20	20	19888.9729
20	21	19928.2403
20	22	19969.3484
20	23	20012.293
20	24	20057.0698
20	25	20103.6743
20	26	20152.102
20	27	20202.3478
20	28	20254.4067
20	29	20308.2734
20	30	20363.9426
20	31	20421.4084
20	32	20480.6652
20	33	20541.7066
20	34	20604.5267
20	35	20669.1187
20	36	20735.4762
20	37	20803.5921
20	38	20873.4595
20	39	20945.071
20	40	21018.419
20	41	21093.496
20	42	21170.294
20	43	21248.8047
20	44	21329.0199
20	45	21410.9309
20	46	21494.529
20	47	21579.8051
20	48	21666.7499
20	49	21755.354
20	50	21845.6077
20	51	21937.5009
20	52	22031.0235
20	53	22126.165
20	54	22222.9149
20	55	22321.262
20	56	22421.1954
20	57	22522.7034
20	58	22625.7745
20	59	22730.3967
20	60	22836.5578
20	61	22944.2452
20	62	23053.4463
20	63	23164.1479
20	64	23276.3368
20	65	23389.9993
20	66	23505.1214
20	67	23621.689
20	68	23739.6876
20	69	23859.1022
20	70	23979.9177
20	71	24102.1186
20	72	24225.6891
20	73	24350.6129
20	74	24476.8735
20	75	24604.454
20	76	24733.3371
20	77	24863.5051
20	78	24994.9399
20	79	25127.623
20	80	25261.5356
20	81	25396.6581
20	82	25532.9709
20	83	25670.4537
20	84	25809.0855
20	85	25948.8453
20	86	26089.7111
20	87	26231.6606
20	88	26374.6709
20	89	26518.7184
20	90	26663.779
20	91	26809.8279
20	92	26956.8396
20	93	27104.7879
20	94	27253.6458
20	95	27403.3857
20	96	27553.9789
20	97	27705.3959
20	98	27857.6064
20	99	28010.579
20	100	28164.2812
20	101	28318.6795
20	102	28473.739
20	103	28629.4236
20	104	28785.6959
20	105	28942.517
20	106	29099.8462
20	107	29257.6412
20	108	29415.8577
20	109	29574.4494
20	110	29733.3677
20	111	29892.5613
20	112	30051.9764
20	113	30211.5559
20	114	30371.2394
20	115	30530.9624
20	116	30690.6562
20	117	30850.2471
20	118	31009.6554
20	119	31168.795
20	120	31327.572
20	121	31485.8831
20	122	31643.614
20	123	31800.6369
20	124	31956.8075
20	125	32111.9602
20	126	32265.9018
20	127	32418.4022
20	128	32569.1793
20	129	32717.8726
20	130	32863.9907
20	131	33006.783
20	132	33144.9359
20	133	33276.5184
21	0	20207.0281
21	1	20208.8721
21	2	20212.5598
21	3	20218.0909
21	4	20225.4649
21	5	20234.6809
21	6	20245.7381
21	7	20258.6353
21	8	20273.3711
21	9	20289.9442
21	10	20308.3528
21	11	20328.5949
21	12	20350.6687
21	13	20374.5717
21	14	20400.3015
21	15	20427.8556
21	16	20457.2309
21	17	20488.4247
21	18	20521.4335
21	19	20556.254
21	20	20592.8826
21	21	20631.3155
21	22	20671.5487
21	23	20713.578
21	24	20757.3991
21	25	20803.0072
21	26	20850.3978
21	27	20899.5657
21	28	20950.5057
21	29	21003.2126
21	30	21057.6808
21	31	21113.9043
21	32	21171.8773
21	33	21231.5935
21	34	21293.0465
21	35	21356.2297
21	36	21421.1362
21	37	21487.7591
21	38	21556.0911
21	39	21626.1246
21	40	21697.852
21	41	21771.2654
21	42	21846.3567
21	43	21923.1175
21	44	22001.5391
21	45	22081.6128
21	46	22163.3296
21	47	22246.6802
21	48	22331.655
21	49	22418.2443
21	50	22506.4381
21	51	22596.2261
21	52	22687.5979
21	53	22780.5427
21	54	22875.0495
21	55	22971.1071
21	56	23068.7039
21	57	23167.8281
21	58	23268.4676
21	59	23370.6102
21	60	23474.2431
21	61	23579.3535
21	62	23685.9281
21	63	23793.9534
21	64	23903.4156
21	65	24014.3006
21	66	24126.5939
21	67	24240.2807
21	68	24355.346
21	69	24471.7742
21	70	24589.5495
21	71	24708.6559
21	72	24829.0766
21	73	24950.7949
21	74	25073.7933
21	75	25198.0543
21	76	25323.5595
21	77	25450.2906
21	78	25578.2284
21	79	25707.3535
21	80	25837.646
21	81	25969.0854
21	82	26101.6507
21	83	26235.3206
21	84	26370.0729
21	85	26505.885
21	86	26642.7337
21	87	26780.5952
21	88	26919.4449
21	89	27059.2577
21	90	27200.0076
21	91	27341.6679
21	92	27484.2111
21	93	27627.6089
21	94	27771.832
21	95	27916.8501
21	96	28062.6321
21	97	28209.1457
21	98	28356.3574
21	99	28504.2326
21	100	28652.7351
21	101	28801.8277
21	102	28951.4713
21	103	29101.6253
21	104	29252.2473
21	105	29403.2929
21	106	29554.7156
21	107	29706.4665
21	108	29858.494
21	109	30010.7438
21	110	30163.1583
21	111	30315.6762
21	112	30468.2324
21	113	30620.7568
21	114	30773.1744
21	115	30925.404
21	116	31077.3572
21	117	31228.9374
21	118	31380.0381
21	119	31530.5408
21	120	31680.3123
21	121	31829.201
21	122	31977.0317
21	123	32123.5979
21	124	32268.6501
21	125	32411.8762
21	126	32552.8653
21	127	32691.0261
21	128	32825.3798
21	129	32954.2467
21	130	33076.2664
22	0	20895.9597
22	1	20897.7636
22	2	20901.3712
22	3	20906.7821
22	4	20913.9957
22	5	20923.0114
22	6	20933.828
22	7	20946.4445
22	8	20960.8596
22	9	20977.0716
22	10	20995.0789
22	11	21014.8795
22	12	21036.4713
22	13	21059.8521
22	14	21085.0192
22	15	21111.97
22	16	21140.7017
22	17	21171.211
22	18	21203.4948
22	19	21237.5495
22	20	21273.3714
22	21	21310.9567
22	22	21350.3013
22	23	21391.4009
22	24	21434.251
22	25	21478.8469
22	26	21525.1837
22	27	21573.2563
22	28	21623.0594
22	29	21674.5875
22	30	21727.8349
22	31	21782.7957
22	32	21839.4636
22	33	21897.8324
22	34	21957.8954
22	35	22019.6459
22	36	22083.0769
22	37	22148.1811
22	38	22214.9511
22	39	22283.3792
22	40	22353.4576
22	41	22425.178
22	42	22498.5321
22	43	22573.5114
22	44	22650.1069
22	45	22728.3097
22	46	22808.1104
22	47	22889.4995
22	48	22972.4671
22	49	23057.0032
22	50	23143.0975
22	51	23230.7394
22	52	23319.9181
22	53	23410.6225
22	54	23502.8413
22	55	23596.5626
22	56	23691.7748
22	57	23788.4654
22	58	23886.6221
22	59	23986.232
22	60	24087.282
22	61	24189.7588
22	62	24293.6485
22	63	24398.9372
22	64	24505.6104
22	65	24613.6535
22	66	24723.0513
22	67	24833.7885
22	68	24945.8492
22	69	25059.2173
22	70	25173.8763
22	71	25289.8092
22	72	25406.9987
22	73	25525.4269
22	74	25645.0757
22	75	25765.9265
22	76	25887.96
22	77	26011.1567
22	78	26135.4965
22	79	26260.9588
22	80	26387.5224
22	81	26515.1655
22	82	26643.8659
22	83	26773.6007
22	84	26904.3463
22	85	27036.0784
22	86	27168.7722
22	87	27302.4019
22	88	27436.9411
22	89	27572.3626
22	90	27708.6382
22	91	27845.7389
22	92	27983.6346
22	93	28122.2942
22	94	28261.6857
22	95	28401.7756
22	96	28542.5294
22	97	28683.911
22	98	28825.8831
22	99	28968.4067
22	100	29111.4411
22	101	29254.9437
22	102	29398.8699
22	103	29543.1729
22	104	29687.8035
22	105	29832.7097
22	106	29977.8366
22	107	30123.1258
22	108	30268.5152
22	109	30413.9386
22	110	30559.3246
22	111	30704.5965
22	112	30849.671
22	113	30994.4574
22	114	31138.8557
22	115	31282.7554
22	116	31426.0329
22	117	31568.5483
22	118	31710.1408
22	119	31850.623
22	120	31989.771
22	121	32127.3091
22	122	32262.8832
22	123	32396.0053
22	124	32525.9151
22	125	32651.2801
22	126	32770.3664
23	0	21561.3804
23	1	21563.1435
23	2	21566.6697
23	3	21571.9585
23	4	21579.0092
23	5	21587.8212
23	6	21598.3935
23	7	21610.7248
23	8	21624.8137
23	9	21640.6588
23	10	21658.2583
23	11	21677.6101
23	12	21698.7121
23	13	21721.562
23	14	21746.1571
23	15	21772.4948
23	16	21800.572
23	17	21830.3856
23	18	21861.9322
23	19	21895.2082
23	20	21930.2099
23	21	21966.9333
23	22	22005.3742
23	23	22045.5282
23	24	22087.3907
23	25	22130.9568
23	26	22176.2217
23	27	22223.18
23	28	22271.8262
23	29	22322.1548
23	30	22374.1599
23	31	22427.8354
23	32	22483.1749
23	33	22540.1719
23	34	22598.8197
23	35	22659.1113
23	36	22721.0395
23	37	22784.5968
23	38	22849.7757
23	39	22916.5681
23	40	22984.966
23	41	23054.9609
23	42	23126.5443
23	43	23199.7074
23	44	23274.4409
23	45	23350.7356
23	46	23428.5817
23	47	23507.9696
23	48	23588.889
23	49	23671.3295
23	50	23755.2804
23	51	23840.7309
23	52	23927.6697
23	53	24016.0853
23	54	24105.9659
23	55	24197.2994
23	56	24290.0735
23	57	24384.2754
23	58	24479.8922
23	59	24576.9106
23	60	24675.3168
23	61	24775.0969
23	62	24876.2366
23	63	24978.7213
23	64	25082.5358
23	65	25187.6648
23	66	25294.0925
23	67	25401.8028
23	68	25510.7791
23	69	25621.0044
23	70	25732.4613
23	71	25845.1319
23	72	25958.9979
23	73	26074.0406
23	74	26190.2408
23	75	26307.5785
23	76	26426.0336
23	77	26545.5852
23	78	26666.2118
23	79	26787.8916
23	80	26910.6017
23	81	27034.319
23	82	27159.0195
23	83	27284.6786
23	84	27411.2707
23	85	27538.7697
23	86	27667.1486
23	87	27796.3793
23	88	27926.4331
23	89	28057.28
23	90	28188.8892
23	91	28321.2286
23	92	28454.2649
23	93	28587.9636
23	94	28722.2887
23	95	28857.2028
23	96	28992.6668
23	97	29128.6399
23	98	29265.0793
23	99	29401.9402
23	100	29539.1753
23	101	29676.735
23	102	29814.5668
23	103	29952.6149
23	104	30090.8201
23	105	30229.1193
23	106	30367.4449
23	107	30505.7239
23	108	30643.8776
23	109	30781.8201
23	110	30919.4576
23	111	31056.6864
23	112	31193.3909
23	113	31329.4411
23	114	31464.6883
23	115	31598.9606
23	116	31732.0543
23	117	31863.7218
23	118	31993.651
23	119	32121.424
23	120	32246.4219
23	121	32367.5903
23	122	32483.2646
23	123	32592.5143
24	0	22203.0555
24	1	22204.7772
24	2	22208.2206
24	3	22213.3851
24	4	22220.2701
24	5	22228.8749
24	6	22239.1984
24	7	22251.2395
24	8	22264.9967
24	9	22280.4684
24	10	22297.6529
24	11	22316.548
24	12	22337.1515
24	13	22359.4611
24	14	22383.4741
24	15	22409.1877
24	16	22436.5988
24	17	22465.7041
24	18	22496.5003
24	19	22528.9836
24	20	22563.1502
24	21	22598.9959
24	22	22636.5166
24	23	22675.7075
24	24	22716.5642
24	25	22759.0815
24	26	22803.2544
24	27	22849.0774
24	28	22896.545
24	29	22945.6513
24	30	22996.3903
24	31	23048.7557
24	32	23102.741
24	33	23158.3396
24	34	23215.5443
24	35	23274.3482
24	36	23334.7436
24	37	23396.723
24	38	23460.2784
24	39	23525.4018
24	40	23592.0846
24	41	23660.3182
24	42	23730.0938
24	43	23801.4022
24	44	23874.2339
24	45	23948.5793
24	46	24024.4284
24	47	24101.771
24	48	24180.5966
24	49	24260.8944
24	50	24342.6533
24	51	24425.862
24	52	24510.5088
24	53	24596.5817
24	54	24684.0686
24	55	24772.9567
24	56	24863.2332
24	57	24954.8848
24	58	25047.898
24	59	25142.2589
24	60	25237.9531
24	61	25334.9661
24	62	25433.2828
24	63	25532.8878
24	64	25633.7653
24	65	25735.8992
24	66	25839.2729
24	67	25943.8692
24	68	26049.6708
24	69	26156.6596
24	70	26264.8172
24	71	26374.1247
24	72	26484.5627
24	73	26596.1112
24	74	26708.7497
24	75	26822.457
24	76	26937.2115
24	77	27052.9908
24	78	27169.7719
24	79	27287.5311
24	80	27406.244
24	81	27525.8854
24	82	27646.4292
24	83	27767.8487
24	84	27890.116
24	85	28013.2025
24	86	28137.0784
24	87	28261.7129
24	88	28387.074
24	89	28513.1286
24	90	28639.842
24	91	28767.1783
24	92	28895.1
24	93	29023.5679
24	94	29152.5408
24	95	29281.9759
24	96	29411.8278
24	97	29542.049
24	98	29672.5891
24	99	29803.3949
24	100	29934.4099
24	101	30065.5736
24	102	30196.8217
24	103	30328.0848
24	104	30459.288
24	105	30590.35
24	106	30721.1821
24	107	30851.6864
24	108	30981.7543
24	109	31111.264
24	110	31240.0773
24	111	31368.0345
24	112	31494.9485
24	113	31620.5937
24	114	31744.6894
24	115	31866.8679
24	116	31986.604
24	117	32103.0374
24	118	32214.7089
24	119	32320.4241
25	0	22820.732
25	1	22822.4116
25	2	22825.7705
25	3	22830.8084
25	4	22837.5246
25	5	22845.9183
25	6	22855.9884
25	7	22867.7338
25	8	22881.153
25	9	22896.2442
25	10	22913.0058
25	11	22931.4355
25	12	22951.5311
25	13	22973.2901
25	14	22996.7098
25	15	23021.7872
25	16	23048.5193
25	17	23076.9027
25	18	23106.9339
25	19	23138.609
25	20	23171.9241
25	21	23206.8749
25	22	23243.4571
25	23	23281.666
25	24	23321.4967
25	25	23362.9442
25	26	23406.003
25	27	23450.6677
25	28	23496.9326
25	29	23544.7915
25	30	23594.2382
25	31	23645.2664
25	32	23697.8692
25	33	23752.0397
25	34	23807.7708
25	35	23865.055
25	36	23923.8846
25	37	23984.2517
25	38	24046.1481
25	39	24109.5654
25	40	24174.4948
25	41	24240.9275
25	42	24308.8541
25	43	24378.2652
25	44	24449.151
25	45	24521.5015
25	46	24595.3062
25	47	24670.5546
25	48	24747.2357
25	49	24825.3384
25	50	24904.851
25	51	24985.7617
25	52	25068.0584
25	53	25151.7286
25	54	25236.7594
25	55	25323.1376
25	56	25410.8498
25	57	25499.8821
25	58	25590.2202
25	59	25681.8495
25	60	25774.7551
25	61	25868.9214
25	62	25964.3327
25	63	26060.9727
25	64	26158.8247
25	65	26257.8717
25	66	26358.096
25	67	26459.4795
25	68	26562.0036
25	69	26665.6493
25	70	26770.3968
25	71	26876.226
25	72	26983.1161
25	73	27091.0456
25	74	27199.9924
25	75	27309.9339
25	76	27420.8465
25	77	27532.7062
25	78	27645.4878
25	79	27759.1657
25	80	27873.7131
25	81	27989.1024
25	82	28105.3051
25	83	28222.2915
25	84	28340.0309
25	85	28458.4913
25	86	28577.6396
25	87	28697.4411
25	88	28817.8597
25	89	28938.8578
25	90	29060.396
25	91	29182.4329
25	92	29304.9251
25	93	29427.8269
25	94	29551.0901
25	95	29674.6637
25	96	29798.4936
25	97	29922.5219
25	98	30046.6872
25	99	30170.9231
25	100	30295.1585
25	101	30419.316
25	102	30543.3111
25	103	30667.0512
25	104	30790.4336
25	105	30913.3436
25	106	31035.6512
25	107	31157.2074
25	108	31277.8381
25	109	31397.335
25	110	31515.4417
25	111	31631.8268
25	112	31746.0294
25	113	31857.3192
25	114	31964.4361
25	115	32065.9894
26	0	23414.1369
26	1	23415.7734
26	2	23419.0462
26	3	23423.9549
26	4	23430.4988
26	5	23438.6771
26	6	23448.4887
26	7	23459.9324
26	8	23473.0066
26	9	23487.7097
26	10	23504.0396
26	11	23521.9944
26	12	23541.5715
26	13	23562.7685
26	14	23585.5826
26	15	23610.0108
26	16	23636.0497
26	17	23663.6961
26	18	23692.9461
26	19	23723.796
26	20	23756.2416
26	21	23790.2785
26	22	23825.9022
26	23	23863.1079
26	24	23901.8905
26	25	23942.2449
26	26	23984.1654
26	27	24027.6464
26	28	24072.6819
26	29	24119.2656
26	30	24167.3912
26	31	24217.052
26	32	24268.2409
26	33	24320.9508
26	34	24375.1742
26	35	24430.9034
26	36	24488.1305
26	37	24546.8473
26	38	24607.0452
26	39	24668.7154
26	40	24731.8489
26	41	24796.4365
26	42	24862.4685
26	43	24929.9349
26	44	24998.8257
26	45	25069.1303
26	46	25140.8379
26	47	25213.9374
26	48	25288.4175
26	49	25364.2663
26	50	25441.4719
26	51	25520.0217
26	52	25599.9031
26	53	25681.1029
26	54	25763.6077
26	55	25847.4036
26	56	25932.4763
26	57	26018.8114
26	58	26106.3936
26	59	26195.2076
26	60	26285.2376
26	61	26376.4671
26	62	26468.8794
26	63	26562.4573
26	64	26657.183
26	65	26753.0382
26	66	26850.0042
26	67	26948.0616
26	68	27047.1905
26	69	27147.3703
26	70	27248.58
26	71	27350.7977
26	72	27454.001
26	73	27558.1665
26	74	27663.2705
26	75	27769.288
26	76	27876.1934
26	77	27983.9603
26	78	28092.5612
26	79	28201.9676
26	80	28312.1499
26	81	28423.0774
26	82	28534.7182
26	83	28647.039
26	84	28760.0051
26	85	28873.5803
26	86	28987.7266
26	87	29102.4044
26	88	29217.5718
26	89	29333.1851
26	90	29449.1978
26	91	29565.5609
26	92	29682.2226
26	93	29799.1275
26	94	29916.2165
26	95	30033.4264
26	96	30150.6888
26	97	30267.9299
26	98	30385.0693
26	99	30502.0187
26	100	30618.6806
26	101	30734.946
26	102	30850.6921
26	103	30965.7784
26	104	31080.0413
26	105	31193.2863
26	106	31305.2752
26	107	31415.7038
26	108	31524.1548
26	109	31629.9839
26	110	31732.0812
26	111	31829.0449
27	0	23982.9752
27	1	23984.5677
27	2	23987.7525
27	3	23992.5292
27	4	23998.897
27	5	24006.8552
27	6	24016.4026
27	7	24027.5379
27	8	24040.2595
27	9	24054.5657
27	10	24070.4545
27	11	24087.9238
27	12	24106.9709
27	13	24127.5934
27	14	24149.7883
27	15	24173.5526
27	16	24198.8828
27	17	24225.7753
27	18	24254.2266
27	19	24284.2323
27	20	24315.7884
27	21	24348.8904
27	22	24383.5334
27	23	24419.7125
27	24	24457.4226
27	25	24496.6581
27	26	24537.4133
27	27	24579.6824
27	28	24623.4591
27	29	24668.7369
27	30	24715.5092
27	31	24763.7691
27	32	24813.5092
27	33	24864.7222
27	34	24917.4002
27	35	24971.5352
27	36	25027.119
27	37	25084.143
27	38	25142.5983
27	39	25202.4758
27	40	25263.766
27	41	25326.4592
27	42	25390.5454
27	43	25456.0141
27	44	25522.8549
27	45	25591.0566
27	46	25660.608
27	47	25731.4974
27	48	25803.7128
27	49	25877.2419
27	50	25952.0721
27	51	26028.1901
27	52	26105.5826
27	53	26184.2358
27	54	26264.1354
27	55	26345.2668
27	56	26427.6148
27	57	26511.1641
27	58	26595.8986
27	59	26681.8019
27	60	26768.857
27	61	26857.0467
27	62	26946.3529
27	63	27036.7572
27	64	27128.2405
27	65	27220.7832
27	66	27314.3651
27	67	27408.9652
27	68	27504.5621
27	69	27601.1335
27	70	27698.6563
27	71	27797.1068
27	72	27896.4603
27	73	27996.6915
27	74	28097.7739
27	75	28199.6801
27	76	28302.3818
27	77	28405.8493
27	78	28510.052
27	79	28614.9579
27	80	28720.5335
27	81	28826.7441
27	82	28933.553
27	83	29040.9221
27	84	29148.8112
27	85	29257.1781
27	86	29365.9782
27	87	29475.1644
27	88	29584.6867
27	89	29694.4919
27	90	29804.5233
27	91	29914.7201
27	92	30025.0168
27	93	30135.3426
27	94	30245.6204
27	95	30355.7657
27	96	30465.6853
27	97	30575.2753
27	98	30684.4187
27	99	30792.9817
27	100	30900.8094
27	101	31007.7177
27	102	31113.4825
27	103	31217.8185
27	104	31320.3383
27	105	31420.4514
27	106	31517.1469
27	107	31609.0853
28	0	24526.9274
28	1	24528.4748
28	2	24531.5695
28	3	24536.2111
28	4	24542.3987
28	5	24550.1315
28	6	24559.4083
28	7	24570.2279
28	8	24582.5885
28	9	24596.4884
28	10	24611.9255
28	11	24628.8975
28	12	24647.4019
28	13	24667.436
28	14	24688.9967
28	15	24712.0808
28	16	24736.6849
28	17	24762.8052
28	18	24790.4379
28	19	24819.5787
28	20	24850.2232
28	21	24882.3667
28	22	24916.0044
28	23	24951.131
28	24	24987.7412
28	25	25025.8293
28	26	25065.3893
28	27	25106.4151
28	28	25148.9001
28	29	25192.8378
28	30	25238.2211
28	31	25285.0427
28	32	25333.2952
28	33	25382.9707
28	34	25434.0611
28	35	25486.5581
28	36	25540.4529
28	37	25595.7367
28	38	25652.4001
28	39	25710.4335
28	40	25769.8271
28	41	25830.5707
28	42	25892.6536
28	43	25956.0651
28	44	26020.794
28	45	26086.8286
28	46	26154.157
28	47	26222.767
28	48	26292.6459
28	49	26363.7806
28	50	26436.1578
28	51	26509.7636
28	52	26584.5837
28	53	26660.6034
28	54	26737.8076
28	55	26816.1807
28	56	26895.7066
28	57	26976.3687
28	58	27058.1499
28	59	27141.0327
28	60	27224.9989
28	61	27310.0297
28	62	27396.1058
28	63	27483.2072
28	64	27571.3132
28	65	27660.4026
28	66	27750.4533
28	67	27841.4425
28	68	27933.3465
28	69	28026.141
28	70	28119.8006
28	71	28214.2988
28	72	28309.6086
28	73	28405.7013
28	74	28502.5474
28	75	28600.1162
28	76	28698.3755
28	77	28797.2917
28	78	28896.8296
28	79	28996.9524
28	80	29097.6215
28	81	29198.7961
28	82	29300.4333
28	83	29402.4877
28	84	29504.911
28	85	29607.6522
28	86	29710.6564
28	87	29813.8652
28	88	29917.2155
28	89	30020.6391
28	90	30124.0618
28	91	30227.4024
28	92	30330.5712
28	93	30433.4684
28	94	30535.9817
28	95	30637.9829
28	96	30739.3234
28	97	30839.8271
28	98	30939.2795
28	99	31037.4086
28	100	31133.845
28	101	31228.0261
28	102	31318.9948
28	103	31405.4994
29	0	25045.6466
29	1	25047.1478
29	2	25050.1501
29	3	25054.653
29	4	25060.6557
29	5	25068.1573
29	6	25077.1567
29	7	25087.6523
29	8	25099.6426
29	9	25113.1256
29	10	25128.0992
29	11	25144.561
29	12	25162.5085
29	13	25181.9386
29	14	25202.8484
29	15	25225.2344
29	16	25249.0931
29	17	25274.4206
29	18	25301.2128
29	19	25329.4653
29	20	25359.1736
29	21	25390.3327
29	22	25422.9376
29	23	25456.9828
29	24	25492.4627
29	25	25529.3714
29	26	25567.7027
29	27	25607.4501
29	28	25648.6069
29	29	25691.166
29	30	25735.1202
29	31	25780.4618
29	32	25827.183
29	33	25875.2756
29	34	25924.7311
29	35	25975.5406
29	36	26027.6952
29	37	26081.1853
29	38	26136.0012
29	39	26192.1328
29	40	26249.5697
29	41	26308.3011
29	42	26368.3159
29	43	26429.6026
29	44	26492.1493
29	45	26555.9438
29	46	26620.9735
29	47	26687.2252
29	48	26754.6857
29	49	26823.3409
29	50	26893.1766
29	51	26964.1779
29	52	27036.3297
29	53	27109.6162
29	54	27184.0212
29	55	27259.5279
29	56	27336.1189
29	57	27413.7765
29	58	27492.4822
29	59	27572.2169
29	60	27652.9608
29	61	27734.6936
29	62	27817.3942
29	63	27901.0406
29	64	27985.6104
29	65	28071.0799
29	66	28157.4248
29	67	28244.6199
29	68	28332.6388
29	69	28421.4543
29	70	28511.0379
29	71	28601.3598
29	72	28692.3892
29	73	28784.0937
29	74	28876.4394
29	75	28969.3907
29	76	29062.9103
29	77	29156.9589
29	78	29251.495
29	79	29346.4749
29	80	29441.8519
29	81	29537.5766
29	82	29633.5963
29	83	29729.8541
29	84	29826.2893
29	85	29922.8359
29	86	30019.4222
29	87	30115.9696
29	88	30212.3914
29	89	30308.5911
29	90	30404.46
29	91	30499.8739
29	92	30594.6888
29	93	30688.7342
29	94	30781.8016
29	95	30873.6259
29	96	30963.8447
29	97	31051.9001
29	98	31136.848
29	99	31217.5579
30	0	25538.7551
30	1	25540.2088
30	2	25543.1162
30	3	25547.4765
30	4	25553.2892
30	5	25560.5531
30	6	25569.2671
30	7	25579.4298
30	8	25591.0392
30	9	25604.0936
30	10	25618.5906
30	11	25634.5277
30	12	25651.9023
30	13	25670.7113
30	14	25690.9515
30	15	25712.6193
30	16	25735.7111
30	17	25760.2227
30	18	25786.1499
30	19	25813.4881
30	20	25842.2326
30	21	25872.3781
30	22	25903.9194
30	23	25936.8508
30	24	25971.1663
30	25	26006.8598
30	26	26043.9248
30	27	26082.3544
30	28	26122.1416
30	29	26163.2791
30	30	26205.759
30	31	26249.5735
30	32	26294.7143
30	33	26341.1726
30	34	26388.9396
30	35	26438.006
30	36	26488.3621
30	37	26539.998
30	38	26592.9033
30	39	26647.0674
30	40	26702.4792
30	41	26759.1273
30	42	26816.9999
30	43	26876.0847
30	44	26936.3691
30	45	26997.84
30	46	27060.4839
30	47	27124.287
30	48	27189.2347
30	49	27255.3122
30	50	27322.5041
30	51	27390.7944
30	52	27460.1668
30	53	27530.6042
30	54	27602.0891
30	55	27674.6032
30	56	27748.1277
30	57	27822.6431
30	58	27898.1292
30	59	27974.5652
30	60	28051.9292
30	61	28130.1989
30	62	28209.3507
30	63	28289.3605
30	64	28370.2029
30	65	28451.8517
30	66	28534.2795
30	67	28617.4577
30	68	28701.3564
30	69	28785.9445
30	70	28871.1891
30	71	28957.056
30	72	29043.5091
30	73	29130.5104
30	74	29218.0198
30	75	29305.9949
30	76	29394.3905
30	77	29483.1588
30	78	29572.2485
30	79	29661.6048
30	80	29751.1684
30	81	29840.8753
30	82	29930.6559
30	83	30020.4337
30	84	30110.1243
30	85	30199.6335
30	86	30288.8553
30	87	30377.6683
30	88	30465.9313
30	89	30553.4763
30	90	30640.0973
30	91	30725.5295
30	92	30809.4051
30	93	30891.1442
30	94	30969.7836
30	95	31044.3941
31	0	26005.8405
31	1	26007.2453
31	2	26010.0547
31	3	26014.2682
31	4	26019.885
31	5	26026.904
31	6	26035.324
31	7	26045.1434
31	8	26056.3603
31	9	26068.9728
31	10	26082.9785
31	11	26098.3747
31	12	26115.1586
31	13	26133.3271
31	14	26152.8767
31	15	26173.8038
31	16	26196.1044
31	17	26219.7743
31	18	26244.8089
31	19	26271.2035
31	20	26298.9531
31	21	26328.0522
31	22	26358.4951
31	23	26390.2761
31	24	26423.3887
31	25	26457.8266
31	26	26493.5827
31	27	26530.65
31	28	26569.021
31	29	26608.6878
31	30	26649.6424
31	31	26691.8763
31	32	26735.3807
31	33	26780.1465
31	34	26826.1641
31	35	26873.4236
31	36	26921.915
31	37	26971.6275
31	38	27022.5501
31	39	27074.6715
31	40	27127.9798
31	41	27182.4628
31	42	27238.1079
31	43	27294.9019
31	44	27352.8313
31	45	27411.882
31	46	27472.0395
31	47	27533.2887
31	48	27595.614
31	49	27658.9992
31	50	27723.4277
31	51	27788.8822
31	52	27855.3446
31	53	27922.7965
31	54	27991.2184
31	55	28060.5904
31	56	28130.8917
31	57	28202.1007
31	58	28274.1951
31	59	28347.1514
31	60	28420.9454
31	61	28495.5518
31	62	28570.9442
31	63	28647.095
31	64	28723.9755
31	65	28801.5556
31	66	28879.8035
31	67	28958.6861
31	68	29038.1686
31	69	29118.214
31	70	29198.7835
31	71	29279.8359
31	72	29361.3275
31	73	29443.2116
31	74	29525.4383
31	75	29607.9543
31	76	29690.7018
31	77	29773.6184
31	78	29856.6357
31	79	29939.6791
31	80	30022.6656
31	81	30105.5027
31	82	30188.0857
31	83	30270.2945
31	84	30351.9886
31	85	30432.9998
31	86	30513.1199
31	87	30592.0763
31	88	30669.4783
31	89	30744.6894
31	90	30816.7252
31	91	30885.0461
32	0	26446.4507
32	1	26447.8049
32	2	26450.5132
32	3	26454.5749
32	4	26459.9893
32	5	26466.7552
32	6	26474.8713
32	7	26484.3359
32	8	26495.1472
32	9	26507.3029
32	10	26520.8006
32	11	26535.6375
32	12	26551.8107
32	13	26569.3167
32	14	26588.1521
32	15	26608.3129
32	16	26629.7949
32	17	26652.5937
32	18	26676.7045
32	19	26702.1223
32	20	26728.8417
32	21	26756.8571
32	22	26786.1624
32	23	26816.7513
32	24	26848.6173
32	25	26881.7534
32	26	26916.1523
32	27	26951.8064
32	28	26988.7079
32	29	27026.8483
32	30	27066.219
32	31	27106.8111
32	32	27148.6151
32	33	27191.6212
32	34	27235.8194
32	35	27281.199
32	36	27327.7492
32	37	27375.4584
32	38	27424.3149
32	39	27474.3065
32	40	27525.4203
32	41	27577.6433
32	42	27630.9617
32	43	27685.3613
32	44	27740.8274
32	45	27797.3446
32	46	27854.8973
32	47	27913.4688
32	48	27973.0422
32	49	28033.5997
32	50	28095.1229
32	51	28157.5926
32	52	28220.9892
32	53	28285.2917
32	54	28350.4789
32	55	28416.5282
32	56	28483.4163
32	57	28551.1188
32	58	28619.6105
32	59	28688.8646
32	60	28758.8533
32	61	28829.5476
32	62	28900.9169
32	63	28972.9289
32	64	29045.5498
32	65	29118.744
32	66	29192.4735
32	67	29266.6983
32	68	29341.3757
32	69	29416.4603
32	70	29491.9034
32	71	29567.6526
32	72	29643.6513
32	73	29719.8382
32	74	29796.146
32	75	29872.501
32	76	29948.8211
32	77	30025.0142
32	78	30100.9758
32	79	30176.5853
32	80	30251.7004
32	81	30326.149
32	82	30399.7138
32	83	30472.1021
32	84	30542.8719
32	85	30611.2899
32	86	30676.4543
32	87	30737.8928
33	0	26860.0881
33	1	26861.3899
33	2	26863.9933
33	3	26867.8977
33	4	26873.1022
33	5	26879.6057
33	6	26887.4067
33	7	26896.5035
33	8	26906.894
33	9	26918.576
33	10	26931.5468
33	11	26945.8036
33	12	26961.3431
33	13	26978.1618
33	14	26996.2559
33	15	27015.6212
33	16	27036.2535
33	17	27058.1478
33	18	27081.2991
33	19	27105.7022
33	20	27131.3511
33	21	27158.24
33	22	27186.3625
33	23	27215.7118
33	24	27246.2809
33	25	27278.0623
33	26	27311.0483
33	27	27345.2308
33	28	27380.6013
33	29	27417.1508
33	30	27454.8701
33	31	27493.7495
33	32	27533.7788
33	33	27574.9477
33	34	27617.2451
33	35	27660.6596
33	36	27705.1793
33	37	27750.792
33	38	27797.4848
33	39	27845.2444
33	40	27894.0568
33	41	27943.9078
33	42	27994.7823
33	43	28046.6647
33	44	28099.5388
33	45	28153.3879
33	46	28208.1943
33	47	28263.9399
33	48	28320.6056
33	49	28378.1717
33	50	28436.6176
33	51	28495.9218
33	52	28556.0619
33	53	28617.0144
33	54	28678.7548
33	55	28741.2575
33	56	28804.4956
33	57	28868.4409
33	58	28933.0637
33	59	28998.3329
33	60	29064.2154
33	61	29130.6765
33	62	29197.6794
33	63	29265.1848
33	64	29333.1511
33	65	29401.5337
33	66	29470.2847
33	67	29539.3525
33	68	29608.6814
33	69	29678.2106
33	70	29747.8733
33	71	29817.596
33	72	29887.2964
33	73	29956.8818
33	74	30026.2463
33	75	30095.2661
33	76	30163.7939
33	77	30231.6478
33	78	30298.5914
33	79	30364.2878
33	80	30428.1947
33	81	30489.4884
33	82	30547.7196
34	0	27246.202
34	1	27247.4493
34	2	27249.9436
34	3	27253.6843
34	4	27258.6704
34	5	27264.9008
34	6	27272.3738
34	7	27281.0878
34	8	27291.0404
34	9	27302.2292
34	10	27314.6515
34	11	27328.3041
34	12	27343.1836
34	13	27359.2863
34	14	27376.6081
34	15	27395.1446
34	16	27414.891
34	17	27435.8423
34	18	27457.993
34	19	27481.3375
34	20	27505.8695
34	21	27531.5826
34	22	27558.47
34	23	27586.5244
34	24	27615.7382
34	25	27646.1036
34	26	27677.612
34	27	27710.2547
34	28	27744.0226
34	29	27778.9059
34	30	27814.8947
34	31	27851.9784
34	32	27890.146
34	33	27929.3861
34	34	27969.6868
34	35	28011.0356
34	36	28053.4195
34	37	28096.8249
34	38	28141.2378
34	39	28186.6435
34	40	28233.0267
34	41	28280.3714
34	42	28328.6609
34	43	28377.8778
34	44	28428.0042
34	45	28479.0211
34	46	28530.9087
34	47	28583.6464
34	48	28637.2128
34	49	28691.5851
34	50	28746.7398
34	51	28802.6521
34	52	28859.2961
34	53	28916.6442
34	54	28974.6678
34	55	29033.3364
34	56	29092.618
34	57	29152.4786
34	58	29212.882
34	59	29273.7899
34	60	29335.1611
34	61	29396.9519
34	62	29459.1147
34	63	29521.5986
34	64	29584.3478
34	65	29647.3017
34	66	29710.3934
34	67	29773.5483
34	68	29836.6831
34	69	29899.7025
34	70	29962.4968
34	71	30024.936
34	72	30086.8618
34	73	30148.0727
34	74	30208.2913
34	75	30267.0868
34	76	30323.7708
34	77	30377.7203
35	0	27604.179
35	1	27605.3693
35	2	27607.7496
35	3	27611.3192
35	4	27616.0771
35	5	27622.0221
35	6	27629.1524
35	7	27637.466
35	8	27646.9608
35	9	27657.6339
35	10	27669.4825
35	11	27682.5032
35	12	27696.6922
35	13	27712.0456
35	14	27728.559
35	15	27746.2276
35	16	27765.0463
35	17	27785.0096
35	18	27806.1118
35	19	27828.3465
35	20	27851.7071
35	21	27876.1867
35	22	27901.7777
35	23	27928.4725
35	24	27956.2626
35	25	27985.1395
35	26	28015.094
35	27	28046.1165
35	28	28078.197
35	29	28111.3249
35	30	28145.4891
35	31	28180.6783
35	32	28216.8802
35	33	28254.0822
35	34	28292.2711
35	35	28331.4331
35	36	28371.5538
35	37	28412.618
35	38	28454.6101
35	39	28497.5134
35	40	28541.3108
35	41	28585.9843
35	42	28631.5149
35	43	28677.8829
35	44	28725.0676
35	45	28773.0472
35	46	28821.7989
35	47	28871.2988
35	48	28921.5215
35	49	28972.4406
35	50	29024.028
35	51	29076.254
35	52	29129.0872
35	53	29182.4943
35	54	29236.4397
35	55	29290.8855
35	56	29345.791
35	57	29401.1127
35	58	29456.8033
35	59	29512.8117
35	60	29569.0817
35	61	29625.5521
35	62	29682.1544
35	63	29738.8124
35	64	29795.4391
35	65	29851.9349
35	66	29908.1819
35	67	29964.0381
35	68	30019.3239
35	69	30073.7952
35	70	30127.0805
35	71	30178.5845
35	72	30227.7039
36	0	27933.331
36	1	27934.4615
36	2	27936.722
36	3	27940.1119
36	4	27944.63
36	5	27950.2751
36	6	27957.0452
36	7	27964.9383
36	8	27973.9518
36	9	27984.0828
36	10	27995.3281
36	11	28007.6841
36	12	28021.1467
36	13	28035.7117
36	14	28051.3741
36	15	28068.1289
36	16	28085.9704
36	17	28104.8927
36	18	28124.8894
36	19	28145.9538
36	20	28168.0784
36	21	28191.2557
36	22	28215.4775
36	23	28240.7353
36	24	28267.0198
36	25	28294.3216
36	26	28322.6305
36	27	28351.936
36	28	28382.2268
36	29	28413.4914
36	30	28445.7173
36	31	28478.8917
36	32	28513.001
36	33	28548.031
36	34	28583.9669
36	35	28620.793
36	36	28658.493
36	37	28697.0496
36	38	28736.4448
36	39	28776.6596
36	40	28817.6741
36	41	28859.4674
36	42	28902.0174
36	43	28945.3009
36	44	28989.2934
36	45	29033.9689
36	46	29079.2999
36	47	29125.2575
36	48	29171.8108
36	49	29218.9267
36	50	29266.57
36	51	29314.7032
36	52	29363.2856
36	53	29412.2733
36	54	29461.6188
36	55	29511.27
36	56	29561.1699
36	57	29611.2549
36	58	29661.4541
36	59	29711.6869
36	60	29761.8604
36	61	29811.8654
36	62	29861.5697
36	63	29910.806
36	64	29959.346
36	65	30006.8396
36	66	30052.7389
36	67	30096.5542
37	0	28232.879
37	1	28233.9462
37	2	28236.0801
37	3	28239.28
37	4	28243.5447
37	5	28248.8726
37	6	28255.2619
37	7	28262.71
37	8	28271.2144
37	9	28280.7717
37	10	28291.3785
37	11	28303.0308
37	12	28315.7241
37	13	28329.4536
37	14	28344.2141
37	15	28359.9999
37	16	28376.8048
37	17	28394.6221
37	18	28413.4449
37	19	28433.2656
37	20	28454.0761
37	21	28475.8679
37	22	28498.6318
37	23	28522.3583
37	24	28547.0372
37	25	28572.6578
37	26	28599.2086
37	27	28626.6778
37	28	28655.0527
37	29	28684.32
37	30	28714.4658
37	31	28745.4752
37	32	28777.3328
37	33	28810.0221
37	34	28843.526
37	35	28877.8262
37	36	28912.9037
37	37	28948.7382
37	38	28985.3083
37	39	29022.5914
37	40	29060.5636
37	41	29099.1995
37	42	29138.4722
37	43	29178.3529
37	44	29218.8111
37	45	29259.8139
37	46	29301.3261
37	47	29343.3098
37	48	29385.724
37	49	29428.524
37	50	29471.661
37	51	29515.0812
37	52	29558.7247
37	53	29602.5244
37	54	29646.4039
37	55	29690.2747
37	56	29734.0323
37	57	29777.5489
37	58	29820.66
37	59	29863.1341
37	60	29904.6077
37	61	29944.5633
37	62	29982.7609
38	0	28501.9312
38	1	28502.9309
38	2	28504.9299
38	3	28507.9274
38	4	28511.922
38	5	28516.912
38	6	28522.8952
38	7	28529.869
38	8	28537.8303
38	9	28546.7755
38	10	28556.7009
38	11	28567.6017
38	12	28579.4732
38	13	28592.31
38	14	28606.1061
38	15	28620.8551
38	16	28636.5502
38	17	28653.1838
38	18	28670.7481
38	19	28689.2344
38	20	28708.6337
38	21	28728.9361
38	22	28750.1315
38	23	28772.2088
38	24	28795.1563
38	25	28818.9617
38	26	28843.6119
38	27	28869.0931
38	28	28895.3905
38	29	28922.4886
38	30	28950.3711
38	31	28979.0203
38	32	29008.418
38	33	29038.5445
38	34	29069.3791
38	35	29100.8997
38	36	29133.0828
38	37	29165.9035
38	38	29199.3349
38	39	29233.3484
38	40	29267.9135
38	41	29302.997
38	42	29338.5633
38	43	29374.5735
38	44	29410.9853
38	45	29447.7522
38	46	29484.8228
38	47	29522.1397
38	48	29559.6379
38	49	29597.243
38	50	29634.868
38	51	29672.4084
38	52	29709.7334
38	53	29746.6672
38	54	29782.9453
38	55	29818.1612
38	56	29851.9366
39	0	28739.4526
39	1	28740.3798
39	2	28742.2336
39	3	28745.0132
39	4	28748.7169
39	5	28753.343
39	6	28758.8888
39	7	28765.3514
39	8	28772.7273
39	9	28781.0126
39	10	28790.2026
39	11	28800.2923
39	12	28811.2761
39	13	28823.1478
39	14	28835.9006
39	15	28849.5273
39	16	28864.0197
39	17	28879.3694
39	18	28895.5671
39	19	28912.6029
39	20	28930.4661
39	21	28949.1454
39	22	28968.6287
39	23	28988.9029
39	24	29009.9544
39	25	29031.7682
39	26	29054.3289
39	27	29077.6196
39	28	29101.6226
39	29	29126.3188
39	30	29151.6879
39	31	29177.7082
39	32	29204.3564
39	33	29231.6078
39	34	29259.4353
39	35	29287.8101
39	36	29316.701
39	37	29346.0739
39	38	29375.8917
39	39	29406.1137
39	40	29436.6949
39	41	29467.585
39	42	29498.7273
39	43	29530.0571
39	44	29561.4988
39	45	29592.9623
39	46	29624.3355
39	47	29655.469
39	48	29686.1414
39	49	29716.0144
39	50	29744.763
39	51	29772.5243
40	0	28944.2203
40	1	28945.0683
40	2	28946.7638
40	3	28949.3055
40	4	28952.6918
40	5	28956.9204
40	6	28961.9884
40	7	28967.8924
40	8	28974.6282
40	9	28982.1911
40	10	28990.5759
40	11	28999.7766
40	12	29009.7866
40	13	29020.5985
40	14	29032.2044
40	15	29044.5955
40	16	29057.7623
40	17	29071.6946
40	18	29086.3812
40	19	29101.8101
40	20	29117.9684
40	21	29134.8421
40	22	29152.4163
40	23	29170.675
40	24	29189.6007
40	25	29209.175
40	26	29229.3777
40	27	29250.1871
40	28	29271.5801
40	29	29293.5311
40	30	29316.0128
40	31	29338.9951
40	32	29362.4452
40	33	29386.3269
40	34	29410.6
40	35	29435.2196
40	36	29460.1348
40	37	29485.2871
40	38	29510.608
40	39	29536.015
40	40	29561.4039
40	41	29586.6313
40	42	29611.4789
40	43	29635.6454
40	44	29658.9762
41	0	29114.754
41	1	29115.514
41	2	29117.0331
41	3	29119.3102
41	4	29122.343
41	5	29126.1289
41	6	29130.6642
41	7	29135.9449
41	8	29141.9658
41	9	29148.7213
41	10	29156.2049
41	11	29164.4092
41	12	29173.3261
41	13	29182.9464
41	14	29193.2601
41	15	29204.2563
41	16	29215.923
41	17	29228.247
41	18	29241.2141
41	19	29254.8085
41	20	29269.0133
41	21	29283.81
41	22	29299.1784
41	23	29315.0964
41	24	29331.5398
41	25	29348.4818
41	26	29365.8932
41	27	29383.7412
41	28	29401.9891
41	29	29420.5956
41	30	29439.5129
41	31	29458.6857
41	32	29478.0475
41	33	29497.515
41	34	29516.9753
41	35	29536.2588
41	36	29555.1306
41	37	29573.4581
41	38	29591.4004
42	0	29249.1988
42	1	29249.8577
42	2	29251.1747
42	3	29253.1479
42	4	29255.7746
42	5	29259.0513
42	6	29262.9734
42	7	29267.5353
42	8	29272.7306
42	9	29278.5517
42	10	29284.9898
42	11	29292.0352
42	12	29299.6767
42	13	29307.902
42	14	29316.6972
42	15	29326.0468
42	16	29335.9337
42	17	29346.3388
42	18	29357.2406
42	19	29368.6152
42	20	29380.4358
42	21	29392.6718
42	22	29405.2883
42	23	29418.2446
42	24	29431.4925
42	25	29444.9728
42	26	29458.608
42	27	29472.2849
42	28	29485.8374
42	29	29499.1287
42	30	29512.2662
43	0	29345.1004
43	1	29345.6368
43	2	29346.7083
43	3	29348.3121
43	4	29350.4444
43	5	29353.0996
43	6	29356.2709
43	7	29359.9499
43	8	29364.1262
43	9	29368.788
43	10	29373.9212
43	11	29379.5093
43	12	29385.5332
43	13	29391.9705
43	14	29398.7948
43	15	29405.9745
43	16	29413.4707
43	17	29421.2333
43	18	29429.1854
43	19	29437.2268
43	20	29445.2544
43	21	29453.3484
44	0	29398.8593
44	1	29399.2231
44	2	29399.9473
44	3	29401.0255
44	4	29402.447
44	5	29404.1965
44	6	29406.252
44	7	29408.5802
44	8	29411.1193
44	9	29414.2419
44	10	29416.8254
