0	0	868.2178
0	1	871.5808
0	2	878.3065
0	3	888.3947
0	4	901.8449
0	5	918.6566
0	6	938.8289
0	7	962.3609
0	8	989.2516
0	9	1019.4997
0	10	1053.1038
0	11	1090.0625
0	12	1130.3741
0	13	1174.0366
0	14	1221.0482
0	15	1271.4066
0	16	1325.1096
0	17	1382.1547
0	18	1442.5394
0	19	1506.2608
0	20	1573.3161
0	21	1643.7022
0	22	1717.4159
0	23	1794.4539
0	24	1874.8125
0	25	1958.4882
0	26	2045.4771
0	27	2135.7752
0	28	2229.3785
0	29	2326.2826
0	30	2426.483
0	31	2529.9753
0	32	2636.7546
0	33	2746.8161
0	34	2860.1547
0	35	2976.7653
0	36	3096.6424
0	37	3219.7805
0	38	3346.1741
0	39	3475.8173
0	40	3608.704
0	41	3744.8283
0	42	3884.1839
0	43	4026.7643
0	44	4172.5629
0	45	4321.573
0	46	4473.7878
0	47	4629.2002
0	48	4787.803
0	49	4949.5889
0	50	5114.5504
0	51	5282.6798
0	52	5453.9694
0	53	5628.4112
0	54	5805.997
0	55	5986.7187
0	56	6170.5678
0	57	6357.5358
0	58	6547.6139
0	59	6740.7933
0	60	6937.065
0	61	7136.4197
0	62	7338.8482
0	63	7544.3409
0	64	7752.8882
0	65	7964.4803
0	66	8179.1074
0	67	8396.7591
0	68	8617.4254
0	69	8841.0958
0	70	9067.7598
0	71	9297.4065
0	72	9530.0253
0	73	9765.6049
0	74	10004.1342
0	75	10245.6019
0	76	10489.9965
0	77	10737.3063
0	78	10987.5196
0	79	11240.6242
0	80	11496.6082
0	81	11755.4593
0	82	12017.1649
0	83	12281.7125
0	84	12549.0894
0	85	12819.2825
0	86	13092.279
0	87	13368.0654
0	88	13646.6284
0	89	13927.9545
0	90	14212.0299
0	91	14498.8408
0	92	14788.373
0	93	15080.6125
0	94	15375.5448
0	95	15673.1554
0	96	15973.4296
0	97	16276.3525
0	98	16581.9091
0	99	16890.0842
0	100	17200.8625
0	101	17514.2283
0	102	17830.1661
0	103	18148.6598
0	104	18469.6935
0	105	18793.251
0	106	19119.3158
0	107	19447.8713
0	108	19778.9009
0	109	20112.3876
0	110	20448.3143
0	111	20786.6638
0	112	21127.4184
0	113	21470.5607
0	114	21816.0727
0	115	22163.9365
0	116	22514.1338
0	117	22866.6462
0	118	23221.4552
0	119	23578.542
0	120	23937.8875
0	121	24299.4726
0	122	24663.278
0	123	25029.284
0	124	25397.4709
0	125	25767.8186
0	126	26140.3069
0	127	26514.9156
0	128	26891.6238
0	129	27270.4107
0	130	27651.2554
0	131	28034.1364
0	132	28419.0322
0	133	28805.9212
0	134	29194.7811
0	135	29585.59
0	136	29978.3251
0	137	30372.9638
0	138	30769.4832
0	139	31167.8598
0	140	31568.0703
0	141	31970.0908
0	142	32373.8973
0	143	32779.4654
0	144	33186.7704
0	145	33595.7875
0	146	34006.4913
0	147	34418.8564
0	148	34832.8568
0	149	35248.4664
0	150	35665.6586
0	151	36084.4066
0	152	36504.6831
0	153	36926.4605
0	154	37349.7109
0	155	37774.4059
0	156	38200.5167
0	157	38628.0141
0	158	39056.8686
0	159	39487.0501
0	160	39918.5281
0	161	40351.2716
0	162	40785.2492
0	163	41220.4289
0	164	41656.7781
0	165	42094.2639
0	166	42532.8525
0	167	42972.5098
0	168	43413.2009
0	169	43854.8903
0	170	44297.5417
0	171	44741.1184
0	172	45185.5825
0	173	45630.8956
0	174	46077.0186
0	175	46523.9111
0	176	46971.532
0	177	47419.8395
0	178	47868.7903
0	179	48318.3402
0	180	48768.4439
0	181	49219.0548
0	182	49670.1249
0	183	50121.605
0	184	50573.4442
0	185	51025.59
0	186	51477.9883
0	187	51930.5829
0	188	52383.3156
0	189	52836.1262
0	190	53288.9518
0	191	53741.7272
0	192	54194.3839
0	193	54646.8505
0	194	55099.052
0	195	55550.9096
0	196	56002.34
0	197	56453.2549
0	198	56903.5607
0	199	57353.1573
0	200	57801.9374
0	201	58249.7852
0	202	58696.5752
0	203	59142.1701
0	204	59586.4185
0	205	60029.1519
0	206	60470.1803
0	207	60909.2863
0	208	61346.2156
0	209	61780.6634
0	210	62212.2477
0	211	62640.4597
0	212	63064.5638
0	213	63483.4511
0	214	63895.7015
0	215	64300.601
1	0	2582.8636
1	1	2586.1881
1	2	2592.8369
1	3	2602.8098
1	4	2616.1063
1	5	2632.7258
1	6	2652.6675
1	7	2675.9304
1	8	2702.5136
1	9	2732.4157
1	10	2765.6354
1	11	2802.1712
1	12	2842.0213
1	13	2885.184
1	14	2931.6571
1	15	2981.4386
1	16	3034.5262
1	17	3090.9173
1	18	3150.6095
1	19	3213.5998
1	20	3279.8855
1	21	3349.4633
1	22	3422.3301
1	23	3498.4826
1	24	3577.9171
1	25	3660.6299
1	26	3746.6173
1	27	3835.8752
1	28	3928.3995
1	29	4024.1859
1	30	4123.2298
1	31	4225.5268
1	32	4331.072
1	33	4439.8605
1	34	4551.8872
1	35	4667.1469
1	36	4785.6342
1	37	4907.3436
1	38	5032.2694
1	39	5160.4057
1	40	5291.7465
1	41	5426.2857
1	42	5564.017
1	43	5704.9339
1	44	5849.0298
1	45	5996.2979
1	46	6146.7313
1	47	6300.3229
1	48	6457.0655
1	49	6616.9516
1	50	6779.9738
1	51	6946.1244
1	52	7115.3954
1	53	7287.7789
1	54	7463.2667
1	55	7641.8505
1	56	7823.5219
1	57	8008.2721
1	58	8196.0924
1	59	8386.9739
1	60	8580.9074
1	61	8777.8838
1	62	8977.8935
1	63	9180.9271
1	64	9386.9748
1	65	9596.0267
1	66	9808.0729
1	67	10023.103
1	68	10241.1068
1	69	10462.0737
1	70	10685.9932
1	71	10912.8542
1	72	11142.646
1	73	11375.3573
1	74	11610.9768
1	75	11849.4931
1	76	12090.8945
1	77	12335.1694
1	78	12582.3056
1	79	12832.2912
1	80	13085.1139
1	81	13340.7613
1	82	13599.2207
1	83	13860.4794
1	84	14124.5245
1	85	14391.343
1	86	14660.9216
1	87	14933.2469
1	88	15208.3053
1	89	15486.0831
1	90	15766.5663
1	91	16049.741
1	92	16335.5929
1	93	16624.1076
1	94	16915.2705
1	95	17209.0668
1	96	17505.4817
1	97	17804.5
1	98	18106.1065
1	99	18410.2857
1	100	18717.0221
1	101	19026.2998
1	102	19338.103
1	103	19652.4153
1	104	19969.2205
1	105	20288.5022
1	106	20610.2435
1	107	20934.4277
1	108	21261.0377
1	109	21590.0562
1	110	21921.4658
1	111	22255.2488
1	112	22591.3875
1	113	22929.8638
1	114	23270.6596
1	115	23613.7563
1	116	23959.1355
1	117	24306.7782
1	118	24656.6655
1	119	25008.7782
1	120	25363.0967
1	121	25719.6016
1	122	26078.2728
1	123	26439.0904
1	124	26802.0339
1	125	27167.083
1	126	27534.2168
1	127	27903.4143
1	128	28274.6544
1	129	28647.9155
1	130	29023.1759
1	131	29400.4137
1	132	29779.6067
1	133	30160.7325
1	134	30543.7682
1	135	30928.6909
1	136	31315.4773
1	137	31704.1039
1	138	32094.5469
1	139	32486.7821
1	140	32880.7851
1	141	33276.5312
1	142	33673.9953
1	143	34073.1521
1	144	34473.9759
1	145	34876.4408
1	146	35280.5202
1	147	35686.1875
1	148	36093.4156
1	149	36502.177
1	150	36912.4439
1	151	37324.1881
1	152	37737.3807
1	153	38151.9928
1	154	38567.9948
1	155	38985.3567
1	156	39404.048
1	157	39824.0378
1	158	40245.2945
1	159	40667.7861
1	160	41091.4802
1	161	41516.3435
1	162	41942.3423
1	163	42369.4423
1	164	42797.6084
1	165	43226.8049
1	166	43656.9953
1	167	44088.1426
1	168	44520.2088
1	169	44953.1549
1	170	45386.9414
1	171	45821.5277
1	172	46256.872
1	173	46692.932
1	174	47129.6637
1	175	47567.0223
1	176	48004.9617
1	177	48443.4343
1	178	48882.3914
1	179	49321.7824
1	180	49761.5553
1	181	50201.6564
1	182	50642.0299
1	183	51082.6179
1	184	51523.3605
1	185	51964.1953
1	186	52405.0569
1	187	52845.8775
1	188	53286.5856
1	189	53727.1064
1	190	54167.3609
1	191	54607.2658
1	192	55046.7325
1	193	55485.6671
1	194	55923.9689
1	195	56361.5296
1	196	56798.2325
1	197	57233.9505
1	198	57668.5442
1	199	58101.8598
1	200	58533.7254
1	201	58963.9467
1	202	59392.3007
1	203	59818.5264
1	204	60242.3103
1	205	60663.2617
1	206	61080.8655
1	207	61494.3835
1	208	61902.668
1	209	62304.0168
1	210	62696.8992
1	211	63080.0868
2	0	4268.3117
2	1	4271.5973
2	2	4278.1685
2	3	4288.0249
2	4	4301.1661
2	5	4317.5913
2	6	4337.2999
2	7	4360.291
2	8	4386.5634
2	9	4416.1158
2	10	4448.947
2	11	4485.0554
2	12	4524.4392
2	13	4567.0967
2	14	4613.0257
2	15	4662.2241
2	16	4714.6897
2	17	4770.4199
2	18	4829.4121
2	19	4891.6635
2	20	4957.1713
2	21	5025.9322
2	22	5097.943
2	23	5173.2004
2	24	5251.7007
2	25	5333.4403
2	26	5418.4153
2	27	5506.6217
2	28	5598.0552
2	29	5692.7116
2	30	5790.5864
2	31	5891.6749
2	32	5995.9723
2	33	6103.4737
2	34	6214.174
2	35	6328.0678
2	36	6445.1498
2	37	6565.4145
2	38	6688.8559
2	39	6815.4684
2	40	6945.2458
2	41	7078.1819
2	42	7214.2704
2	43	7353.5048
2	44	7495.8784
2	45	7641.3844
2	46	7790.0158
2	47	7941.7654
2	48	8096.6261
2	49	8254.5903
2	50	8415.6504
2	51	8579.7986
2	52	8747.0271
2	53	8917.3278
2	54	9090.6925
2	55	9267.1127
2	56	9446.5798
2	57	9629.0853
2	58	9814.6203
2	59	10003.1756
2	60	10194.7422
2	61	10389.3107
2	62	10586.8716
2	63	10787.4152
2	64	10990.9318
2	65	11197.4113
2	66	11406.8437
2	67	11619.2185
2	68	11834.5255
2	69	12052.7539
2	70	12273.893
2	71	12497.9318
2	72	12724.8593
2	73	12954.6641
2	74	13187.3349
2	75	13422.8601
2	76	13661.2278
2	77	13902.4263
2	78	14146.4434
2	79	14393.2668
2	80	14642.8842
2	81	14895.283
2	82	15150.4504
2	83	15408.3735
2	84	15669.0393
2	85	15932.4345
2	86	16198.5456
2	87	16467.3591
2	88	16738.8613
2	89	17013.0381
2	90	17289.8755
2	91	17569.3593
2	92	17851.4749
2	93	18136.2077
2	94	18423.543
2	95	18713.4657
2	96	19005.9607
2	97	19301.0126
2	98	19598.606
2	99	19898.7251
2	100	20201.354
2	101	20506.4767
2	102	20814.0769
2	103	21124.1382
2	104	21436.6439
2	105	21751.5772
2	106	22068.921
2	107	22388.6583
2	108	22710.7715
2	109	23035.2431
2	110	23362.0552
2	111	23691.1898
2	112	24022.6288
2	113	24356.3537
2	114	24692.3458
2	115	25030.5864
2	116	25371.0564
2	117	25713.7364
2	118	26058.607
2	119	26405.6485
2	120	26754.841
2	121	27106.1642
2	122	27459.5977
2	123	27815.121
2	124	28172.7131
2	125	28532.3528
2	126	28894.0189
2	127	29257.6896
2	128	29623.3431
2	129	29990.9573
2	130	30360.5096
2	131	30731.9775
2	132	31105.3379
2	133	31480.5675
2	134	31857.6429
2	135	32236.5401
2	136	32617.235
2	137	32999.7032
2	138	33383.9198
2	139	33769.8598
2	140	34157.4976
2	141	34546.8075
2	142	34937.7634
2	143	35330.3386
2	144	35724.5064
2	145	36120.2394
2	146	36517.5099
2	147	36916.2899
2	148	37316.5508
2	149	37718.2637
2	150	38121.3992
2	151	38525.9273
2	152	38931.8177
2	153	39339.0395
2	154	39747.5613
2	155	40157.3512
2	156	40568.3765
2	157	40980.6042
2	158	41394.0006
2	159	41808.5312
2	160	42224.1609
2	161	42640.8541
2	162	43058.5741
2	163	43477.2837
2	164	43896.9447
2	165	44317.5181
2	166	44738.964
2	167	45161.2416
2	168	45584.3089
2	169	46008.123
2	170	46432.6396
2	171	46857.8136
2	172	47283.5981
2	173	47709.9451
2	174	48136.8051
2	175	48564.1269
2	176	48991.8575
2	177	49419.9423
2	178	49848.3244
2	179	50276.9449
2	180	50705.7424
2	181	51134.6528
2	182	51563.6094
2	183	51992.542
2	184	52421.3773
2	185	52850.0378
2	186	53278.4417
2	187	53706.5025
2	188	54134.1279
2	189	54561.2197
2	190	54987.672
2	191	55413.371
2	192	55838.1929
2	193	56262.0024
2	194	56684.6505
2	195	57105.9713
2	196	57525.7782
2	197	57943.8586
2	198	58359.9657
2	199	58773.8073
2	200	59185.0267
2	201	59593.1705
2	202	59997.6231
2	203	60397.4676
2	204	60791.2396
2	205	61176.8925
2	206	61553.2548
3	0	5924.2275
3	1	5927.474
3	2	5933.9666
3	3	5943.7052
3	4	5956.6893
3	5	5972.9182
3	6	5992.3912
3	7	6015.1074
3	8	6041.0655
3	9	6070.2645
3	10	6102.7029
3	11	6138.3792
3	12	6177.2916
3	13	6219.4382
3	14	6264.8171
3	15	6313.426
3	16	6365.2627
3	17	6420.3246
3	18	6478.6091
3	19	6540.1134
3	20	6604.8345
3	21	6672.7693
3	22	6743.9146
3	23	6818.2668
3	24	6895.8225
3	25	6976.5779
3	26	7060.5291
3	27	7147.672
3	28	7238.0024
3	29	7331.5161
3	30	7428.2083
3	31	7528.0745
3	32	7631.1099
3	33	7737.3094
3	34	7846.6679
3	35	7959.1801
3	36	8074.8405
3	37	8193.6435
3	38	8315.5833
3	39	8440.6541
3	40	8568.8496
3	41	8700.1638
3	42	8834.59
3	43	8972.1219
3	44	9112.7527
3	45	9256.4754
3	46	9403.2831
3	47	9553.1686
3	48	9706.1244
3	49	9862.1432
3	50	10021.2172
3	51	10183.3386
3	52	10348.4994
3	53	10516.6914
3	54	10687.9064
3	55	10862.1359
3	56	11039.3712
3	57	11219.6036
3	58	11402.8241
3	59	11589.0236
3	60	11778.1929
3	61	11970.3224
3	62	12165.4027
3	63	12363.4239
3	64	12564.3762
3	65	12768.2494
3	66	12975.0333
3	67	13184.7174
3	68	13397.2914
3	69	13612.7443
3	70	13831.0653
3	71	14052.2433
3	72	14276.2671
3	73	14503.1253
3	74	14732.8063
3	75	14965.2985
3	76	15200.5898
3	77	15438.6682
3	78	15679.5215
3	79	15923.1373
3	80	16169.503
3	81	16418.6058
3	82	16670.4328
3	83	16924.971
3	84	17182.207
3	85	17442.1274
3	86	17704.7187
3	87	17969.9669
3	88	18237.8582
3	89	18508.3784
3	90	18781.5131
3	91	19057.2478
3	92	19335.5679
3	93	19616.4585
3	94	19899.9045
3	95	20185.8906
3	96	20474.4015
3	97	20765.4216
3	98	21058.9349
3	99	21354.9256
3	100	21653.3774
3	101	21954.274
3	102	22257.5987
3	103	22563.3348
3	104	22871.4654
3	105	23181.9731
3	106	23494.8407
3	107	23810.0506
3	108	24127.5849
3	109	24447.4256
3	110	24769.5546
3	111	25093.9533
3	112	25420.6032
3	113	25749.4853
3	114	26080.5806
3	115	26413.8696
3	116	26749.333
3	117	27086.9507
3	118	27426.7029
3	119	27768.5693
3	120	28112.5292
3	121	28458.562
3	122	28806.6467
3	123	29156.7619
3	124	29508.8861
3	125	29862.9975
3	126	30219.074
3	127	30577.0932
3	128	30937.0325
3	129	31298.869
3	130	31662.5793
3	131	32028.14
3	132	32395.5273
3	133	32764.7168
3	134	33135.6842
3	135	33508.4046
3	136	33882.8528
3	137	34259.0033
3	138	34636.8302
3	139	35016.3072
3	140	35397.4076
3	141	35780.1046
3	142	36164.3705
3	143	36550.1774
3	144	36937.4972
3	145	37326.301
3	146	37716.5596
3	147	38108.2433
3	148	38501.3218
3	149	38895.7645
3	150	39291.5401
3	151	39688.6167
3	152	40086.9619
3	153	40486.5428
3	154	40887.3256
3	155	41289.276
3	156	41692.359
3	157	42096.5389
3	158	42501.7791
3	159	42908.0423
3	160	43315.2904
3	161	43723.4842
3	162	44132.5839
3	163	44542.5483
3	164	44953.3355
3	165	45364.9023
3	166	45777.2042
3	167	46190.1958
3	168	46603.83
3	169	47018.0585
3	170	47432.8311
3	171	47848.0963
3	172	48263.8006
3	173	48679.8887
3	174	49096.3031
3	175	49512.984
3	176	49929.869
3	177	50346.8933
3	178	50763.9887
3	179	51181.084
3	180	51598.1041
3	181	52014.97
3	182	52431.5979
3	183	52847.899
3	184	53263.7786
3	185	53679.1354
3	186	54093.8601
3	187	54507.835
3	188	54920.9315
3	189	55333.0087
3	190	55743.911
3	191	56153.4644
3	192	56561.4725
3	193	56967.71
3	194	57371.9146
3	195	57773.773
3	196	58172.9003
3	197	58568.8015
3	198	58960.7947
3	199	59347.8445
3	200	59728.2781
3	201	60099.8522
3	202	60461.6482
4	0	7550.2693
4	1	7553.476
4	2	7559.8893
4	3	7569.5087
4	4	7582.3339
4	5	7598.3643
4	6	7617.599
4	7	7640.0371
4	8	7665.6775
4	9	7694.519
4	10	7726.5601
4	11	7761.7992
4	12	7800.2348
4	13	7841.8648
4	14	7886.6872
4	15	7934.6998
4	16	7985.9004
4	17	8040.2863
4	18	8097.8549
4	19	8158.6033
4	20	8222.5287
4	21	8289.6278
4	22	8359.8974
4	23	8433.334
4	24	8509.934
4	25	8589.6936
4	26	8672.609
4	27	8758.6759
4	28	8847.8902
4	29	8940.2475
4	30	9035.7432
4	31	9134.3726
4	32	9236.1308
4	33	9341.0129
4	34	9449.0135
4	35	9560.1274
4	36	9674.349
4	37	9791.6727
4	38	9912.0927
4	39	10035.6029
4	40	10162.1973
4	41	10291.8695
4	42	10424.6131
4	43	10560.4213
4	44	10699.2876
4	45	10841.2049
4	46	10986.1661
4	47	11134.1639
4	48	11285.1909
4	49	11439.2396
4	50	11596.3022
4	51	11756.3708
4	52	11919.4373
4	53	12085.4935
4	54	12254.531
4	55	12426.5412
4	56	12601.5155
4	57	12779.4449
4	58	12960.3204
4	59	13144.1327
4	60	13330.8726
4	61	13520.5305
4	62	13713.0966
4	63	13908.5611
4	64	14106.914
4	65	14308.1451
4	66	14512.244
4	67	14719.2001
4	68	14929.0028
4	69	15141.6412
4	70	15357.1043
4	71	15575.3808
4	72	15796.4594
4	73	16020.3285
4	74	16246.9763
4	75	16476.3911
4	76	16708.5607
4	77	16943.473
4	78	17181.1154
4	79	17421.4754
4	80	17664.5402
4	81	17910.2969
4	82	18158.7324
4	83	18409.8333
4	84	18663.5863
4	85	18919.9776
4	86	19178.9933
4	87	19440.6196
4	88	19704.8421
4	89	19971.6464
4	90	20241.0181
4	91	20512.9423
4	92	20787.404
4	93	21064.3882
4	94	21343.8794
4	95	21625.8622
4	96	21910.3208
4	97	22197.2393
4	98	22486.6015
4	99	22778.3912
4	100	23072.5917
4	101	23369.1865
4	102	23668.1584
4	103	23969.4904
4	104	24273.1652
4	105	24579.165
4	106	24887.4722
4	107	25198.0688
4	108	25510.9364
4	109	25826.0566
4	110	26143.4108
4	111	26462.98
4	112	26784.745
4	113	27108.6866
4	114	27434.7849
4	115	27763.0203
4	116	28093.3724
4	117	28425.821
4	118	28760.3454
4	119	29096.9247
4	120	29435.5378
4	121	29776.1631
4	122	30118.779
4	123	30463.3634
4	124	30809.8941
4	125	31158.3485
4	126	31508.7036
4	127	31860.9364
4	128	32215.0231
4	129	32570.9402
4	130	32928.6632
4	131	33288.1678
4	132	33649.429
4	133	34012.4217
4	134	34377.1202
4	135	34743.4986
4	136	35111.5304
4	137	35481.1891
4	138	35852.4473
4	139	36225.2774
4	140	36599.6515
4	141	36975.5409
4	142	37352.9168
4	143	37731.7495
4	144	38112.0093
4	145	38493.6654
4	146	38876.687
4	147	39261.0422
4	148	39646.699
4	149	40033.6244
4	150	40421.785
4	151	40811.1466
4	152	41201.6743
4	153	41593.3324
4	154	41986.0846
4	155	42379.8937
4	156	42774.7214
4	157	43170.529
4	158	43567.2762
4	159	43964.9223
4	160	44363.4251
4	161	44762.7414
4	162	45162.8268
4	163	45563.6356
4	164	45965.1208
4	165	46367.2336
4	166	46769.9239
4	167	47173.1399
4	168	47576.8278
4	169	47980.9319
4	170	48385.3944
4	171	48790.1549
4	172	49195.1506
4	173	49600.316
4	174	50005.5823
4	175	50410.8773
4	176	50816.1252
4	177	51221.2457
4	178	51626.154
4	179	52030.7598
4	180	52434.9667
4	181	52838.6715
4	182	53241.7631
4	183	53644.1207
4	184	54045.6131
4	185	54446.0959
4	186	54845.4091
4	187	55243.3739
4	188	55639.7876
4	189	56034.4176
4	190	56426.9917
4	191	56817.1845
4	192	57204.5944
4	193	57588.7033
4	194	57968.7928
4	195	58343.764
4	196	58711.8276
4	197	59070.6155
4	198	59419.1981
5	0	9146.0873
5	1	9149.2538
5	2	9155.5867
5	3	9165.0856
5	4	9177.7501
5	5	9193.5795
5	6	9212.573
5	7	9234.7298
5	8	9260.0486
5	9	9288.5283
5	10	9320.1674
5	11	9354.9643
5	12	9392.9173
5	13	9434.0244
5	14	9478.2837
5	15	9525.6929
5	16	9576.2497
5	17	9629.9515
5	18	9686.7956
5	19	9746.7791
5	20	9809.8992
5	21	9876.1525
5	22	9945.5358
5	23	10018.0456
5	24	10093.6783
5	25	10172.43
5	26	10254.2968
5	27	10339.2746
5	28	10427.3591
5	29	10518.5458
5	30	10612.8302
5	31	10710.2074
5	32	10810.6727
5	33	10914.2208
5	34	11020.8466
5	35	11130.5447
5	36	11243.3095
5	37	11359.1353
5	38	11478.0161
5	39	11599.946
5	40	11724.9188
5	41	11852.9281
5	42	11983.9674
5	43	12118.0299
5	44	12255.1088
5	45	12395.1972
5	46	12538.2878
5	47	12684.3733
5	48	12833.4462
5	49	12985.4988
5	50	13140.5234
5	51	13298.5118
5	52	13459.456
5	53	13623.3476
5	54	13790.1782
5	55	13959.9391
5	56	14132.6214
5	57	14308.2162
5	58	14486.7144
5	59	14668.1066
5	60	14852.3833
5	61	15039.5349
5	62	15229.5515
5	63	15422.4232
5	64	15618.1397
5	65	15816.6909
5	66	16018.0661
5	67	16222.2547
5	68	16429.2458
5	69	16639.0284
5	70	16851.5914
5	71	17066.9233
5	72	17285.0127
5	73	17505.8477
5	74	17729.4166
5	75	17955.7071
5	76	18184.7072
5	77	18416.4043
5	78	18650.7859
5	79	18887.8391
5	80	19127.551
5	81	19369.9085
5	82	19614.8981
5	83	19862.5064
5	84	20112.7197
5	85	20365.5241
5	86	20620.9054
5	87	20878.8494
5	88	21139.3416
5	89	21402.3674
5	90	21667.9119
5	91	21935.9601
5	92	22206.4966
5	93	22479.5061
5	94	22754.9729
5	95	23032.8811
5	96	23313.2147
5	97	23595.9574
5	98	23881.0927
5	99	24168.6039
5	100	24458.4741
5	101	24750.6862
5	102	25045.2228
5	103	25342.0663
5	104	25641.1991
5	105	25942.603
5	106	26246.2598
5	107	26552.151
5	108	26860.2579
5	109	27170.5615
5	110	27483.0426
5	111	27797.6817
5	112	28114.4592
5	113	28433.355
5	114	28754.3489
5	115	29077.4205
5	116	29402.5489
5	117	29729.7131
5	118	30058.8918
5	119	30390.0633
5	120	30723.2058
5	121	31058.297
5	122	31395.3144
5	123	31734.2352
5	124	32075.0362
5	125	32417.694
5	126	32762.1848
5	127	33108.4843
5	128	33456.568
5	129	33806.4111
5	130	34157.9884
5	131	34511.2741
5	132	34866.2423
5	133	35222.8665
5	134	35581.1198
5	135	35940.975
5	136	36302.4043
5	137	36665.3794
5	138	37029.8717
5	139	37395.8521
5	140	37763.2907
5	141	38132.1574
5	142	38502.4213
5	143	38874.0511
5	144	39247.0148
5	145	39621.2798
5	146	39996.8129
5	147	40373.5799
5	148	40751.5464
5	149	41130.6768
5	150	41510.9349
5	151	41892.2838
5	152	42274.6854
5	153	42658.1009
5	154	43042.4905
5	155	43427.8133
5	156	43814.0273
5	157	44201.0896
5	158	44588.9556
5	159	44977.5798
5	160	45366.9151
5	161	45756.9129
5	162	46147.5229
5	163	46538.6934
5	164	46930.3704
5	165	47322.4982
5	166	47715.0187
5	167	48107.8715
5	168	48500.9934
5	169	48894.3188
5	170	49287.7783
5	171	49681.2996
5	172	50074.8062
5	173	50468.2174
5	174	50861.4476
5	175	51254.4058
5	176	51646.9948
5	177	52039.1104
5	178	52430.6401
5	179	52821.462
5	180	53211.4431
5	181	53600.4371
5	182	53988.2819
5	183	54374.7959
5	184	54759.7733
5	185	55142.9777
5	186	55524.1321
5	187	55902.9053
5	188	56278.8884
5	189	56651.5537
5	190	57020.1703
5	191	57383.6192
5	192	57740.0691
5	193	58087.0609
5	194	58423.6037
6	0	10711.3232
6	1	10714.449
6	2	10720.7005
6	3	10730.0774
6	4	10742.5792
6	5	10758.2052
6	6	10776.9546
6	7	10798.8266
6	8	10823.8199
6	9	10851.9333
6	10	10883.1653
6	11	10917.5145
6	12	10954.9789
6	13	10995.5567
6	14	11039.2459
6	15	11086.0441
6	16	11135.9491
6	17	11188.9582
6	18	11245.0687
6	19	11304.2777
6	20	11366.5823
6	21	11431.9792
6	22	11500.465
6	23	11572.0363
6	24	11646.6894
6	25	11724.4204
6	26	11805.2254
6	27	11889.1001
6	28	11976.0403
6	29	12066.0414
6	30	12159.0989
6	31	12255.2079
6	32	12354.3635
6	33	12456.5604
6	34	12561.7936
6	35	12670.0574
6	36	12781.3462
6	37	12895.6544
6	38	13012.9758
6	39	13133.3046
6	40	13256.6343
6	41	13382.9585
6	42	13512.2706
6	43	13644.5639
6	44	13779.8315
6	45	13918.0662
6	46	14059.2609
6	47	14203.408
6	48	14350.4999
6	49	14500.5291
6	50	14653.4874
6	51	14809.3668
6	52	14968.1591
6	53	15129.8559
6	54	15294.4485
6	55	15461.9282
6	56	15632.2861
6	57	15805.513
6	58	15981.5997
6	59	16160.5367
6	60	16342.3145
6	61	16526.9232
6	62	16714.3529
6	63	16904.5935
6	64	17097.6346
6	65	17293.4658
6	66	17492.0764
6	67	17693.4556
6	68	17897.5924
6	69	18104.4756
6	70	18314.0939
6	71	18526.4356
6	72	18741.4891
6	73	18959.2425
6	74	19179.6836
6	75	19402.8003
6	76	19628.58
6	77	19857.0102
6	78	20088.0779
6	79	20321.7703
6	80	20558.074
6	81	20796.9758
6	82	21038.4619
6	83	21282.5187
6	84	21529.1321
6	85	21778.2881
6	86	22029.9722
6	87	22284.1699
6	88	22540.8664
6	89	22800.0468
6	90	23061.6958
6	91	23325.7982
6	92	23592.3383
6	93	23861.3003
6	94	24132.6683
6	95	24406.426
6	96	24682.5569
6	97	24961.0445
6	98	25241.8718
6	99	25525.0217
6	100	25810.4769
6	101	26098.2198
6	102	26388.2327
6	103	26680.4974
6	104	26974.9958
6	105	27271.7092
6	106	27570.619
6	107	27871.7061
6	108	28174.9512
6	109	28480.3347
6	110	28787.837
6	111	29097.4378
6	112	29409.1169
6	113	29722.8537
6	114	30038.6271
6	115	30356.4161
6	116	30676.1991
6	117	30997.9542
6	118	31321.6595
6	119	31647.2924
6	120	31974.8303
6	121	32304.2499
6	122	32635.5279
6	123	32968.6406
6	124	33303.5637
6	125	33640.2727
6	126	33978.7429
6	127	34318.9489
6	128	34660.865
6	129	35004.4651
6	130	35349.7228
6	131	35696.6111
6	132	36045.1026
6	133	36395.1695
6	134	36746.7833
6	135	37099.9151
6	136	37454.5358
6	137	37810.6152
6	138	38168.1229
6	139	38527.0279
6	140	38887.2985
6	141	39248.9023
6	142	39611.8064
6	143	39975.9771
6	144	40341.38
6	145	40707.9799
6	146	41075.741
6	147	41444.6263
6	148	41814.5982
6	149	42185.6181
6	150	42557.6464
6	151	42930.6425
6	152	43304.5646
6	153	43679.3697
6	154	44055.0138
6	155	44431.4513
6	156	44808.6354
6	157	45186.5176
6	158	45565.0478
6	159	45944.1742
6	160	46323.8431
6	161	46703.9988
6	162	47084.5833
6	163	47465.5362
6	164	47846.7944
6	165	48228.2921
6	166	48609.9601
6	167	48991.7258
6	168	49373.5127
6	169	49755.2399
6	170	50136.8218
6	171	50518.1669
6	172	50899.1779
6	173	51279.7501
6	174	51659.7707
6	175	52039.1172
6	176	52417.6562
6	177	52795.2407
6	178	53171.7077
6	179	53546.8749
6	180	53920.5354
6	181	54292.4518
6	182	54662.346
6	183	55029.8857
6	184	55394.6613
6	185	55756.1455
6	186	56113.6115
6	187	56465.9517
6	188	56811.3457
6	189	57147.283
6	190	57472.6613
7	0	12245.6096
7	1	12248.6943
7	2	12254.8634
7	3	12264.1167
7	4	12276.4536
7	5	12291.8736
7	6	12310.3757
7	7	12331.9592
7	8	12356.6227
7	9	12384.3651
7	10	12415.1849
7	11	12449.0805
7	12	12486.0501
7	13	12526.0917
7	14	12569.2034
7	15	12615.3827
7	16	12664.6274
7	17	12716.9347
7	18	12772.3021
7	19	12830.7265
7	20	12892.2049
7	21	12956.7341
7	22	13024.3107
7	23	13094.9312
7	24	13168.5917
7	25	13245.2885
7	26	13325.0175
7	27	13407.7745
7	28	13493.5552
7	29	13582.3549
7	30	13674.1691
7	31	13768.9928
7	32	13866.821
7	33	13967.6485
7	34	14071.4701
7	35	14178.2801
7	36	14288.0729
7	37	14400.8427
7	38	14516.5834
7	39	14635.2888
7	40	14756.9527
7	41	14881.5685
7	42	15009.1295
7	43	15139.6288
7	44	15273.0596
7	45	15409.4146
7	46	15548.6864
7	47	15690.8675
7	48	15835.9503
7	49	15983.9269
7	50	16134.7892
7	51	16288.5292
7	52	16445.1383
7	53	16604.6081
7	54	16766.9299
7	55	16932.0948
7	56	17100.0936
7	57	17270.9173
7	58	17444.5564
7	59	17621.0013
7	60	17800.2423
7	61	17982.2695
7	62	18167.0726
7	63	18354.6416
7	64	18544.9658
7	65	18738.0346
7	66	18933.8373
7	67	19132.3628
7	68	19333.6
7	69	19537.5374
7	70	19744.1635
7	71	19953.4667
7	72	20165.4348
7	73	20380.056
7	74	20597.3178
7	75	20817.2077
7	76	21039.7132
7	77	21264.8212
7	78	21492.5188
7	79	21722.7927
7	80	21955.6295
7	81	22191.0154
7	82	22428.9367
7	83	22669.3792
7	84	22912.3287
7	85	23157.7709
7	86	23405.6909
7	87	23656.0739
7	88	23908.9048
7	89	24164.1684
7	90	24421.8491
7	91	24681.9312
7	92	24944.3986
7	93	25209.2354
7	94	25476.425
7	95	25745.9508
7	96	26017.796
7	97	26291.9435
7	98	26568.3759
7	99	26847.0757
7	100	27128.0251
7	101	27411.206
7	102	27696.6002
7	103	27984.1889
7	104	28273.9535
7	105	28565.8748
7	106	28859.9335
7	107	29156.1099
7	108	29454.3842
7	109	29754.7362
7	110	30057.1454
7	111	30361.591
7	112	30668.0519
7	113	30976.5068
7	114	31286.934
7	115	31599.3116
7	116	31913.617
7	117	32229.8278
7	118	32547.9208
7	119	32867.8727
7	120	33189.6598
7	121	33513.2579
7	122	33838.6427
7	123	34165.7892
7	124	34494.6721
7	125	34825.2658
7	126	35157.5441
7	127	35491.4804
7	128	35827.0478
7	129	36164.2188
7	130	36502.9653
7	131	36843.2589
7	132	37185.0706
7	133	37528.3707
7	134	37873.1293
7	135	38219.3155
7	136	38566.898
7	137	38915.8449
7	138	39266.1235
7	139	39617.7005
7	140	39970.5418
7	141	40324.6126
7	142	40679.8773
7	143	41036.2993
7	144	41393.8413
7	145	41752.4651
7	146	42112.1312
7	147	42472.7994
7	148	42834.4282
7	149	43196.975
7	150	43560.3959
7	151	43924.6457
7	152	44289.6777
7	153	44655.4437
7	154	45021.8941
7	155	45388.9771
7	156	45756.6393
7	157	46124.8253
7	158	46493.4772
7	159	46862.5349
7	160	47231.9356
7	161	47601.6135
7	162	47971.4998
7	163	48341.5219
7	164	48711.6036
7	165	49081.6642
7	166	49451.6181
7	167	49821.3742
7	168	50190.8351
7	169	50559.8965
7	170	50928.4457
7	171	51296.3604
7	172	51663.5073
7	173	52029.7397
7	174	52394.8952
7	175	52758.7916
7	176	53121.2229
7	177	53481.9524
7	178	53840.7036
7	179	54197.1464
7	180	54550.875
7	181	54901.3692
7	182	55247.9169
7	183	55589.4415
7	184	55924.1723
7	185	56249.5744
7	186	56564.3915
8	0	13748.5692
8	1	13751.6121
8	2	13757.6977
8	3	13766.8257
8	4	13778.9956
8	5	13794.2068
8	6	13812.4584
8	7	13833.7494
8	8	13858.0788
8	9	13885.4452
8	10	13915.8472
8	11	13949.2831
8	12	13985.7511
8	13	14025.2494
8	14	14067.7756
8	15	14113.3277
8	16	14161.9031
8	17	14213.4992
8	18	14268.1133
8	19	14325.7424
8	20	14386.3834
8	21	14450.0331
8	22	14516.688
8	23	14586.3445
8	24	14658.9989
8	25	14734.6472
8	26	14813.2854
8	27	14894.9092
8	28	14979.5142
8	29	15067.0958
8	30	15157.6492
8	31	15251.1696
8	32	15347.6519
8	33	15447.0907
8	34	15549.4807
8	35	15654.8164
8	36	15763.0918
8	37	15874.3013
8	38	15988.4385
8	39	16105.4974
8	40	16225.4714
8	41	16348.354
8	42	16474.1384
8	43	16602.8177
8	44	16734.3847
8	45	16868.8323
8	46	17006.1529
8	47	17146.3389
8	48	17289.3825
8	49	17435.2759
8	50	17584.0107
8	51	17735.5788
8	52	17889.9717
8	53	18047.1806
8	54	18207.1967
8	55	18370.0111
8	56	18535.6145
8	57	18703.9975
8	58	18875.1507
8	59	19049.0643
8	60	19225.7283
8	61	19405.1328
8	62	19587.2674
8	63	19772.1216
8	64	19959.6849
8	65	20149.9464
8	66	20342.8951
8	67	20538.5198
8	68	20736.8091
8	69	20937.7515
8	70	21141.3352
8	71	21347.5483
8	72	21556.3785
8	73	21767.8136
8	74	21981.8411
8	75	22198.4481
8	76	22417.6218
8	77	22639.349
8	78	22863.6165
8	79	23090.4106
8	80	23319.7176
8	81	23551.5236
8	82	23785.8145
8	83	24022.5758
8	84	24261.793
8	85	24503.4514
8	86	24747.5358
8	87	24994.031
8	88	25242.9217
8	89	25494.1921
8	90	25747.8264
8	91	26003.8083
8	92	26262.1216
8	93	26522.7496
8	94	26785.6755
8	95	27050.8822
8	96	27318.3524
8	97	27588.0685
8	98	27860.0127
8	99	28134.1669
8	100	28410.5127
8	101	28689.0315
8	102	28969.7045
8	103	29252.5125
8	104	29537.436
8	105	29824.4553
8	106	30113.5505
8	107	30404.7011
8	108	30697.8867
8	109	30993.0862
8	110	31290.2784
8	111	31589.4418
8	112	31890.5544
8	113	32193.5941
8	114	32498.5383
8	115	32805.364
8	116	33114.048
8	117	33424.5665
8	118	33736.8956
8	119	34051.0107
8	120	34366.8871
8	121	34684.4994
8	122	35003.8219
8	123	35324.8286
8	124	35647.4928
8	125	35971.7874
8	126	36297.6848
8	127	36625.1569
8	128	36954.1752
8	129	37284.7105
8	130	37616.733
8	131	37950.2125
8	132	38285.1179
8	133	38621.4177
8	134	38959.0797
8	135	39298.0709
8	136	39638.3576
8	137	39979.9054
8	138	40322.679
8	139	40666.6423
8	140	41011.7583
8	141	41357.9891
8	142	41705.2957
8	143	42053.6382
8	144	42402.9754
8	145	42753.2652
8	146	43104.4639
8	147	43456.5268
8	148	43809.4075
8	149	44163.0582
8	150	44517.4295
8	151	44872.4702
8	152	45228.1271
8	153	45584.3451
8	154	45941.0669
8	155	46298.2325
8	156	46655.7796
8	157	47013.6428
8	158	47371.7536
8	159	47730.0399
8	160	48088.4258
8	161	48446.831
8	162	48805.1704
8	163	49163.3534
8	164	49521.2832
8	165	49878.8559
8	166	50235.9594
8	167	50592.4722
8	168	50948.2618
8	169	51303.1824
8	170	51657.0726
8	171	52009.7518
8	172	52361.0157
8	173	52710.6298
8	174	53058.3209
8	175	53403.7632
8	176	53746.5577
8	177	54086.1952
8	178	54421.9841
8	179	54752.8896
8	180	55077.2113
8	181	55392.4312
8	182	55697.0686
9	0	15219.8136
9	1	15222.8141
9	2	15228.8151
9	3	15237.8161
9	4	15249.8166
9	5	15264.816
9	6	15282.8135
9	7	15303.8082
9	8	15327.7987
9	9	15354.7838
9	10	15384.7621
9	11	15417.7319
9	12	15453.6913
9	13	15492.6385
9	14	15534.5712
9	15	15579.4871
9	16	15627.3838
9	17	15678.2586
9	18	15732.1087
9	19	15788.9312
9	20	15848.7228
9	21	15911.4804
9	22	15977.2004
9	23	16045.8792
9	24	16117.513
9	25	16192.0978
9	26	16269.6294
9	27	16350.1036
9	28	16433.5159
9	29	16519.8617
9	30	16609.1361
9	31	16701.3341
9	32	16796.4506
9	33	16894.4803
9	34	16995.4177
9	35	17099.2572
9	36	17205.9928
9	37	17315.6187
9	38	17428.1285
9	39	17543.5161
9	40	17661.7748
9	41	17782.8981
9	42	17906.8789
9	43	18033.7103
9	44	18163.3852
9	45	18295.896
9	46	18431.2353
9	47	18569.3953
9	48	18710.368
9	49	18854.1455
9	50	19000.7195
9	51	19150.0815
9	52	19302.2228
9	53	19457.1348
9	54	19614.8083
9	55	19775.2344
9	56	19938.4035
9	57	20104.3062
9	58	20272.9328
9	59	20444.2733
9	60	20618.3178
9	61	20795.0559
9	62	20974.4772
9	63	21156.571
9	64	21341.3266
9	65	21528.7328
9	66	21718.7785
9	67	21911.4523
9	68	22106.7426
9	69	22304.6375
9	70	22505.1252
9	71	22708.1933
9	72	22913.8295
9	73	23122.0212
9	74	23332.7556
9	75	23546.0198
9	76	23761.8004
9	77	23980.0841
9	78	24200.8572
9	79	24424.106
9	80	24649.8163
9	81	24877.9739
9	82	25108.5643
9	83	25341.5728
9	84	25576.9844
9	85	25814.784
9	86	26054.9562
9	87	26297.4854
9	88	26542.3557
9	89	26789.551
9	90	27039.0549
9	91	27290.851
9	92	27544.9223
9	93	27801.2519
9	94	28059.8222
9	95	28320.6159
9	96	28583.6149
9	97	28848.8012
9	98	29116.1564
9	99	29385.6618
9	100	29657.2985
9	101	29931.0472
9	102	30206.8883
9	103	30484.802
9	104	30764.7683
9	105	31046.7666
9	106	31330.7762
9	107	31616.7759
9	108	31904.7445
9	109	32194.66
9	110	32486.5004
9	111	32780.2432
9	112	33075.8656
9	113	33373.3443
9	114	33672.6558
9	115	33973.7761
9	116	34276.6807
9	117	34581.3449
9	118	34887.7434
9	119	35195.8504
9	120	35505.6398
9	121	35817.0851
9	122	36130.1589
9	123	36444.8337
9	124	36761.0813
9	125	37078.873
9	126	37398.1794
9	127	37718.9708
9	128	38041.2165
9	129	38364.8854
9	130	38689.9458
9	131	39016.3649
9	132	39344.1097
9	133	39673.1461
9	134	40003.4392
9	135	40334.9534
9	136	40667.652
9	137	41001.4976
9	138	41336.4516
9	139	41672.4746
9	140	42009.5258
9	141	42347.5633
9	142	42686.5442
9	143	43026.4239
9	144	43367.1567
9	145	43708.695
9	146	44050.99
9	147	44393.9909
9	148	44737.6449
9	149	45081.8975
9	150	45426.6916
9	151	45771.968
9	152	46117.6646
9	153	46463.7168
9	154	46810.0563
9	155	47156.6119
9	156	47503.3081
9	157	47850.0652
9	158	48196.7988
9	159	48543.4189
9	160	48889.8296
9	161	49235.9278
9	162	49581.6023
9	163	49926.7327
9	164	50271.1876
9	165	50614.8228
9	166	50957.4785
9	167	51298.976
9	168	51639.1136
9	169	51977.6601
9	170	52314.3462
9	171	52648.8522
9	172	52980.7871
9	173	53309.6551
9	174	53634.7875
9	175	53955.1947
9	176	54269.2583
9	177	54574.5069
9	178	54869.2488
10	0	16658.9429
10	1	16661.9004
10	2	16667.8155
10	3	16676.6876
10	4	16688.5163
10	5	16703.3009
10	6	16721.0406
10	7	16741.7344
10	8	16765.3811
10	9	16791.9795
10	10	16821.5278
10	11	16854.0246
10	12	16889.468
10	13	16927.856
10	14	16969.1863
10	15	17013.4567
10	16	17060.6647
10	17	17110.8075
10	18	17163.8824
10	19	17219.8863
10	20	17278.816
10	21	17340.6682
10	22	17405.4393
10	23	17473.1258
10	24	17543.7236
10	25	17617.2289
10	26	17693.6374
10	27	17772.9446
10	28	17855.1462
10	29	17940.2374
10	30	18028.2132
10	31	18119.0687
10	32	18212.7986
10	33	18309.3976
10	34	18408.86
10	35	18511.1801
10	36	18616.352
10	37	18724.3696
10	38	18835.2267
10	39	18948.9168
10	40	19065.4333
10	41	19184.7693
10	42	19306.918
10	43	19431.8722
10	44	19559.6245
10	45	19690.1676
10	46	19823.4936
10	47	19959.5947
10	48	20098.4629
10	49	20240.09
10	50	20384.4675
10	51	20531.587
10	52	20681.4395
10	53	20834.0162
10	54	20989.3079
10	55	21147.3053
10	56	21307.9989
10	57	21471.379
10	58	21637.4357
10	59	21806.1589
10	60	21977.5384
10	61	22151.5637
10	62	22328.2241
10	63	22507.5088
10	64	22689.4067
10	65	22873.9066
10	66	23060.9971
10	67	23250.6666
10	68	23442.903
10	69	23637.6946
10	70	23835.0289
10	71	24034.8935
10	72	24237.2757
10	73	24442.1628
10	74	24649.5415
10	75	24859.3986
10	76	25071.7205
10	77	25286.4936
10	78	25503.7038
10	79	25723.337
10	80	25945.3788
10	81	26169.8145
10	82	26396.6293
10	83	26625.808
10	84	26857.3354
10	85	27091.1958
10	86	27327.3735
10	87	27565.8523
10	88	27806.616
10	89	28049.648
10	90	28294.9314
10	91	28542.4492
10	92	28792.184
10	93	29044.1182
10	94	29298.2339
10	95	29554.513
10	96	29812.9369
10	97	30073.487
10	98	30336.1441
10	99	30600.889
10	100	30867.702
10	101	31136.5632
10	102	31407.4522
10	103	31680.3484
10	104	31955.231
10	105	32232.0786
10	106	32510.8696
10	107	32791.582
10	108	33074.1934
10	109	33358.6812
10	110	33645.0222
10	111	33933.1928
10	112	34223.1692
10	113	34514.927
10	114	34808.4414
10	115	35103.6871
10	116	35400.6385
10	117	35699.2693
10	118	35999.553
10	119	36301.4623
10	120	36604.9695
10	121	36910.0464
10	122	37216.664
10	123	37524.7931
10	124	37834.4034
10	125	38145.4644
10	126	38457.9446
10	127	38771.8121
10	128	39087.0339
10	129	39403.5765
10	130	39721.4056
10	131	40040.4859
10	132	40360.7814
10	133	40682.2549
10	134	41004.8684
10	135	41328.5828
10	136	41653.358
10	137	41979.1526
10	138	42305.9239
10	139	42633.628
10	140	42962.2196
10	141	43291.6518
10	142	43621.876
10	143	43952.8421
10	144	44284.4979
10	145	44616.7891
10	146	44949.6596
10	147	45283.0504
10	148	45616.9003
10	149	45951.145
10	150	46285.7171
10	151	46620.5459
10	152	46955.5567
10	153	47290.6705
10	154	47625.8038
10	155	47960.8675
10	156	48295.7664
10	157	48630.3986
10	158	48964.654
10	159	49298.4137
10	160	49631.5476
10	161	49963.9132
10	162	50295.3527
10	163	50625.69
10	164	50954.7262
10	165	51282.2338
10	166	51607.9483
10	167	51931.5564
10	168	52252.6761
10	169	52570.8253
10	170	52885.3585
10	171	53195.3307
10	172	53499.205
10	173	53794.5826
10	174	54079.5637
11	0	18065.5442
11	1	18068.4582
11	2	18074.286
11	3	18083.0273
11	4	18094.6815
11	5	18109.2481
11	6	18126.7261
11	7	18147.1145
11	8	18170.4121
11	9	18196.6177
11	10	18225.7296
11	11	18257.7462
11	12	18292.6656
11	13	18330.4858
11	14	18371.2045
11	15	18414.8195
11	16	18461.3281
11	17	18510.7277
11	18	18563.0153
11	19	18618.1879
11	20	18676.2422
11	21	18737.175
11	22	18800.9825
11	23	18867.6611
11	24	18937.2069
11	25	19009.6157
11	26	19084.8833
11	27	19163.0052
11	28	19243.9769
11	29	19327.7935
11	30	19414.4502
11	31	19503.9418
11	32	19596.2629
11	33	19691.4081
11	34	19789.3718
11	35	19890.148
11	36	19993.7309
11	37	20100.1141
11	38	20209.2914
11	39	20321.2561
11	40	20436.0017
11	41	20553.521
11	42	20673.8072
11	43	20796.8529
11	44	20922.6506
11	45	21051.1927
11	46	21182.4715
11	47	21316.4788
11	48	21453.2066
11	49	21592.6465
11	50	21734.7898
11	51	21879.628
11	52	22027.1519
11	53	22177.3526
11	54	22330.2206
11	55	22485.7465
11	56	22643.9207
11	57	22804.7331
11	58	22968.1737
11	59	23134.2323
11	60	23302.8984
11	61	23474.1612
11	62	23648.0099
11	63	23824.4334
11	64	24003.4205
11	65	24184.9596
11	66	24369.039
11	67	24555.6469
11	68	24744.7711
11	69	24936.3994
11	70	25130.5191
11	71	25327.1175
11	72	25526.1816
11	73	25727.6983
11	74	25931.6541
11	75	26138.0354
11	76	26346.8283
11	77	26558.0187
11	78	26771.5923
11	79	26987.5346
11	80	27205.8306
11	81	27426.4655
11	82	27649.4238
11	83	27874.69
11	84	28102.2485
11	85	28332.083
11	86	28564.1774
11	87	28798.515
11	88	29035.0791
11	89	29273.8524
11	90	29514.8177
11	91	29757.9573
11	92	30003.2533
11	93	30250.6873
11	94	30500.241
11	95	30751.8954
11	96	31005.6314
11	97	31261.4295
11	98	31519.2701
11	99	31779.1329
11	100	32040.9975
11	101	32304.8433
11	102	32570.6489
11	103	32838.393
11	104	33108.0537
11	105	33379.6088
11	106	33653.0355
11	107	33928.3109
11	108	34205.4116
11	109	34484.3136
11	110	34764.9928
11	111	35047.4242
11	112	35331.5828
11	113	35617.4429
11	114	35904.9782
11	115	36194.162
11	116	36484.9672
11	117	36777.3659
11	118	37071.3298
11	119	37366.83
11	120	37663.8368
11	121	37962.3202
11	122	38262.2491
11	123	38563.5921
11	124	38866.3168
11	125	39170.3901
11	126	39475.7782
11	127	39782.4464
11	128	40090.3589
11	129	40399.4793
11	130	40709.77
11	131	41021.1925
11	132	41333.7071
11	133	41647.2729
11	134	41961.8479
11	135	42277.3885
11	136	42593.8501
11	137	42911.1862
11	138	43229.349
11	139	43548.2888
11	140	43867.9539
11	141	44188.2909
11	142	44509.244
11	143	44830.755
11	144	45152.7633
11	145	45475.2054
11	146	45798.0146
11	147	46121.1208
11	148	46444.4502
11	149	46767.9247
11	150	47091.4617
11	151	47414.9729
11	152	47738.3645
11	153	48061.5355
11	154	48384.3774
11	155	48706.7723
11	156	49028.5921
11	157	49349.6961
11	158	49669.9287
11	159	49989.1164
11	160	50307.0634
11	161	50623.5462
11	162	50938.3053
11	163	51251.0338
11	164	51561.3588
11	165	51868.8116
11	166	52172.7684
11	167	52472.3247
11	168	52766.0192
11	169	53051.5336
11	170	53326.8195
12	0	19439.1912
12	1	19442.0609
12	2	19447.8001
12	3	19456.4084
12	4	19467.8854
12	5	19482.2304
12	6	19499.4425
12	7	19519.5207
12	8	19542.4637
12	9	19568.2702
12	10	19596.9387
12	11	19628.4674
12	12	19662.8544
12	13	19700.0977
12	14	19740.195
12	15	19783.144
12	16	19828.942
12	17	19877.5863
12	18	19929.0739
12	19	19983.4017
12	20	20040.5666
12	21	20100.5649
12	22	20163.3931
12	23	20229.0474
12	24	20297.5238
12	25	20368.8181
12	26	20442.9261
12	27	20519.8431
12	28	20599.5646
12	29	20682.0856
12	30	20767.4012
12	31	20855.506
12	32	20946.3948
12	33	21040.0618
12	34	21136.5015
12	35	21235.7078
12	36	21337.6746
12	37	21442.3956
12	38	21549.8644
12	39	21660.0742
12	40	21773.0183
12	41	21888.6896
12	42	22007.0808
12	43	22128.1847
12	44	22251.9935
12	45	22378.4996
12	46	22507.6949
12	47	22639.5713
12	48	22774.1204
12	49	22911.3338
12	50	23051.2027
12	51	23193.7182
12	52	23338.8711
12	53	23486.6522
12	54	23637.0519
12	55	23790.0606
12	56	23945.6683
12	57	24103.8649
12	58	24264.6402
12	59	24427.9836
12	60	24593.8844
12	61	24762.3317
12	62	24933.3144
12	63	25106.8211
12	64	25282.8403
12	65	25461.3601
12	66	25642.3687
12	67	25825.8539
12	68	26011.8031
12	69	26200.2039
12	70	26391.0432
12	71	26584.3081
12	72	26779.9852
12	73	26978.061
12	74	27178.5217
12	75	27381.3532
12	76	27586.5414
12	77	27794.0717
12	78	28003.9293
12	79	28216.0993
12	80	28430.5665
12	81	28647.3152
12	82	28866.3299
12	83	29087.5943
12	84	29311.0923
12	85	29536.8072
12	86	29764.7223
12	87	29994.8203
12	88	30227.084
12	89	30461.4955
12	90	30698.0368
12	91	30936.6898
12	92	31177.4357
12	93	31420.2555
12	94	31665.1302
12	95	31912.04
12	96	32160.9651
12	97	32411.8852
12	98	32664.7797
12	99	32919.6275
12	100	33176.4075
12	101	33435.0978
12	102	33695.6762
12	103	33958.1204
12	104	34222.4074
12	105	34488.5138
12	106	34756.4158
12	107	35026.0892
12	108	35297.5093
12	109	35570.651
12	110	35845.4885
12	111	36121.9956
12	112	36400.1456
12	113	36679.9114
12	114	36961.2649
12	115	37244.1778
12	116	37528.6211
12	117	37814.565
12	118	38101.9792
12	119	38390.8326
12	120	38681.0934
12	121	38972.7291
12	122	39265.7063
12	123	39559.9908
12	124	39855.5475
12	125	40152.3404
12	126	40450.3325
12	127	40749.4858
12	128	41049.7611
12	129	41351.1181
12	130	41653.5153
12	131	41956.91
12	132	42261.2577
12	133	42566.5128
12	134	42872.628
12	135	43179.5541
12	136	43487.2403
12	137	43795.6336
12	138	44104.679
12	139	44414.319
12	140	44724.4936
12	141	45035.1401
12	142	45346.1926
12	143	45657.5818
12	144	45969.2348
12	145	46281.0745
12	146	46593.019
12	147	46904.9813
12	148	47216.8686
12	149	47528.5813
12	150	47840.0121
12	151	48151.0448
12	152	48461.5529
12	153	48771.3977
12	154	49080.4259
12	155	49388.4666
12	156	49695.3272
12	157	50000.7881
12	158	50304.5946
12	159	50606.4462
12	160	50905.9786
12	161	51202.7351
12	162	51496.1116
12	163	51785.2382
12	164	52068.7188
12	165	52344.3131
12	166	52609.8915
13	0	20779.4422
13	1	20782.2668
13	2	20787.9159
13	3	20796.3891
13	4	20807.686
13	5	20821.8057
13	6	20838.7474
13	7	20858.5101
13	8	20881.0926
13	9	20906.4934
13	10	20934.711
13	11	20965.7437
13	12	20999.5894
13	13	21036.2461
13	14	21075.7116
13	15	21117.9833
13	16	21163.0587
13	17	21210.935
13	18	21261.6091
13	19	21315.0779
13	20	21371.338
13	21	21430.3861
13	22	21492.2183
13	23	21556.8307
13	24	21624.2194
13	25	21694.3802
13	26	21767.3085
13	27	21842.9998
13	28	21921.4494
13	29	22002.6523
13	30	22086.6034
13	31	22173.2973
13	32	22262.7285
13	33	22354.8915
13	34	22449.7802
13	35	22547.3887
13	36	22647.7108
13	37	22750.7399
13	38	22856.4696
13	39	22964.8929
13	40	23076.003
13	41	23189.7927
13	42	23306.2545
13	43	23425.381
13	44	23547.1644
13	45	23671.5968
13	46	23798.67
13	47	23928.3757
13	48	24060.7055
13	49	24195.6505
13	50	24333.2018
13	51	24473.3504
13	52	24616.087
13	53	24761.4019
13	54	24909.2856
13	55	25059.728
13	56	25212.7191
13	57	25368.2484
13	58	25526.3055
13	59	25686.8796
13	60	25849.9597
13	61	26015.5346
13	62	26183.593
13	63	26354.1231
13	64	26527.1131
13	65	26702.5511
13	66	26880.4246
13	67	27060.7212
13	68	27243.428
13	69	27428.5322
13	70	27616.0205
13	71	27805.8795
13	72	27998.0954
13	73	28192.6543
13	74	28389.5419
13	75	28588.744
13	76	28790.2457
13	77	28994.0322
13	78	29200.0881
13	79	29408.3981
13	80	29618.9463
13	81	29831.7168
13	82	30046.6932
13	83	30263.859
13	84	30483.1973
13	85	30704.691
13	86	30928.3225
13	87	31154.0741
13	88	31381.9277
13	89	31611.8649
13	90	31843.867
13	91	32077.915
13	92	32313.9895
13	93	32552.0707
13	94	32792.1386
13	95	33034.1727
13	96	33278.1522
13	97	33524.0559
13	98	33771.8622
13	99	34021.5491
13	100	34273.0943
13	101	34526.4749
13	102	34781.6676
13	103	35038.6488
13	104	35297.3942
13	105	35557.8792
13	106	35820.0786
13	107	36083.9669
13	108	36349.5178
13	109	36616.7045
13	110	36885.4998
13	111	37155.8758
13	112	37427.8038
13	113	37701.2549
13	114	37976.199
13	115	38252.6058
13	116	38530.444
13	117	38809.6815
13	118	39090.2855
13	119	39372.2224
13	120	39655.4577
13	121	39939.9558
13	122	40225.6804
13	123	40512.5939
13	124	40800.6579
13	125	41089.8326
13	126	41380.077
13	127	41671.3489
13	128	41963.6048
13	129	42256.7994
13	130	42550.886
13	131	42845.8163
13	132	43141.54
13	133	43438.0047
13	134	43735.1563
13	135	44032.9379
13	136	44331.2903
13	137	44630.1515
13	138	44929.4564
13	139	45229.1368
13	140	45529.1204
13	141	45829.3311
13	142	46129.6882
13	143	46430.1057
13	144	46730.4919
13	145	47030.7485
13	146	47330.7696
13	147	47630.4406
13	148	47929.6367
13	149	48228.2211
13	150	48526.0428
13	151	48822.9334
13	152	49118.7035
13	153	49413.1371
13	154	49705.984
13	155	49996.9495
13	156	50285.6769
13	157	50571.7202
13	158	50854.4916
13	159	51133.1492
13	160	51406.3483
13	161	51671.9205
13	162	51927.7351
14	0	22085.8392
14	1	22088.618
14	2	22094.1754
14	3	22102.5112
14	4	22113.6247
14	5	22127.5152
14	6	22144.1819
14	7	22163.6237
14	8	22185.8393
14	9	22210.8273
14	10	22238.5861
14	11	22269.114
14	12	22302.4089
14	13	22338.4687
14	14	22377.2912
14	15	22418.8738
14	16	22463.2138
14	17	22510.3085
14	18	22560.1546
14	19	22612.7491
14	20	22668.0885
14	21	22726.1693
14	22	22786.9876
14	23	22850.5396
14	24	22916.8211
14	25	22985.8279
14	26	23057.5553
14	27	23131.9987
14	28	23209.1534
14	29	23289.0141
14	30	23371.5757
14	31	23456.8329
14	32	23544.7798
14	33	23635.4109
14	34	23728.72
14	35	23824.701
14	36	23923.3476
14	37	24024.6532
14	38	24128.6111
14	39	24235.2142
14	40	24344.4556
14	41	24456.3278
14	42	24570.8234
14	43	24687.9345
14	44	24807.6534
14	45	24929.9719
14	46	25054.8817
14	47	25182.3742
14	48	25312.4408
14	49	25445.0725
14	50	25580.2603
14	51	25717.9947
14	52	25858.2662
14	53	26001.0652
14	54	26146.3815
14	55	26294.2052
14	56	26444.5257
14	57	26597.3324
14	58	26752.6146
14	59	26910.3612
14	60	27070.561
14	61	27233.2023
14	62	27398.2736
14	63	27565.7629
14	64	27735.658
14	65	27907.9465
14	66	28082.6157
14	67	28259.6528
14	68	28439.0447
14	69	28620.7778
14	70	28804.8387
14	71	28991.2135
14	72	29179.888
14	73	29370.8478
14	74	29564.0783
14	75	29759.5645
14	76	29957.2913
14	77	30157.2433
14	78	30359.4046
14	79	30563.7592
14	80	30770.2908
14	81	30978.9829
14	82	31189.8184
14	83	31402.7802
14	84	31617.8508
14	85	31835.0123
14	86	32054.2465
14	87	32275.535
14	88	32498.8588
14	89	32724.1989
14	90	32951.5356
14	91	33180.8491
14	92	33412.1192
14	93	33645.325
14	94	33880.4457
14	95	34117.4598
14	96	34356.3454
14	97	34597.0802
14	98	34839.6415
14	99	35084.0061
14	100	35330.1505
14	101	35578.0504
14	102	35827.6814
14	103	36079.0182
14	104	36332.0353
14	105	36586.7064
14	106	36843.0048
14	107	37100.9031
14	108	37360.3733
14	109	37621.3869
14	110	37883.9146
14	111	38147.9263
14	112	38413.3914
14	113	38680.2785
14	114	38948.5553
14	115	39218.1886
14	116	39489.1446
14	117	39761.3884
14	118	40034.8841
14	119	40309.5948
14	120	40585.4825
14	121	40862.5082
14	122	41140.6315
14	123	41419.8109
14	124	41700.0032
14	125	41981.1639
14	126	42263.2472
14	127	42546.2051
14	128	42829.9882
14	129	43114.5448
14	130	43399.8213
14	131	43685.7619
14	132	43972.3079
14	133	44259.3981
14	134	44546.9685
14	135	44834.9514
14	136	45123.2757
14	137	45411.8661
14	138	45700.643
14	139	45989.5215
14	140	46278.411
14	141	46567.2146
14	142	46855.8276
14	143	47144.137
14	144	47432.0196
14	145	47719.3406
14	146	48005.9509
14	147	48291.6848
14	148	48576.3554
14	149	48859.7502
14	150	49141.6231
14	151	49421.6842
14	152	49699.5834
14	153	49974.8833
14	154	50247.0085
14	155	50515.1374
14	156	50777.9606
14	157	51033.367
15	0	23357.9064
15	1	23360.6386
15	2	23366.1027
15	3	23374.2985
15	4	23385.2253
15	5	23398.8824
15	6	23415.269
15	7	23434.3839
15	8	23456.226
15	9	23480.7936
15	10	23508.0852
15	11	23538.099
15	12	23570.833
15	13	23606.285
15	14	23644.4526
15	15	23685.3333
15	16	23728.9243
15	17	23775.2228
15	18	23824.2257
15	19	23875.9296
15	20	23930.331
15	21	23987.4264
15	22	24047.2119
15	23	24109.6835
15	24	24174.837
15	25	24242.6679
15	26	24313.1716
15	27	24386.3435
15	28	24462.1785
15	29	24540.6714
15	30	24621.817
15	31	24705.6097
15	32	24792.0437
15	33	24881.1132
15	34	24972.812
15	35	25067.1338
15	36	25164.0722
15	37	25263.6203
15	38	25365.7713
15	39	25470.5182
15	40	25577.8536
15	41	25687.77
15	42	25800.2597
15	43	25915.3149
15	44	26032.9274
15	45	26153.0888
15	46	26275.7908
15	47	26401.0246
15	48	26528.7811
15	49	26659.0514
15	50	26791.826
15	51	26927.0954
15	52	27064.8497
15	53	27205.079
15	54	27347.773
15	55	27492.9213
15	56	27640.5132
15	57	27790.5378
15	58	27942.9841
15	59	28097.8405
15	60	28255.0956
15	61	28414.7375
15	62	28576.7542
15	63	28741.1333
15	64	28907.8623
15	65	29076.9284
15	66	29248.3186
15	67	29422.0195
15	68	29598.0177
15	69	29776.2992
15	70	29956.85
15	71	30139.6558
15	72	30324.702
15	73	30511.9735
15	74	30701.4554
15	75	30893.1321
15	76	31086.9879
15	77	31283.0066
15	78	31481.1721
15	79	31681.4675
15	80	31883.8761
15	81	32088.3804
15	82	32294.9629
15	83	32503.6056
15	84	32714.2902
15	85	32926.9982
15	86	33141.7105
15	87	33358.4078
15	88	33577.0705
15	89	33797.6783
15	90	34020.2108
15	91	34244.6472
15	92	34470.9661
15	93	34699.1457
15	94	34929.164
15	95	35160.9984
15	96	35394.6257
15	97	35630.0224
15	98	35867.1644
15	99	36106.0272
15	100	36346.5858
15	101	36588.8144
15	102	36832.6869
15	103	37078.1764
15	104	37325.2556
15	105	37573.8965
15	106	37824.0702
15	107	38075.7475
15	108	38328.8982
15	109	38583.4914
15	110	38839.4955
15	111	39096.8778
15	112	39355.6052
15	113	39615.6432
15	114	39876.9567
15	115	40139.5093
15	116	40403.2637
15	117	40668.1814
15	118	40934.2227
15	119	41201.3466
15	120	41469.5107
15	121	41738.6712
15	122	42008.7828
15	123	42279.7982
15	124	42551.6688
15	125	42824.3436
15	126	43097.7697
15	127	43371.8919
15	128	43646.6525
15	129	43921.9912
15	130	44197.8444
15	131	44474.1457
15	132	44750.8246
15	133	45027.807
15	134	45305.0141
15	135	45582.3622
15	136	45859.7619
15	137	46137.1172
15	138	46414.325
15	139	46691.2737
15	140	46967.8416
15	141	47243.8955
15	142	47519.2884
15	143	47793.8566
15	144	48067.4159
15	145	48339.7564
15	146	48610.6354
15	147	48879.7672
15	148	49146.8064
15	149	49411.322
15	150	49672.7467
15	151	49930.2703
15	152	50182.601
15	153	50427.6633
15	154	50663.4331
16	0	24595.1487
16	1	24597.8333
16	2	24603.2023
16	3	24611.2553
16	4	24621.9919
16	5	24635.4112
16	6	24651.5123
16	7	24670.2941
16	8	24691.7553
16	9	24715.8945
16	10	24742.7099
16	11	24772.1997
16	12	24804.3619
16	13	24839.1943
16	14	24876.6943
16	15	24916.8595
16	16	24959.687
16	17	25005.1739
16	18	25053.3169
16	19	25104.1128
16	20	25157.5579
16	21	25213.6486
16	22	25272.3809
16	23	25333.7508
16	24	25397.7538
16	25	25464.3856
16	26	25533.6413
16	27	25605.5162
16	28	25680.0051
16	29	25757.1028
16	30	25836.8038
16	31	25919.1024
16	32	26003.9928
16	33	26091.4689
16	34	26181.5245
16	35	26274.153
16	36	26369.3479
16	37	26467.1022
16	38	26567.4089
16	39	26670.2607
16	40	26775.6502
16	41	26883.5696
16	42	26994.011
16	43	27106.9664
16	44	27222.4275
16	45	27340.3856
16	46	27460.8321
16	47	27583.758
16	48	27709.1541
16	49	27837.011
16	50	27967.3192
16	51	28100.0687
16	52	28235.2495
16	53	28372.8513
16	54	28512.8636
16	55	28655.2756
16	56	28800.0763
16	57	28947.2546
16	58	29096.7989
16	59	29248.6974
16	60	29402.9384
16	61	29559.5095
16	62	29718.3984
16	63	29879.5922
16	64	30043.0781
16	65	30208.8428
16	66	30376.8728
16	67	30547.1544
16	68	30719.6734
16	69	30894.4157
16	70	31071.3666
16	71	31250.5112
16	72	31431.8344
16	73	31615.3206
16	74	31800.9542
16	75	31988.719
16	76	32178.5987
16	77	32370.5766
16	78	32564.6355
16	79	32760.7582
16	80	32958.9269
16	81	33159.1237
16	82	33361.33
16	83	33565.5271
16	84	33771.6959
16	85	33979.8168
16	86	34189.87
16	87	34401.8351
16	88	34615.6913
16	89	34831.4175
16	90	35048.9922
16	91	35268.3933
16	92	35489.5982
16	93	35712.5841
16	94	35937.3273
16	95	36163.804
16	96	36391.9896
16	97	36621.8591
16	98	36853.3868
16	99	37086.5465
16	100	37321.3114
16	101	37557.654
16	102	37795.5461
16	103	38034.9591
16	104	38275.8633
16	105	38518.2285
16	106	38762.0235
16	107	39007.2164
16	108	39253.7746
16	109	39501.6643
16	110	39750.8508
16	111	40001.2985
16	112	40252.9707
16	113	40505.8294
16	114	40759.8357
16	115	41014.9492
16	116	41271.128
16	117	41528.3292
16	118	41786.508
16	119	42045.618
16	120	42305.6109
16	121	42566.4368
16	122	42828.0433
16	123	43090.3761
16	124	43353.3783
16	125	43616.9901
16	126	43881.1491
16	127	44145.7894
16	128	44410.8418
16	129	44676.2327
16	130	44941.8846
16	131	45207.7146
16	132	45473.6343
16	133	45739.5492
16	134	46005.3571
16	135	46270.9477
16	136	46536.2008
16	137	46800.9848
16	138	47065.1543
16	139	47328.5473
16	140	47590.9816
16	141	47852.2497
16	142	48112.1114
16	143	48370.2837
16	144	48626.4245
16	145	48880.1061
16	146	49130.7645
16	147	49377.5906
16	148	49619.2898
16	149	49853.8041
16	150	50079.2429
17	0	25797.0492
17	1	25799.6853
17	2	25804.9573
17	3	25812.8648
17	4	25823.4072
17	5	25836.5838
17	6	25852.3937
17	7	25870.8357
17	8	25891.9084
17	9	25915.6105
17	10	25941.94
17	11	25970.8952
17	12	26002.474
17	13	26036.6741
17	14	26073.493
17	15	26112.9281
17	16	26154.9764
17	17	26199.635
17	18	26246.9006
17	19	26296.7698
17	20	26349.2389
17	21	26404.3041
17	22	26461.9615
17	23	26522.2067
17	24	26585.0354
17	25	26650.4429
17	26	26718.4245
17	27	26788.9752
17	28	26862.0897
17	29	26937.7626
17	30	27015.9884
17	31	27096.7611
17	32	27180.0749
17	33	27265.9235
17	34	27354.3004
17	35	27445.199
17	36	27538.6126
17	37	27634.5339
17	38	27732.9559
17	39	27833.8709
17	40	27937.2714
17	41	28043.1495
17	42	28151.4969
17	43	28262.3054
17	44	28375.5665
17	45	28491.2713
17	46	28609.4109
17	47	28729.976
17	48	28852.9572
17	49	28978.3448
17	50	29106.1289
17	51	29236.2994
17	52	29368.8458
17	53	29503.7577
17	54	29641.024
17	55	29780.6337
17	56	29922.5755
17	57	30066.8377
17	58	30213.4085
17	59	30362.2758
17	60	30513.4272
17	61	30666.8502
17	62	30822.5317
17	63	30980.4587
17	64	31140.6176
17	65	31302.9949
17	66	31467.5764
17	67	31634.3479
17	68	31803.2948
17	69	31974.4023
17	70	32147.6551
17	71	32323.0377
17	72	32500.5345
17	73	32680.1291
17	74	32861.8053
17	75	33045.5461
17	76	33231.3345
17	77	33419.1531
17	78	33608.9839
17	79	33800.8089
17	80	33994.6094
17	81	34190.3664
17	82	34388.0608
17	83	34587.6726
17	84	34789.1818
17	85	34992.5678
17	86	35197.8096
17	87	35404.8857
17	88	35613.7743
17	89	35824.4528
17	90	36036.8984
17	91	36251.0877
17	92	36466.9967
17	93	36684.6011
17	94	36903.8757
17	95	37124.7949
17	96	37347.3324
17	97	37571.4615
17	98	37797.1545
17	99	38024.3833
17	100	38253.1188
17	101	38483.3315
17	102	38714.9908
17	103	38948.0654
17	104	39182.5232
17	105	39418.331
17	106	39655.455
17	107	39893.8599
17	108	40133.5097
17	109	40374.3672
17	110	40616.394
17	111	40859.5502
17	112	41103.795
17	113	41349.0857
17	114	41595.3784
17	115	41842.6273
17	116	42090.785
17	117	42339.802
17	118	42589.6269
17	119	42840.2059
17	120	43091.4829
17	121	43343.3991
17	122	43595.8926
17	123	43848.8986
17	124	44102.3484
17	125	44356.1697
17	126	44610.2855
17	127	44864.6141
17	128	45119.068
17	129	45373.5537
17	130	45627.9702
17	131	45882.2083
17	132	46136.1489
17	133	46389.6616
17	134	46642.6025
17	135	46894.8109
17	136	47146.1062
17	137	47396.2823
17	138	47645.1005
17	139	47892.2792
17	140	48137.4776
17	141	48380.2677
17	142	48620.083
17	143	48856.103
17	144	49087.0071
17	145	49310.7374
17	146	49525.6368
18	0	26963.068
18	1	26965.6546
18	2	26970.8274
18	3	26978.5863
18	4	26988.9305
18	5	27001.8593
18	6	27017.3718
18	7	27035.4667
18	8	27056.1427
18	9	27079.3982
18	10	27105.2316
18	11	27133.6408
18	12	27164.6237
18	13	27198.178
18	14	27234.3011
18	15	27272.9904
18	16	27314.2428
18	17	27358.0553
18	18	27404.4245
18	19	27453.3469
18	20	27504.8188
18	21	27558.8362
18	22	27615.3951
18	23	27674.4911
18	24	27736.1197
18	25	27800.2761
18	26	27866.9554
18	27	27936.1525
18	28	28007.8621
18	29	28082.0785
18	30	28158.796
18	31	28238.0086
18	32	28319.7102
18	33	28403.8944
18	34	28490.5546
18	35	28579.6838
18	36	28671.2752
18	37	28765.3214
18	38	28861.8151
18	39	28960.7484
18	40	29062.1135
18	41	29165.9022
18	42	29272.1062
18	43	29380.7169
18	44	29491.7256
18	45	29605.123
18	46	29720.9
18	47	29839.0471
18	48	29959.5544
18	49	30082.412
18	50	30207.6097
18	51	30335.137
18	52	30464.9831
18	53	30597.137
18	54	30731.5876
18	55	30868.3234
18	56	31007.3325
18	57	31148.6029
18	58	31292.1225
18	59	31437.8786
18	60	31585.8583
18	61	31736.0487
18	62	31888.4362
18	63	32043.0073
18	64	32199.7478
18	65	32358.6436
18	66	32519.6801
18	67	32682.8423
18	68	32848.1151
18	69	33015.483
18	70	33184.93
18	71	33356.4401
18	72	33529.9967
18	73	33705.5828
18	74	33883.1814
18	75	34062.7747
18	76	34244.3448
18	77	34427.8734
18	78	34613.3417
18	79	34800.7306
18	80	34990.0205
18	81	35181.1914
18	82	35374.2229
18	83	35569.0942
18	84	35765.7838
18	85	35964.2701
18	86	36164.5306
18	87	36366.5426
18	88	36570.2828
18	89	36775.7272
18	90	36982.8514
18	91	37191.6303
18	92	37402.0384
18	93	37614.0494
18	94	37827.6362
18	95	38042.7714
18	96	38259.4264
18	97	38477.5724
18	98	38697.1794
18	99	38918.2166
18	100	39140.6526
18	101	39364.455
18	102	39589.5902
18	103	39816.0238
18	104	40043.7205
18	105	40272.6436
18	106	40502.7552
18	107	40734.0164
18	108	40966.3868
18	109	41199.8245
18	110	41434.286
18	111	41669.7265
18	112	41906.0991
18	113	42143.355
18	114	42381.4436
18	115	42620.3118
18	116	42859.9041
18	117	43100.1626
18	118	43341.0261
18	119	43582.4305
18	120	43824.308
18	121	44066.5871
18	122	44309.1916
18	123	44552.0406
18	124	44795.0476
18	125	45038.1198
18	126	45281.1573
18	127	45524.0516
18	128	45766.6849
18	129	46008.9275
18	130	46250.6364
18	131	46491.652
18	132	46731.7943
18	133	46970.8579
18	134	47208.6045
18	135	47444.7523
18	136	47678.9587
18	137	47910.7921
18	138	48139.6752
18	139	48364.761
18	140	48584.6746
18	141	48797.3567
18	142	49001.5153
19	0	28092.6392
19	1	28095.1751
19	2	28100.2467
19	3	28107.8536
19	4	28117.9951
19	5	28130.6706
19	6	28145.8789
19	7	28163.619
19	8	28183.8894
19	9	28206.6884
19	10	28232.0144
19	11	28259.8653
19	12	28290.2389
19	13	28323.1328
19	14	28358.5445
19	15	28396.471
19	16	28436.9094
19	17	28479.8565
19	18	28525.3089
19	19	28573.2629
19	20	28623.7147
19	21	28676.6604
19	22	28732.0955
19	23	28790.0157
19	24	28850.4164
19	25	28913.2927
19	26	28978.6394
19	27	29046.4513
19	28	29116.7229
19	29	29189.4485
19	30	29264.6221
19	31	29342.2376
19	32	29422.2887
19	33	29504.7687
19	34	29589.6708
19	35	29676.988
19	36	29766.7131
19	37	29858.8385
19	38	29953.3566
19	39	30050.2594
19	40	30149.5388
19	41	30251.1863
19	42	30355.1934
19	43	30461.5511
19	44	30570.2503
19	45	30681.2818
19	46	30794.6358
19	47	30910.3025
19	48	31028.2719
19	49	31148.5336
19	50	31271.077
19	51	31395.8912
19	52	31522.9651
19	53	31652.2873
19	54	31783.8461
19	55	31917.6297
19	56	32053.6257
19	57	32191.8218
19	58	32332.2051
19	59	32474.7625
19	60	32619.4807
19	61	32766.3461
19	62	32915.3447
19	63	33066.4621
19	64	33219.6838
19	65	33374.9949
19	66	33532.3802
19	67	33691.824
19	68	33853.3105
19	69	34016.8233
19	70	34182.3459
19	71	34349.8613
19	72	34519.352
19	73	34690.8003
19	74	34864.1882
19	75	35039.497
19	76	35216.7078
19	77	35395.8013
19	78	35576.7575
19	79	35759.5562
19	80	35944.1768
19	81	36130.5979
19	82	36318.7979
19	83	36508.7545
19	84	36700.4451
19	85	36893.8464
19	86	37088.9344
19	87	37285.6848
19	88	37484.0726
19	89	37684.072
19	90	37885.6567
19	91	38088.7997
19	92	38293.4734
19	93	38499.6491
19	94	38707.2977
19	95	38916.3891
19	96	39126.8923
19	97	39338.7755
19	98	39552.0059
19	99	39766.5498
19	100	39982.3722
19	101	40199.4373
19	102	40417.7078
19	103	40637.1453
19	104	40857.7101
19	105	41079.361
19	106	41302.0553
19	107	41525.7486
19	108	41750.3947
19	109	41975.9456
19	110	42202.3513
19	111	42429.5594
19	112	42657.5152
19	113	42886.1612
19	114	43115.4373
19	115	43345.2798
19	116	43575.6219
19	117	43806.3925
19	118	44037.5163
19	119	44268.9132
19	120	44500.4974
19	121	44732.1768
19	122	44963.8521
19	123	45195.4157
19	124	45426.7502
19	125	45657.7267
19	126	45888.2026
19	127	46118.0184
19	128	46346.9944
19	129	46574.9247
19	130	46801.5698
19	131	47026.6457
19	132	47249.8052
19	133	47470.6073
19	134	47688.4542
19	135	47902.4515
19	136	48111.1378
19	137	48312.4806
19	138	48505.6272
20	0	29185.1685
20	1	29187.6526
20	2	29192.6204
20	3	29200.0718
20	4	29210.0059
20	5	29222.422
20	6	29237.3191
20	7	29254.6959
20	8	29274.551
20	9	29296.8828
20	10	29321.6893
20	11	29348.9686
20	12	29378.7184
20	13	29410.9362
20	14	29445.6194
20	15	29482.7649
20	16	29522.3699
20	17	29564.4308
20	18	29608.9443
20	19	29655.9065
20	20	29705.3136
20	21	29757.1613
20	22	29811.4454
20	23	29868.1612
20	24	29927.3039
20	25	29988.8685
20	26	30052.8498
20	27	30119.2422
20	28	30188.0402
20	29	30259.2379
20	30	30332.829
20	31	30408.8073
20	32	30487.1661
20	33	30567.8987
20	34	30650.9981
20	35	30736.4569
20	36	30824.2677
20	37	30914.4228
20	38	31006.9141
20	39	31101.7335
20	40	31198.8724
20	41	31298.3223
20	42	31400.0741
20	43	31504.1187
20	44	31610.4466
20	45	31719.0481
20	46	31829.9133
20	47	31943.0319
20	48	32058.3935
20	49	32175.9872
20	50	32295.8021
20	51	32417.8269
20	52	32542.05
20	53	32668.4596
20	54	32797.0434
20	55	32927.7891
20	56	33060.684
20	57	33195.7149
20	58	33332.8686
20	59	33472.1313
20	60	33613.4892
20	61	33756.928
20	62	33902.4329
20	63	34049.9891
20	64	34199.5813
20	65	34351.1937
20	66	34504.8105
20	67	34660.4151
20	68	34817.9909
20	69	34977.5208
20	70	35138.9871
20	71	35302.372
20	72	35467.6572
20	73	35634.8237
20	74	35803.8526
20	75	35974.724
20	76	36147.4178
20	77	36321.9135
20	78	36498.19
20	79	36676.2256
20	80	36855.9983
20	81	37037.4853
20	82	37220.6635
20	83	37405.5089
20	84	37591.9973
20	85	37780.1034
20	86	37969.8016
20	87	38161.0655
20	88	38353.868
20	89	38548.1812
20	90	38743.9765
20	91	38941.2244
20	92	39139.8945
20	93	39339.9558
20	94	39541.3759
20	95	39744.1218
20	96	39948.1592
20	97	40153.4528
20	98	40359.966
20	99	40567.661
20	100	40776.4988
20	101	40986.4388
20	102	41197.4388
20	103	41409.4552
20	104	41622.4424
20	105	41836.3532
20	106	42051.1379
20	107	42266.745
20	108	42483.1204
20	109	42700.2073
20	110	42917.946
20	111	43136.2738
20	112	43355.1242
20	113	43574.4269
20	114	43794.1073
20	115	44014.0856
20	116	44234.2769
20	117	44454.5894
20	118	44674.9243
20	119	44895.1745
20	120	45115.2228
20	121	45334.9404
20	122	45554.1845
20	123	45772.7955
20	124	45990.5924
20	125	46207.3679
20	126	46422.8795
20	127	46636.8383
20	128	46848.8884
20	129	47058.5725
20	130	47265.2582
20	131	47467.9742
20	132	47665.1427
20	133	47854.8587
20	134	48036.3455
21	0	30240.0301
21	1	30242.461
21	2	30247.3226
21	3	30254.6145
21	4	30264.336
21	5	30276.4863
21	6	30291.0643
21	7	30308.0687
21	8	30327.4982
21	9	30349.3509
21	10	30373.625
21	11	30400.3184
21	12	30429.4287
21	13	30460.9533
21	14	30494.8895
21	15	30531.2343
21	16	30569.9846
21	17	30611.1368
21	18	30654.6874
21	19	30700.6325
21	20	30748.9681
21	21	30799.6897
21	22	30852.7931
21	23	30908.2732
21	24	30966.1253
21	25	31026.3442
21	26	31088.9243
21	27	31153.8601
21	28	31221.1457
21	29	31290.775
21	30	31362.7416
21	31	31437.039
21	32	31513.6604
21	33	31592.5987
21	34	31673.8466
21	35	31757.3966
21	36	31843.2409
21	37	31931.3715
21	38	32021.7802
21	39	32114.4583
21	40	32209.3972
21	41	32306.5877
21	42	32406.0206
21	43	32507.6864
21	44	32611.5752
21	45	32717.6769
21	46	32825.9811
21	47	32936.4772
21	48	33049.1543
21	49	33164.0011
21	50	33281.0063
21	51	33400.1579
21	52	33521.4438
21	53	33644.8518
21	54	33770.369
21	55	33897.9826
21	56	34027.679
21	57	34159.4448
21	58	34293.2658
21	59	34429.1278
21	60	34567.0161
21	61	34706.9157
21	62	34848.8111
21	63	34992.6868
21	64	35138.5264
21	65	35286.3135
21	66	35436.0313
21	67	35587.6623
21	68	35741.1889
21	69	35896.5929
21	70	36053.8557
21	71	36212.9584
21	72	36373.8813
21	73	36536.6045
21	74	36701.1075
21	75	36867.3694
21	76	37035.3686
21	77	37205.0831
21	78	37376.4902
21	79	37549.5668
21	80	37724.289
21	81	37900.6323
21	82	38078.5718
21	83	38258.0815
21	84	38439.135
21	85	38621.7051
21	86	38805.7637
21	87	38991.2819
21	88	39178.2302
21	89	39366.5777
21	90	39556.2931
21	91	39747.3438
21	92	39939.696
21	93	40133.3152
21	94	40328.1655
21	95	40524.2095
21	96	40721.4089
21	97	40919.7236
21	98	41119.1123
21	99	41319.5318
21	100	41520.9371
21	101	41723.2816
21	102	41926.5164
21	103	42130.5904
21	104	42335.45
21	105	42541.0393
21	106	42747.2989
21	107	42954.1667
21	108	43161.5768
21	109	43369.4594
21	110	43577.7403
21	111	43786.3403
21	112	43995.1745
21	113	44204.1517
21	114	44413.1733
21	115	44622.132
21	116	44830.9105
21	117	45039.3797
21	118	45247.396
21	119	45454.7984
21	120	45661.4039
21	121	45867.0017
21	122	46071.3445
21	123	46274.1347
21	124	46475.0027
21	125	46673.4645
21	126	46868.8317
21	127	47060.0156
21	128	47245.3108
21	129	47423.1737
22	0	31256.5631
22	1	31258.9395
22	2	31263.692
22	3	31270.8202
22	4	31280.3234
22	5	31292.2008
22	6	31306.4513
22	7	31323.0736
22	8	31342.0661
22	9	31363.4271
22	10	31387.1545
22	11	31413.2463
22	12	31441.6999
22	13	31472.5128
22	14	31505.6821
22	15	31541.2047
22	16	31579.0772
22	17	31619.2963
22	18	31661.8579
22	19	31706.7583
22	20	31753.9932
22	21	31803.5581
22	22	31855.4483
22	23	31909.6589
22	24	31966.1849
22	25	32025.0207
22	26	32086.1608
22	27	32149.5994
22	28	32215.3303
22	29	32283.3471
22	30	32353.6434
22	31	32426.2123
22	32	32501.0467
22	33	32578.1393
22	34	32657.4825
22	35	32739.0685
22	36	32822.8892
22	37	32908.9362
22	38	32997.2009
22	39	33087.6745
22	40	33180.3478
22	41	33275.2114
22	42	33372.2556
22	43	33471.4704
22	44	33572.8455
22	45	33676.3705
22	46	33782.0345
22	47	33889.8263
22	48	33999.7345
22	49	34111.7474
22	50	34225.853
22	51	34342.0388
22	52	34460.2923
22	53	34580.6003
22	54	34702.9496
22	55	34827.3264
22	56	34953.7168
22	57	35082.1064
22	58	35212.4804
22	59	35344.8237
22	60	35479.1208
22	61	35615.3559
22	62	35753.5127
22	63	35893.5744
22	64	36035.5241
22	65	36179.3442
22	66	36325.0167
22	67	36472.5232
22	68	36621.8449
22	69	36772.9624
22	70	36925.8558
22	71	37080.5047
22	72	37236.8884
22	73	37394.9853
22	74	37554.7735
22	75	37716.2303
22	76	37879.3326
22	77	38044.0566
22	78	38210.3776
22	79	38378.2707
22	80	38547.7099
22	81	38718.6685
22	82	38891.1192
22	83	39065.0337
22	84	39240.3829
22	85	39417.1368
22	86	39595.2645
22	87	39774.7341
22	88	39955.5124
22	89	40137.5655
22	90	40320.858
22	91	40505.3533
22	92	40691.0135
22	93	40877.7993
22	94	41065.6696
22	95	41254.5821
22	96	41444.4925
22	97	41635.3543
22	98	41827.1195
22	99	42019.7374
22	100	42213.1551
22	101	42407.3168
22	102	42602.164
22	103	42797.6348
22	104	42993.6639
22	105	43190.1816
22	106	43387.1142
22	107	43584.3825
22	108	43781.902
22	109	43979.5813
22	110	44177.3217
22	111	44375.0154
22	112	44572.5446
22	113	44769.779
22	114	44966.5733
22	115	45162.7642
22	116	45358.165
22	117	45552.5597
22	118	45745.6927
22	119	45937.2537
22	120	46126.8509
22	121	46313.9582
22	122	46497.7973
22	123	46677.1112
22	124	46850.1327
22	125	47016.0601
23	0	32234.0676
23	1	32236.3879
23	2	32241.0282
23	3	32247.9882
23	4	32257.267
23	5	32268.8639
23	6	32282.7777
23	7	32299.0069
23	8	32317.5501
23	9	32338.4054
23	10	32361.5708
23	11	32387.0439
23	12	32414.8223
23	13	32444.9032
23	14	32477.2837
23	15	32511.9605
23	16	32548.9303
23	17	32588.1892
23	18	32629.7336
23	19	32673.5591
23	20	32719.6613
23	21	32768.0358
23	22	32818.6776
23	23	32871.5816
23	24	32926.7425
23	25	32984.1546
23	26	33043.8121
23	27	33105.7089
23	28	33169.8387
23	29	33236.1949
23	30	33304.7706
23	31	33375.5587
23	32	33448.5518
23	33	33523.7423
23	34	33601.1223
23	35	33680.6837
23	36	33762.4178
23	37	33846.3161
23	38	33932.3696
23	39	34020.5689
23	40	34110.9046
23	41	34203.3666
23	42	34297.945
23	43	34394.6291
23	44	34493.4084
23	45	34594.2717
23	46	34697.2077
23	47	34802.2046
23	48	34909.2504
23	49	35018.3329
23	50	35129.4393
23	51	35242.5566
23	52	35357.6715
23	53	35474.7702
23	54	35593.8386
23	55	35714.8623
23	56	35837.8265
23	57	35962.7159
23	58	36089.5148
23	59	36218.2074
23	60	36348.777
23	61	36481.2069
23	62	36615.4797
23	63	36751.5777
23	64	36889.4826
23	65	37029.1756
23	66	37170.6376
23	67	37313.8489
23	68	37458.7891
23	69	37605.4375
23	70	37753.7726
23	71	37903.7726
23	72	38055.4149
23	73	38208.6762
23	74	38363.5327
23	75	38519.9598
23	76	38677.9322
23	77	38837.424
23	78	38998.4083
23	79	39160.8575
23	80	39324.7431
23	81	39490.0357
23	82	39656.7049
23	83	39824.7195
23	84	39994.047
23	85	40164.6539
23	86	40336.5053
23	87	40509.5654
23	88	40683.7968
23	89	40859.1606
23	90	41035.6165
23	91	41213.1226
23	92	41391.6349
23	93	41571.1079
23	94	41751.4937
23	95	41932.7421
23	96	42114.8008
23	97	42297.6143
23	98	42481.1245
23	99	42665.2697
23	100	42849.9849
23	101	43035.2007
23	102	43220.8434
23	103	43406.8338
23	104	43593.0871
23	105	43779.5117
23	106	43966.0081
23	107	44152.4678
23	108	44338.7716
23	109	44524.7871
23	110	44710.3665
23	111	44895.3424
23	112	45079.5228
23	113	45262.6835
23	114	45444.5568
23	115	45624.8125
23	116	45803.0245
23	117	45978.5982
23	118	46150.612
23	119	46317.604
23	120	46478.0301
24	0	33171.7998
24	1	33174.0623
24	2	33178.5872
24	3	33185.3738
24	4	33194.4216
24	5	33205.7295
24	6	33219.2964
24	7	33235.1208
24	8	33253.2012
24	9	33273.5356
24	10	33296.1219
24	11	33320.9577
24	12	33348.0404
24	13	33377.3672
24	14	33408.9349
24	15	33442.7402
24	16	33478.7795
24	17	33517.0491
24	18	33557.5448
24	19	33600.2623
24	20	33645.1971
24	21	33692.3443
24	22	33741.6988
24	23	33793.2553
24	24	33847.0083
24	25	33902.9519
24	26	33961.08
24	27	34021.3862
24	28	34083.8638
24	29	34148.5061
24	30	34215.3058
24	31	34284.2555
24	32	34355.3475
24	33	34428.5737
24	34	34503.9259
24	35	34581.3955
24	36	34660.9737
24	37	34742.6513
24	38	34826.419
24	39	34912.2668
24	40	35000.1848
24	41	35090.1627
24	42	35182.1896
24	43	35276.2547
24	44	35372.3467
24	45	35470.4538
24	46	35570.564
24	47	35672.6651
24	48	35776.7443
24	49	35882.7886
24	50	35990.7846
24	51	36100.7184
24	52	36212.576
24	53	36326.3427
24	54	36442.0036
24	55	36559.5433
24	56	36678.9461
24	57	36800.1956
24	58	36923.2752
24	59	37048.1679
24	60	37174.856
24	61	37303.3213
24	62	37433.5455
24	63	37565.5093
24	64	37699.1931
24	65	37834.5768
24	66	37971.6396
24	67	38110.3602
24	68	38250.7166
24	69	38392.6863
24	70	38536.2459
24	71	38681.3716
24	72	38828.0387
24	73	38976.2218
24	74	39125.8947
24	75	39277.0303
24	76	39429.6008
24	77	39583.5773
24	78	39738.9301
24	79	39895.6284
24	80	40053.6404
24	81	40212.9331
24	82	40373.4722
24	83	40535.2225
24	84	40698.1469
24	85	40862.2073
24	86	41027.3637
24	87	41193.5748
24	88	41360.7971
24	89	41528.9853
24	90	41698.0921
24	91	41868.0677
24	92	42038.8599
24	93	42210.4138
24	94	42382.6713
24	95	42555.5711
24	96	42729.0479
24	97	42903.0326
24	98	43077.451
24	99	43252.2239
24	100	43427.2658
24	101	43602.4843
24	102	43777.7788
24	103	43953.0391
24	104	44128.1439
24	105	44302.9578
24	106	44477.3288
24	107	44651.0838
24	108	44824.0225
24	109	44995.9088
24	110	45166.4566
24	111	45335.3055
24	112	45501.9736
24	113	45665.751
24	114	45825.5
24	115	45979.6414
24	116	46127.4991
25	0	34068.9666
25	1	34071.1695
25	2	34075.5751
25	3	34082.1829
25	4	34090.9921
25	5	34102.0018
25	6	34115.2108
25	7	34130.6175
25	8	34148.2202
25	9	34168.0169
25	10	34190.0055
25	11	34214.1834
25	12	34240.5479
25	13	34269.096
25	14	34299.8245
25	15	34332.7299
25	16	34367.8085
25	17	34405.0563
25	18	34444.4689
25	19	34486.0419
25	20	34529.7705
25	21	34575.6496
25	22	34623.674
25	23	34673.8381
25	24	34726.1359
25	25	34780.5614
25	26	34837.1082
25	27	34895.7696
25	28	34956.5386
25	29	35019.4081
25	30	35084.3704
25	31	35151.4178
25	32	35220.5421
25	33	35291.735
25	34	35364.9876
25	35	35440.2911
25	36	35517.6361
25	37	35597.0129
25	38	35678.4116
25	39	35761.8219
25	40	35847.2332
25	41	35934.6345
25	42	36024.0145
25	43	36115.3617
25	44	36208.6639
25	45	36303.9089
25	46	36401.0839
25	47	36500.1759
25	48	36601.1712
25	49	36704.0562
25	50	36808.8164
25	51	36915.4371
25	52	37023.9034
25	53	37134.1995
25	54	37246.3094
25	55	37360.2168
25	56	37475.9047
25	57	37593.3556
25	58	37712.5516
25	59	37833.4744
25	60	37956.1048
25	61	38080.4233
25	62	38206.41
25	63	38334.0439
25	64	38463.3039
25	65	38594.168
25	66	38726.6135
25	67	38860.617
25	68	38996.1547
25	69	39133.2015
25	70	39271.732
25	71	39411.7197
25	72	39553.1373
25	73	39695.9566
25	74	39840.1483
25	75	39985.6822
25	76	40132.5271
25	77	40280.6505
25	78	40430.0187
25	79	40580.5967
25	80	40732.3484
25	81	40885.2357
25	82	41039.2194
25	83	41194.2583
25	84	41350.3094
25	85	41507.328
25	86	41665.2667
25	87	41824.0764
25	88	41983.7048
25	89	42144.0972
25	90	42305.1956
25	91	42466.9386
25	92	42629.2609
25	93	42792.0928
25	94	42955.3599
25	95	43118.9822
25	96	43282.8732
25	97	43446.939
25	98	43611.0773
25	99	43775.1755
25	100	43939.1088
25	101	44102.7376
25	102	44265.9036
25	103	44428.4254
25	104	44590.0906
25	105	44750.6453
25	106	44909.7751
25	107	45067.0709
25	108	45221.9544
25	109	45373.5205
25	110	45520.3845
25	111	45661.3532
26	0	34924.7186
26	1	34926.8599
26	2	34931.1422
26	3	34937.5651
26	4	34946.1276
26	5	34956.8289
26	6	34969.6675
26	7	34984.6421
26	8	35001.7506
26	9	35020.9912
26	10	35042.3613
26	11	35065.8586
26	12	35091.4799
26	13	35119.2224
26	14	35149.0824
26	15	35181.0565
26	16	35215.1406
26	17	35251.3306
26	18	35289.622
26	19	35330.01
26	20	35372.4896
26	21	35417.0554
26	22	35463.702
26	23	35512.4235
26	24	35563.2136
26	25	35616.066
26	26	35670.9738
26	27	35727.9301
26	28	35786.9276
26	29	35847.9585
26	30	35911.015
26	31	35976.0887
26	32	36043.1712
26	33	36112.2535
26	34	36183.3264
26	35	36256.3804
26	36	36331.4056
26	37	36408.3918
26	38	36487.3284
26	39	36568.2045
26	40	36651.0089
26	41	36735.7298
26	42	36822.3553
26	43	36910.8729
26	44	37001.27
26	45	37093.5333
26	46	37187.6492
26	47	37283.6037
26	48	37381.3824
26	49	37480.9704
26	50	37582.3524
26	51	37685.5125
26	52	37790.4345
26	53	37897.1017
26	54	38005.4968
26	55	38115.602
26	56	38227.3989
26	57	38340.8687
26	58	38455.9919
26	59	38572.7484
26	60	38691.1176
26	61	38811.078
26	62	38932.6078
26	63	39055.6841
26	64	39180.2835
26	65	39306.3818
26	66	39433.9541
26	67	39562.9743
26	68	39693.4158
26	69	39825.251
26	70	39958.451
26	71	40092.9864
26	72	40228.8262
26	73	40365.9386
26	74	40504.2904
26	75	40643.847
26	76	40784.5726
26	77	40926.4297
26	78	41069.3794
26	79	41213.3809
26	80	41358.3915
26	81	41504.3666
26	82	41651.2593
26	83	41799.0202
26	84	41947.5975
26	85	42096.9362
26	86	42246.9782
26	87	42397.6619
26	88	42548.9214
26	89	42700.6866
26	90	42852.882
26	91	43005.4263
26	92	43158.2317
26	93	43311.2021
26	94	43464.2324
26	95	43617.2064
26	96	43769.9944
26	97	43922.4504
26	98	44074.4073
26	99	44225.6714
26	100	44376.0122
26	101	44525.1483
26	102	44672.7197
26	103	44818.2309
26	104	44960.9277
26	105	45099.6234
26	106	45233.0043
26	107	45360.8999
27	0	35738.143
27	1	35740.2204
27	2	35744.3748
27	3	35750.6059
27	4	35758.9126
27	5	35769.2941
27	6	35781.7488
27	7	35796.2751
27	8	35812.8713
27	9	35831.5349
27	10	35852.2637
27	11	35875.0549
27	12	35899.9054
27	13	35926.8119
27	14	35955.7709
27	15	35986.7786
27	16	36019.8307
27	17	36054.9228
27	18	36092.0502
27	19	36131.2079
27	20	36172.3906
27	21	36215.5927
27	22	36260.8083
27	23	36308.0311
27	24	36357.2547
27	25	36408.4722
27	26	36461.6765
27	27	36516.8601
27	28	36574.0153
27	29	36633.134
27	30	36694.2077
27	31	36757.2276
27	32	36822.1847
27	33	36889.0696
27	34	36957.8723
27	35	37028.5828
27	36	37101.1905
27	37	37175.6846
27	38	37252.0536
27	39	37330.2861
27	40	37410.3699
27	41	37492.2926
27	42	37576.0413
27	43	37661.6026
27	44	37748.9629
27	45	37838.108
27	46	37929.0233
27	47	38021.6936
27	48	38116.1034
27	49	38212.2366
27	50	38310.0765
27	51	38409.6062
27	52	38510.8078
27	53	38613.6632
27	54	38718.1535
27	55	38824.2593
27	56	38931.9605
27	57	39041.2365
27	58	39152.0658
27	59	39264.4264
27	60	39378.2952
27	61	39493.6489
27	62	39610.4628
27	63	39728.7117
27	64	39848.3694
27	65	39969.4088
27	66	40091.8018
27	67	40215.519
27	68	40340.5304
27	69	40466.8042
27	70	40594.3079
27	71	40723.0074
27	72	40852.867
27	73	40983.8498
27	74	41115.9169
27	75	41249.028
27	76	41383.1406
27	77	41518.21
27	78	41654.1896
27	79	41791.0299
27	80	41928.6789
27	81	42067.0813
27	82	42206.1788
27	83	42345.9089
27	84	42486.2052
27	85	42626.9963
27	86	42768.2054
27	87	42909.7494
27	88	43051.5379
27	89	43193.4719
27	90	43335.4422
27	91	43477.3274
27	92	43618.9908
27	93	43760.277
27	94	43901.0059
27	95	44040.9649
27	96	44179.8959
27	97	44317.4719
27	98	44453.2499
27	99	44586.5674
27	100	44716.3791
27	101	44841.4165
27	102	44961.4946
28	0	36508.2531
28	1	36510.264
28	2	36514.2856
28	3	36520.3172
28	4	36528.358
28	5	36538.4068
28	6	36550.4622
28	7	36564.5225
28	8	36580.5856
28	9	36598.6493
28	10	36618.7109
28	11	36640.7675
28	12	36664.816
28	13	36690.8528
28	14	36718.8741
28	15	36748.8759
28	16	36780.8538
28	17	36814.803
28	18	36850.7185
28	19	36888.5951
28	20	36928.427
28	21	36970.2084
28	22	37013.9329
28	23	37059.5939
28	24	37107.1845
28	25	37156.6975
28	26	37208.1253
28	27	37261.4598
28	28	37316.6928
28	29	37373.8157
28	30	37432.8194
28	31	37493.6946
28	32	37556.4316
28	33	37621.0202
28	34	37687.4499
28	35	37755.7098
28	36	37825.7886
28	37	37897.6747
28	38	37971.3558
28	39	38046.8194
28	40	38124.0526
28	41	38203.0418
28	42	38283.7731
28	43	38366.2322
28	44	38450.4042
28	45	38536.2737
28	46	38623.8247
28	47	38713.0408
28	48	38803.9051
28	49	38896.3999
28	50	38990.5071
28	51	39086.2079
28	52	39183.4828
28	53	39282.3119
28	54	39382.6742
28	55	39484.5483
28	56	39587.9119
28	57	39692.742
28	58	39799.0147
28	59	39906.7052
28	60	40015.7878
28	61	40126.2361
28	62	40238.0222
28	63	40351.1174
28	64	40465.492
28	65	40581.1148
28	66	40697.9535
28	67	40815.9743
28	68	40935.142
28	69	41055.4197
28	70	41176.769
28	71	41299.1495
28	72	41422.5187
28	73	41546.8322
28	74	41672.0429
28	75	41798.1013
28	76	41924.9548
28	77	42052.5479
28	78	42180.8212
28	79	42309.7114
28	80	42439.1507
28	81	42569.0661
28	82	42699.3787
28	83	42830.0027
28	84	42960.844
28	85	43091.7994
28	86	43222.7537
28	87	43353.5779
28	88	43484.125
28	89	43614.2254
28	90	43743.6792
28	91	43872.244
28	92	43999.614
28	93	44125.3766
28	94	44248.9178
28	95	44369.2746
28	96	44485.2769
28	97	44596.7578
29	0	37233.9775
29	1	37235.9191
29	2	37239.8019
29	3	37245.6255
29	4	37253.3888
29	5	37263.0906
29	6	37274.7294
29	7	37288.3033
29	8	37303.8103
29	9	37321.2478
29	10	37340.613
29	11	37361.9029
29	12	37385.1141
29	13	37410.2429
29	14	37437.2851
29	15	37466.2364
29	16	37497.0922
29	17	37529.8474
29	18	37564.4967
29	19	37601.0343
29	20	37639.4543
29	21	37679.7502
29	22	37721.9154
29	23	37765.9428
29	24	37811.8249
29	25	37859.554
29	26	37909.1219
29	27	37960.5201
29	28	38013.7397
29	29	38068.7713
29	30	38125.6053
29	31	38184.2315
29	32	38244.6396
29	33	38306.8184
29	34	38370.7568
29	35	38436.4429
29	36	38503.8644
29	37	38573.0087
29	38	38643.8626
29	39	38716.4123
29	40	38790.6439
29	41	38866.5425
29	42	38944.0931
29	43	39023.2797
29	44	39104.0862
29	45	39186.4956
29	46	39270.4904
29	47	39356.0525
29	48	39443.1631
29	49	39531.8027
29	50	39621.9511
29	51	39713.5875
29	52	39806.6901
29	53	39901.2365
29	54	39997.2033
29	55	40094.5664
29	56	40193.3004
29	57	40293.3793
29	58	40394.7759
29	59	40497.4619
29	60	40601.4078
29	61	40706.5828
29	62	40812.9549
29	63	40920.4906
29	64	41029.155
29	65	41138.9111
29	66	41249.7208
29	67	41361.5434
29	68	41474.3367
29	69	41588.0556
29	70	41702.653
29	71	41818.0786
29	72	41934.2794
29	73	42051.1987
29	74	42168.7761
29	75	42286.9466
29	76	42405.6405
29	77	42524.7824
29	78	42644.2902
29	79	42764.074
29	80	42884.0348
29	81	43004.0627
29	82	43124.0341
29	83	43243.8082
29	84	43363.2224
29	85	43482.0851
29	86	43600.163
29	87	43717.161
29	88	43832.6772
29	89	43946.1092
29	90	44056.5251
29	91	44162.8855
29	92	44265.1976
30	0	37914.1449
30	1	37916.0139
30	2	37919.7515
30	3	37925.3572
30	4	37932.8299
30	5	37942.1683
30	6	37953.3707
30	7	37966.4353
30	8	37981.3596
30	9	37998.141
30	10	38016.7767
30	11	38037.2632
30	12	38059.5968
30	13	38083.7737
30	14	38109.7894
30	15	38137.6393
30	16	38167.3183
30	17	38198.821
30	18	38232.1417
30	19	38267.2741
30	20	38304.212
30	21	38342.9482
30	22	38383.4757
30	23	38425.7868
30	24	38469.8735
30	25	38515.7272
30	26	38563.3393
30	27	38612.7004
30	28	38663.801
30	29	38716.6308
30	30	38771.1794
30	31	38827.4358
30	32	38885.3885
30	33	38945.0257
30	34	39006.3349
30	35	39069.3033
30	36	39133.9174
30	37	39200.1632
30	38	39268.0264
30	39	39337.4919
30	40	39408.5441
30	41	39481.1667
30	42	39555.343
30	43	39631.0554
30	44	39708.2858
30	45	39787.0154
30	46	39867.2246
30	47	39948.8931
30	48	40031.9998
30	49	40116.5226
30	50	40202.4389
30	51	40289.7249
30	52	40378.3558
30	53	40468.3059
30	54	40559.5486
30	55	40652.0557
30	56	40745.7982
30	57	40840.7455
30	58	40936.8659
30	59	41034.1259
30	60	41132.4906
30	61	41231.9234
30	62	41332.3856
30	63	41433.8366
30	64	41536.2337
30	65	41639.5314
30	66	41743.6818
30	67	41848.634
30	68	41954.3335
30	69	42060.7223
30	70	42167.738
30	71	42275.3136
30	72	42383.3764
30	73	42491.8471
30	74	42600.6391
30	75	42709.6567
30	76	42818.7934
30	77	42927.9292
30	78	43036.9271
30	79	43145.6285
30	80	43253.8448
30	81	43361.3455
30	82	43467.834
30	83	43572.8976
30	84	43675.9054
30	85	43775.9256
30	86	43872.1655
30	87	43964.3806
31	0	38547.4665
31	1	38549.2591
31	2	38552.844
31	3	38558.2205
31	4	38565.3875
31	5	38574.3435
31	6	38585.0868
31	7	38597.6154
31	8	38611.9266
31	9	38628.0176
31	10	38645.8852
31	11	38665.5259
31	12	38686.9356
31	13	38710.11
31	14	38735.0445
31	15	38761.7339
31	16	38790.1728
31	17	38820.3552
31	18	38852.2751
31	19	38885.9256
31	20	38921.2997
31	21	38958.39
31	22	38997.1886
31	23	39037.6871
31	24	39079.8768
31	25	39123.7484
31	26	39169.2924
31	27	39216.4986
31	28	39265.3564
31	29	39315.8547
31	30	39367.982
31	31	39421.7261
31	32	39477.0744
31	33	39534.0139
31	34	39592.5307
31	35	39652.6106
31	36	39714.2387
31	37	39777.3994
31	38	39842.0767
31	39	39908.2538
31	40	39975.9131
31	41	40045.0364
31	42	40115.6048
31	43	40187.5985
31	44	40260.9969
31	45	40335.7788
31	46	40411.9216
31	47	40489.4022
31	48	40568.1963
31	49	40648.2784
31	50	40729.6223
31	51	40812.2001
31	52	40895.983
31	53	40980.9407
31	54	41067.0413
31	55	41154.2515
31	56	41242.5363
31	57	41331.8588
31	58	41422.1801
31	59	41513.459
31	60	41605.6521
31	61	41698.7132
31	62	41792.5932
31	63	41887.2397
31	64	41982.5965
31	65	42078.6034
31	66	42175.1952
31	67	42272.3014
31	68	42369.8448
31	69	42467.741
31	70	42565.8962
31	71	42664.2056
31	72	42762.5509
31	73	42860.7962
31	74	42958.7825
31	75	43056.3195
31	76	43153.1695
31	77	43249.0183
31	78	43343.409
31	79	43435.6379
31	80	43524.8203
31	81	43610.6982
32	0	39132.5122
32	1	39134.2241
32	2	39137.6474
32	3	39142.7815
32	4	39149.6251
32	5	39158.1768
32	6	39168.4345
32	7	39180.3959
32	8	39194.0584
32	9	39209.4188
32	10	39226.4735
32	11	39245.2188
32	12	39265.6501
32	13	39287.7629
32	14	39311.5519
32	15	39337.0116
32	16	39364.136
32	17	39392.9186
32	18	39423.3527
32	19	39455.4307
32	20	39489.1451
32	21	39524.4876
32	22	39561.4494
32	23	39600.0214
32	24	39640.1939
32	25	39681.9567
32	26	39725.2992
32	27	39770.21
32	28	39816.6774
32	29	39864.6892
32	30	39914.2322
32	31	39965.2931
32	32	40017.8577
32	33	40071.9113
32	34	40127.4384
32	35	40184.4229
32	36	40242.8479
32	37	40302.6959
32	38	40363.9485
32	39	40426.5866
32	40	40490.5901
32	41	40555.938
32	42	40622.6086
32	43	40690.579
32	44	40759.8253
32	45	40830.3223
32	46	40902.0439
32	47	40974.9627
32	48	41049.0497
32	49	41124.2747
32	50	41200.6058
32	51	41278.0095
32	52	41356.4504
32	53	41435.8911
32	54	41516.2921
32	55	41597.6113
32	56	41679.8042
32	57	41762.8232
32	58	41846.6174
32	59	41931.1321
32	60	42016.3087
32	61	42102.0832
32	62	42188.3865
32	63	42275.1426
32	64	42362.2677
32	65	42449.6686
32	66	42537.2405
32	67	42624.8638
32	68	42712.4
32	69	42799.6847
32	70	42886.5167
32	71	42972.6363
32	72	43057.6791
32	73	43141.0907
32	74	43222.0966
32	75	43300.1765
33	0	39667.68
33	1	39669.306
33	2	39672.5574
33	3	39677.4334
33	4	39683.9329
33	5	39692.0539
33	6	39701.7945
33	7	39713.1521
33	8	39726.1236
33	9	39740.7056
33	10	39756.8941
33	11	39774.685
33	12	39794.0733
33	13	39815.0539
33	14	39837.6209
33	15	39861.7683
33	16	39887.4894
33	17	39914.777
33	18	39943.6234
33	19	39974.0206
33	20	40005.9598
33	21	40039.4319
33	22	40074.4271
33	23	40110.935
33	24	40148.9449
33	25	40188.4453
33	26	40229.4242
33	27	40271.8687
33	28	40315.7657
33	29	40361.1011
33	30	40407.8602
33	31	40456.0276
33	32	40505.5872
33	33	40556.5219
33	34	40608.8141
33	35	40662.4451
33	36	40717.3954
33	37	40773.6446
33	38	40831.1711
33	39	40889.9526
33	40	40949.9652
33	41	41011.1843
33	42	41073.5836
33	43	41137.1358
33	44	41201.812
33	45	41267.5817
33	46	41334.4126
33	47	41402.2707
33	48	41471.1201
33	49	41540.9224
33	50	41611.6369
33	51	41683.2203
33	52	41755.6261
33	53	41828.8045
33	54	41902.7018
33	55	41977.26
33	56	42052.416
33	57	42128.1006
33	58	42204.2379
33	59	42280.7432
33	60	42357.5218
33	61	42434.4658
33	62	42511.4506
33	63	42588.3292
33	64	42664.9222
33	65	42741.0005
33	66	42816.2459
33	67	42890.179
33	68	42962.1263
33	69	43031.5898
33	70	43098.7379
34	0	40151.1549
34	1	40152.6885
34	2	40155.7555
34	3	40160.3546
34	4	40166.4846
34	5	40174.1436
34	6	40183.329
34	7	40194.0381
34	8	40206.2674
34	9	40220.0132
34	10	40235.2709
34	11	40252.0358
34	12	40270.3025
34	13	40290.065
34	14	40311.317
34	15	40334.0513
34	16	40358.2606
34	17	40383.9366
34	18	40411.0708
34	19	40439.6538
34	20	40469.6759
34	21	40501.1265
34	22	40533.9945
34	23	40568.2681
34	24	40603.9348
34	25	40640.9815
34	26	40679.3943
34	27	40719.1584
34	28	40760.2585
34	29	40802.6782
34	30	40846.4003
34	31	40891.4067
34	32	40937.6785
34	33	40985.1956
34	34	41033.9368
34	35	41083.8798
34	36	41135.0013
34	37	41187.2764
34	38	41240.679
34	39	41295.1815
34	40	41350.7546
34	41	41407.3673
34	42	41464.9868
34	43	41523.5781
34	44	41583.104
34	45	41643.5246
34	46	41704.7975
34	47	41766.8768
34	48	41829.7132
34	49	41893.2532
34	50	41957.4387
34	51	42022.206
34	52	42087.4848
34	53	42153.197
34	54	42219.2548
34	55	42285.5584
34	56	42351.992
34	57	42418.4186
34	58	42484.6705
34	59	42550.5304
34	60	42615.6923
34	61	42679.6956
34	62	42741.9437
34	63	42802.1475
35	0	40580.8507
35	1	40582.2844
35	2	40585.1512
35	3	40589.4501
35	4	40595.1795
35	5	40602.3371
35	6	40610.9202
35	7	40620.9255
35	8	40632.3492
35	9	40645.1867
35	10	40659.4332
35	11	40675.083
35	12	40692.1298
35	13	40710.567
35	14	40730.3871
35	15	40751.5819
35	16	40774.1429
35	17	40798.0606
35	18	40823.3249
35	19	40849.925
35	20	40877.8495
35	21	40907.0861
35	22	40937.6216
35	23	40969.4422
35	24	41002.5332
35	25	41036.8789
35	26	41072.4627
35	27	41109.267
35	28	41147.2732
35	29	41186.4615
35	30	41226.8112
35	31	41268.3
35	32	41310.9044
35	33	41354.5995
35	34	41399.3588
35	35	41445.1542
35	36	41491.9557
35	37	41539.7313
35	38	41588.4469
35	39	41638.0658
35	40	41688.5488
35	41	41739.8535
35	42	41791.934
35	43	41844.7406
35	44	41898.2189
35	45	41952.3091
35	46	42006.9453
35	47	42062.0534
35	48	42117.5501
35	49	42173.3396
35	50	42229.3101
35	51	42285.3272
35	52	42341.2223
35	53	42396.7678
35	54	42451.6296
35	55	42505.3309
35	56	42557.4455
35	57	42608.1561
36	0	40954.3271
36	1	40955.6509
36	2	40958.2978
36	3	40962.2666
36	4	40967.5553
36	5	40974.1613
36	6	40982.0816
36	7	40991.3121
36	8	41001.8483
36	9	41013.685
36	10	41026.8164
36	11	41041.2357
36	12	41056.9356
36	13	41073.908
36	14	41092.1442
36	15	41111.6345
36	16	41132.3684
36	17	41154.3347
36	18	41177.5212
36	19	41201.915
36	20	41227.502
36	21	41254.2672
36	22	41282.1946
36	23	41311.267
36	24	41341.4663
36	25	41372.7727
36	26	41405.1656
36	27	41438.6225
36	28	41473.1197
36	29	41508.6316
36	30	41545.1311
36	31	41582.5888
36	32	41620.9733
36	33	41660.2507
36	34	41700.3846
36	35	41741.3352
36	36	41783.0595
36	37	41825.5105
36	38	41868.6363
36	39	41912.3797
36	40	41956.6766
36	41	42001.4549
36	42	42046.6319
36	43	42092.1112
36	44	42137.7772
36	45	42183.4856
36	46	42229.0421
36	47	42274.1629
36	48	42318.4508
36	49	42361.567
36	50	42403.6866
37	0	41268.6612
37	1	41269.8617
37	2	41272.262
37	3	41275.8605
37	4	41280.6549
37	5	41286.642
37	6	41293.8178
37	7	41302.1777
37	8	41311.7161
37	9	41322.4264
37	10	41334.3016
37	11	41347.3332
37	12	41361.5123
37	13	41376.8287
37	14	41393.2715
37	15	41410.8285
37	16	41429.4865
37	17	41449.2313
37	18	41470.0473
37	19	41491.9178
37	20	41514.8245
37	21	41538.7478
37	22	41563.6667
37	23	41589.5581
37	24	41616.3974
37	25	41644.1578
37	26	41672.8102
37	27	41702.3231
37	28	41732.6621
37	29	41763.7895
37	30	41795.664
37	31	41828.24
37	32	41861.4665
37	33	41895.2863
37	34	41929.6346
37	35	41964.4363
37	36	41999.6028
37	37	42035.0263
37	38	42070.567
37	39	42106.0277
37	40	42141.1218
37	41	42175.5312
37	42	42209.2014
38	0	41520.2349
38	1	41521.293
38	2	41523.4083
38	3	41526.5787
38	4	41530.8012
38	5	41536.0717
38	6	41542.385
38	7	41549.7349
38	8	41558.1141
38	9	41567.514
38	10	41577.9249
38	11	41589.336
38	12	41601.7349
38	13	41615.1079
38	14	41629.44
38	15	41644.7144
38	16	41660.9127
38	17	41678.0147
38	18	41695.9979
38	19	41714.8379
38	20	41734.5075
38	21	41754.9769
38	22	41776.2129
38	23	41798.1784
38	24	41820.8321
38	25	41844.1271
38	26	41868.0098
38	27	41892.4178
38	28	41917.2768
38	29	41942.4952
38	30	41967.9508
38	31	41993.4668
38	32	42018.8022
38	33	42043.77
38	34	42068.4968
39	0	41704.3386
39	1	41705.2232
39	2	41706.9911
39	3	41709.6391
39	4	41713.1627
39	5	41717.5559
39	6	41722.8109
39	7	41728.9183
39	8	41735.8669
39	9	41743.6436
39	10	41752.233
39	11	41761.6176
39	12	41771.7776
39	13	41782.6899
39	14	41794.3284
39	15	41806.6631
39	16	41819.6595
39	17	41833.2772
39	18	41847.4685
39	19	41862.1755
39	20	41877.324
39	21	41892.8098
39	22	41908.4777
39	23	41924.1687
39	24	41939.8882
39	25	41955.8718
40	0	41814.2617
40	1	41814.9057
40	2	41816.1904
40	3	41818.1092
40	4	41820.6517
40	5	41823.8036
40	6	41827.5458
40	7	41831.8531
40	8	41836.6924
40	9	41842.0177
40	10	41847.7616
40	11	41853.7852
40	12	41860.1201
40	13	41866.9542
