0	0	544.6879
0	1	547.183
0	2	552.1732
0	3	559.658
0	4	569.6369
0	5	582.1095
0	6	597.0748
0	7	614.5319
0	8	634.4797
0	9	656.9169
0	10	681.8421
0	11	709.2537
0	12	739.1499
0	13	771.5289
0	14	806.3886
0	15	843.7267
0	16	883.5409
0	17	925.8286
0	18	970.5872
0	19	1017.8136
0	20	1067.5051
0	21	1119.6583
0	22	1174.2699
0	23	1231.3364
0	24	1290.8542
0	25	1352.8194
0	26	1417.2282
0	27	1484.0762
0	28	1553.3594
0	29	1625.0731
0	30	1699.2128
0	31	1775.7738
0	32	1854.751
0	33	1936.1395
0	34	2019.9339
0	35	2106.1289
0	36	2194.7189
0	37	2285.6982
0	38	2379.0608
0	39	2474.8009
0	40	2572.912
0	41	2673.388
0	42	2776.2223
0	43	2881.4081
0	44	2988.9388
0	45	3098.8072
0	46	3211.0062
0	47	3325.5285
0	48	3442.3667
0	49	3561.5131
0	50	3682.9598
0	51	3806.699
0	52	3932.7226
0	53	4061.0223
0	54	4191.5895
0	55	4324.4159
0	56	4459.4925
0	57	4596.8105
0	58	4736.3609
0	59	4878.1343
0	60	5022.1214
0	61	5168.3127
0	62	5316.6983
0	63	5467.2686
0	64	5620.0133
0	65	5774.9223
0	66	5931.9853
0	67	6091.1917
0	68	6252.5308
0	69	6415.9919
0	70	6581.5637
0	71	6749.2353
0	72	6918.9953
0	73	7090.8321
0	74	7264.7341
0	75	7440.6895
0	76	7618.6863
0	77	7798.7122
0	78	7980.755
0	79	8164.8022
0	80	8350.8411
0	81	8538.8589
0	82	8728.8426
0	83	8920.7789
0	84	9114.6547
0	85	9310.4563
0	86	9508.1701
0	87	9707.7823
0	88	9909.2788
0	89	10112.6454
0	90	10317.8677
0	91	10524.9312
0	92	10733.8212
0	93	10944.5228
0	94	11157.0208
0	95	11371.3001
0	96	11587.3452
0	97	11805.1404
0	98	12024.67
0	99	12245.9179
0	100	12468.868
0	101	12693.504
0	102	12919.8091
0	103	13147.7668
0	104	13377.3599
0	105	13608.5715
0	106	13841.3841
0	107	14075.7803
0	108	14311.7422
0	109	14549.2519
0	110	14788.2913
0	111	15028.8419
0	112	15270.8852
0	113	15514.4024
0	114	15759.3745
0	115	16005.7822
0	116	16253.606
0	117	16502.8263
0	118	16753.423
0	119	17005.376
0	120	17258.665
0	121	17513.2691
0	122	17769.1675
0	123	18026.3389
0	124	18284.762
0	125	18544.4149
0	126	18805.2758
0	127	19067.3222
0	128	19330.5316
0	129	19594.8811
0	130	19860.3475
0	131	20126.9074
0	132	20394.5368
0	133	20663.2115
0	134	20932.9072
0	135	21203.5988
0	136	21475.2612
0	137	21747.8686
0	138	22021.3951
0	139	22295.8143
0	140	22571.0992
0	141	22847.2225
0	142	23124.1566
0	143	23401.873
0	144	23680.3431
0	145	23959.5375
0	146	24239.4265
0	147	24519.9796
0	148	24801.1658
0	149	25082.9535
0	150	25365.3103
0	151	25648.2033
0	152	25931.5986
0	153	26215.4617
0	154	26499.7572
0	155	26784.4488
0	156	27069.4993
0	157	27354.8705
0	158	27640.523
0	159	27926.4164
0	160	28212.509
0	161	28498.7576
0	162	28785.1178
0	163	29071.5435
0	164	29357.9869
0	165	29644.3983
0	166	29930.7261
0	167	30216.9162
0	168	30502.9123
0	169	30788.6552
0	170	31074.0826
0	171	31359.1287
0	172	31643.7239
0	173	31927.7941
0	174	32211.2603
0	175	32494.0373
0	176	32776.0332
0	177	33057.1479
0	178	33337.2717
0	179	33616.2829
0	180	33894.0451
0	181	34170.4031
0	182	34445.1772
0	183	34718.1542
0	184	34989.0718
0	185	35257.5891
0	186	35523.2236
0	187	35785.2236
0	188	36042.4757
0	189	36294.0974
1	0	1618.2824
1	1	1620.7435
1	2	1625.6654
1	3	1633.0478
1	4	1642.8903
1	5	1655.1923
1	6	1669.9529
1	7	1687.1712
1	8	1706.8461
1	9	1728.9763
1	10	1753.5603
1	11	1780.5966
1	12	1810.0835
1	13	1842.0189
1	14	1876.4009
1	15	1913.2272
1	16	1952.4955
1	17	1994.2031
1	18	2038.3474
1	19	2084.9255
1	20	2133.9344
1	21	2185.3709
1	22	2239.2316
1	23	2295.5131
1	24	2354.2117
1	25	2415.3235
1	26	2478.8447
1	27	2544.771
1	28	2613.0981
1	29	2683.8216
1	30	2756.9369
1	31	2832.4392
1	32	2910.3236
1	33	2990.5849
1	34	3073.2178
1	35	3158.2171
1	36	3245.5771
1	37	3335.292
1	38	3427.356
1	39	3521.7631
1	40	3618.5069
1	41	3717.5811
1	42	3818.9793
1	43	3922.6946
1	44	4028.7202
1	45	4137.0492
1	46	4247.6743
1	47	4360.5882
1	48	4475.7833
1	49	4593.2521
1	50	4712.9868
1	51	4834.9792
1	52	4959.2213
1	53	5085.7049
1	54	5214.4213
1	55	5345.362
1	56	5478.5182
1	57	5613.8809
1	58	5751.441
1	59	5891.1893
1	60	6033.1163
1	61	6177.2124
1	62	6323.4678
1	63	6471.8725
1	64	6622.4166
1	65	6775.0897
1	66	6929.8814
1	67	7086.7812
1	68	7245.7782
1	69	7406.8615
1	70	7570.0201
1	71	7735.2426
1	72	7902.5178
1	73	8071.8339
1	74	8243.1792
1	75	8416.5418
1	76	8591.9096
1	77	8769.2704
1	78	8948.6116
1	79	9129.9207
1	80	9313.1848
1	81	9498.3912
1	82	9685.5265
1	83	9874.5776
1	84	10065.5308
1	85	10258.3727
1	86	10453.0892
1	87	10649.6665
1	88	10848.0904
1	89	11048.3464
1	90	11250.42
1	91	11454.2965
1	92	11659.961
1	93	11867.3983
1	94	12076.5932
1	95	12287.5301
1	96	12500.1935
1	97	12714.5673
1	98	12930.6357
1	99	13148.3823
1	100	13367.7906
1	101	13588.844
1	102	13811.5257
1	103	14035.8186
1	104	14261.7054
1	105	14489.1687
1	106	14718.1907
1	107	14948.7536
1	108	15180.8392
1	109	15414.4291
1	110	15649.5049
1	111	15886.0477
1	112	16124.0384
1	113	16363.4579
1	114	16604.2866
1	115	16846.5046
1	116	17090.0922
1	117	17335.0289
1	118	17581.2942
1	119	17828.8675
1	120	18077.7275
1	121	18327.853
1	122	18579.2224
1	123	18831.8137
1	124	19085.6047
1	125	19340.573
1	126	19596.6956
1	127	19853.9495
1	128	20112.311
1	129	20371.7565
1	130	20632.2617
1	131	20893.802
1	132	21156.3526
1	133	21419.888
1	134	21684.3825
1	135	21949.8101
1	136	22216.144
1	137	22483.3572
1	138	22751.4223
1	139	23020.3111
1	140	23289.9952
1	141	23560.4455
1	142	23831.6323
1	143	24103.5254
1	144	24376.094
1	145	24649.3065
1	146	24923.1307
1	147	25197.5337
1	148	25472.4818
1	149	25747.9405
1	150	26023.8744
1	151	26300.2472
1	152	26577.0216
1	153	26854.1593
1	154	27131.6207
1	155	27409.3653
1	156	27687.3511
1	157	27965.5346
1	158	28243.871
1	159	28522.3137
1	160	28800.8142
1	161	29079.3224
1	162	29357.7856
1	163	29636.149
1	164	29914.3548
1	165	30192.3427
1	166	30470.0487
1	167	30747.4051
1	168	31024.3401
1	169	31300.777
1	170	31576.6332
1	171	31851.8199
1	172	32126.2404
1	173	32399.7887
1	174	32672.3479
1	175	32943.7872
1	176	33213.9584
1	177	33482.6912
1	178	33749.7856
1	179	34014.9999
1	180	34278.0306
1	181	34538.4721
1	182	34795.7266
1	183	35048.8196
1	184	35296.2969
1	185	35537.2707
2	0	2671.2648
2	1	2673.6915
2	2	2678.5449
2	3	2685.8245
2	4	2695.5299
2	5	2707.6605
2	6	2722.2154
2	7	2739.1937
2	8	2758.5943
2	9	2780.4159
2	10	2804.6571
2	11	2831.3163
2	12	2860.3917
2	13	2891.8814
2	14	2925.7833
2	15	2962.0952
2	16	3000.8148
2	17	3041.9394
2	18	3085.4663
2	19	3131.3927
2	20	3179.7155
2	21	3230.4316
2	22	3283.5376
2	23	3339.0299
2	24	3396.905
2	25	3457.1589
2	26	3519.7877
2	27	3584.7872
2	28	3652.1532
2	29	3721.8811
2	30	3793.9663
2	31	3868.404
2	32	3945.1893
2	33	4024.3171
2	34	4105.782
2	35	4189.5787
2	36	4275.7015
2	37	4364.1447
2	38	4454.9024
2	39	4547.9685
2	40	4643.3367
2	41	4741.0007
2	42	4840.9539
2	43	4943.1895
2	44	5047.7007
2	45	5154.4804
2	46	5263.5215
2	47	5374.8165
2	48	5488.3579
2	49	5604.138
2	50	5722.149
2	51	5842.3828
2	52	5964.8313
2	53	6089.486
2	54	6216.3386
2	55	6345.3802
2	56	6476.6021
2	57	6609.9953
2	58	6745.5505
2	59	6883.2585
2	60	7023.1097
2	61	7165.0945
2	62	7309.203
2	63	7455.4253
2	64	7603.7511
2	65	7754.1702
2	66	7906.672
2	67	8061.2458
2	68	8217.8809
2	69	8376.5662
2	70	8537.2905
2	71	8700.0425
2	72	8864.8106
2	73	9031.5831
2	74	9200.3483
2	75	9371.094
2	76	9543.808
2	77	9718.4779
2	78	9895.0912
2	79	10073.6351
2	80	10254.0967
2	81	10436.4629
2	82	10620.7205
2	83	10806.8558
2	84	10994.8554
2	85	11184.7054
2	86	11376.3917
2	87	11569.9003
2	88	11765.2166
2	89	11962.3261
2	90	12161.2141
2	91	12361.8656
2	92	12564.2655
2	93	12768.3983
2	94	12974.2487
2	95	13181.8007
2	96	13391.0386
2	97	13601.9461
2	98	13814.5069
2	99	14028.7045
2	100	14244.522
2	101	14461.9425
2	102	14680.9488
2	103	14901.5235
2	104	15123.649
2	105	15347.3073
2	106	15572.4804
2	107	15799.15
2	108	16027.2975
2	109	16256.9041
2	110	16487.9508
2	111	16720.4182
2	112	16954.2868
2	113	17189.5368
2	114	17426.1482
2	115	17664.1005
2	116	17903.3732
2	117	18143.9454
2	118	18385.7959
2	119	18628.9031
2	120	18873.2454
2	121	19118.8005
2	122	19365.5462
2	123	19613.4595
2	124	19862.5175
2	125	20112.6966
2	126	20363.9731
2	127	20616.3228
2	128	20869.7212
2	129	21124.1432
2	130	21379.5635
2	131	21635.9563
2	132	21893.2954
2	133	22151.554
2	134	22410.7049
2	135	22670.7205
2	136	22931.5725
2	137	23193.2322
2	138	23455.6702
2	139	23718.8565
2	140	23982.7606
2	141	24247.3513
2	142	24512.5966
2	143	24778.4637
2	144	25044.9193
2	145	25311.9289
2	146	25579.4575
2	147	25847.4689
2	148	26115.9259
2	149	26384.7904
2	150	26654.023
2	151	26923.583
2	152	27193.4286
2	153	27463.5165
2	154	27733.8016
2	155	28004.2373
2	156	28274.7752
2	157	28545.3648
2	158	28815.9532
2	159	29086.4854
2	160	29356.9032
2	161	29627.1458
2	162	29897.1486
2	163	30166.8433
2	164	30436.1571
2	165	30705.0122
2	166	30973.3248
2	167	31241.0046
2	168	31507.9529
2	169	31774.0615
2	170	32039.2105
2	171	32303.2657
2	172	32566.0747
2	173	32827.4615
2	174	33087.2192
2	175	33345.0972
2	176	33600.7807
2	177	33853.8497
2	178	34103.6884
2	179	34349.2854
2	180	34589.0452
2	181	34821.7636
3	0	3703.4784
3	1	3705.8707
3	2	3710.6551
3	3	3717.8313
3	4	3727.3988
3	5	3739.3571
3	6	3753.7051
3	7	3770.4422
3	8	3789.567
3	9	3811.0783
3	10	3834.9747
3	11	3861.2546
3	12	3889.9162
3	13	3920.9576
3	14	3954.3768
3	15	3990.1714
3	16	4028.3391
3	17	4068.8773
3	18	4111.7833
3	19	4157.0542
3	20	4204.6869
3	21	4254.6784
3	22	4307.0251
3	23	4361.7236
3	24	4418.7702
3	25	4478.1611
3	26	4539.8921
3	27	4603.9593
3	28	4670.3582
3	29	4739.0843
3	30	4810.1331
3	31	4883.4996
3	32	4959.179
3	33	5037.166
3	34	5117.4554
3	35	5200.0417
3	36	5284.9193
3	37	5372.0825
3	38	5461.5252
3	39	5553.2413
3	40	5647.2247
3	41	5743.4688
3	42	5841.9671
3	43	5942.7128
3	44	6045.699
3	45	6150.9185
3	46	6258.3642
3	47	6368.0287
3	48	6479.9043
3	49	6593.9833
3	50	6710.2578
3	51	6828.7197
3	52	6949.3609
3	53	7072.1728
3	54	7197.1469
3	55	7324.2745
3	56	7453.5467
3	57	7584.9544
3	58	7718.4884
3	59	7854.1392
3	60	7991.8973
3	61	8131.7529
3	62	8273.6962
3	63	8417.717
3	64	8563.8051
3	65	8711.9501
3	66	8862.1414
3	67	9014.3681
3	68	9168.6194
3	69	9324.8841
3	70	9483.151
3	71	9643.4086
3	72	9805.6452
3	73	9969.849
3	74	10136.0081
3	75	10304.1102
3	76	10474.143
3	77	10646.094
3	78	10819.9504
3	79	10995.6993
3	80	11173.3277
3	81	11352.8223
3	82	11534.1696
3	83	11717.356
3	84	11902.3676
3	85	12089.1905
3	86	12277.8103
3	87	12468.2128
3	88	12660.3833
3	89	12854.3069
3	90	13049.9687
3	91	13247.3535
3	92	13446.4459
3	93	13647.2302
3	94	13849.6906
3	95	14053.8112
3	96	14259.5755
3	97	14466.9673
3	98	14675.9697
3	99	14886.566
3	100	15098.7389
3	101	15312.4711
3	102	15527.745
3	103	15744.5428
3	104	15962.8465
3	105	16182.6377
3	106	16403.8978
3	107	16626.6081
3	108	16850.7495
3	109	17076.3027
3	110	17303.248
3	111	17531.5657
3	112	17761.2355
3	113	17992.237
3	114	18224.5496
3	115	18458.1521
3	116	18693.0232
3	117	18929.1414
3	118	19166.4845
3	119	19405.0304
3	120	19644.7563
3	121	19885.6392
3	122	20127.6559
3	123	20370.7824
3	124	20614.9948
3	125	20860.2685
3	126	21106.5784
3	127	21353.8993
3	128	21602.2052
3	129	21851.47
3	130	22101.6667
3	131	22352.7681
3	132	22604.7463
3	133	22857.573
3	134	23111.2193
3	135	23365.6555
3	136	23620.8514
3	137	23876.7761
3	138	24133.3982
3	139	24390.6852
3	140	24648.604
3	141	24907.1206
3	142	25166.2002
3	143	25425.807
3	144	25685.9042
3	145	25946.4539
3	146	26207.417
3	147	26468.7532
3	148	26730.421
3	149	26992.3772
3	150	27254.5771
3	151	27516.9744
3	152	27779.5209
3	153	28042.1663
3	154	28304.858
3	155	28567.5411
3	156	28830.1577
3	157	29092.6471
3	158	29354.9448
3	159	29616.9828
3	160	29878.6883
3	161	30139.9836
3	162	30400.7851
3	163	30661.0025
3	164	30920.537
3	165	31179.2808
3	166	31437.1139
3	167	31693.9024
3	168	31949.4942
3	169	32203.7143
3	170	32456.357
3	171	32707.1749
3	172	32955.859
3	173	33202.0038
3	174	33445.0288
3	175	33683.9978
3	176	33917.3486
3	177	34143.4501
4	0	4714.7593
4	1	4717.1169
4	2	4721.8319
4	3	4728.9041
4	4	4738.3329
4	5	4750.1176
4	6	4764.2576
4	7	4780.7518
4	8	4799.5991
4	9	4820.7982
4	10	4844.3476
4	11	4870.2458
4	12	4898.491
4	13	4929.0813
4	14	4962.0146
4	15	4997.2886
4	16	5034.9008
4	17	5074.8489
4	18	5117.1299
4	19	5161.7411
4	20	5208.6793
4	21	5257.9413
4	22	5309.5238
4	23	5363.4232
4	24	5419.6358
4	25	5478.1578
4	26	5538.9851
4	27	5602.1136
4	28	5667.5388
4	29	5735.2563
4	30	5805.2614
4	31	5877.5493
4	32	5952.1149
4	33	6028.9531
4	34	6108.0586
4	35	6189.4259
4	36	6273.0493
4	37	6358.9231
4	38	6447.0411
4	39	6537.3974
4	40	6629.9856
4	41	6724.7991
4	42	6821.8315
4	43	6921.0758
4	44	7022.5251
4	45	7126.1723
4	46	7232.0101
4	47	7340.031
4	48	7450.2274
4	49	7562.5915
4	50	7677.1152
4	51	7793.7906
4	52	7912.6093
4	53	8033.5627
4	54	8156.6424
4	55	8281.8394
4	56	8409.1448
4	57	8538.5495
4	58	8670.0441
4	59	8803.6191
4	60	8939.2649
4	61	9076.9717
4	62	9216.7294
4	63	9358.5279
4	64	9502.3568
4	65	9648.2055
4	66	9796.0635
4	67	9945.9197
4	68	10097.7631
4	69	10251.5826
4	70	10407.3666
4	71	10565.1036
4	72	10724.7818
4	73	10886.3892
4	74	11049.9137
4	75	11215.3429
4	76	11382.6644
4	77	11551.8654
4	78	11722.9331
4	79	11895.8543
4	80	12070.6158
4	81	12247.2042
4	82	12425.6057
4	83	12605.8065
4	84	12787.7926
4	85	12971.5497
4	86	13157.0633
4	87	13344.3189
4	88	13533.3014
4	89	13723.9959
4	90	13916.3871
4	91	14110.4594
4	92	14306.1973
4	93	14503.5846
4	94	14702.6054
4	95	14903.2431
4	96	15105.4813
4	97	15309.303
4	98	15514.6913
4	99	15721.6288
4	100	15930.0979
4	101	16140.0809
4	102	16351.5598
4	103	16564.5162
4	104	16778.9315
4	105	16994.7871
4	106	17212.0637
4	107	17430.742
4	108	17650.8024
4	109	17872.2249
4	110	18094.9893
4	111	18319.075
4	112	18544.4613
4	113	18771.1269
4	114	18999.0503
4	115	19228.2098
4	116	19458.5832
4	117	19690.1479
4	118	19922.8811
4	119	20156.7594
4	120	20391.7593
4	121	20627.8566
4	122	20865.0268
4	123	21103.2451
4	124	21342.486
4	125	21582.7238
4	126	21823.932
4	127	22066.0839
4	128	22309.152
4	129	22553.1085
4	130	22797.9248
4	131	23043.5719
4	132	23290.0199
4	133	23537.2384
4	134	23785.1964
4	135	24033.8619
4	136	24283.2022
4	137	24533.1838
4	138	24783.7724
4	139	25034.9325
4	140	25286.6279
4	141	25538.8211
4	142	25791.4735
4	143	26044.5453
4	144	26297.9953
4	145	26551.781
4	146	26805.8581
4	147	27060.1808
4	148	27314.7013
4	149	27569.37
4	150	27824.1349
4	151	28078.9414
4	152	28333.7325
4	153	28588.4479
4	154	28843.0241
4	155	29097.3934
4	156	29351.4842
4	157	29605.2195
4	158	29858.5168
4	159	30111.2868
4	160	30363.4324
4	161	30614.8471
4	162	30865.4132
4	163	31114.9992
4	164	31363.4565
4	165	31610.6144
4	166	31856.2738
4	167	32100.1964
4	168	32342.0886
4	169	32581.5715
4	170	32818.1202
4	171	33050.9201
4	172	33278.5803
4	173	33499.1923
5	0	5704.9354
5	1	5707.2581
5	2	5711.9033
5	3	5718.8706
5	4	5728.1597
5	5	5739.7698
5	6	5753.7002
5	7	5769.9499
5	8	5788.5177
5	9	5809.4023
5	10	5832.6024
5	11	5858.1163
5	12	5885.9422
5	13	5916.0781
5	14	5948.522
5	15	5983.2717
5	16	6020.3246
5	17	6059.6782
5	18	6101.3298
5	19	6145.2765
5	20	6191.5151
5	21	6240.0424
5	22	6290.8551
5	23	6343.9495
5	24	6399.322
5	25	6456.9687
5	26	6516.8854
5	27	6579.0681
5	28	6643.5123
5	29	6710.2135
5	30	6779.167
5	31	6850.3679
5	32	6923.8112
5	33	6999.4916
5	34	7077.4039
5	35	7157.5426
5	36	7239.9018
5	37	7324.4758
5	38	7411.2585
5	39	7500.2438
5	40	7591.4252
5	41	7684.7964
5	42	7780.3505
5	43	7878.0808
5	44	7977.9802
5	45	8080.0416
5	46	8184.2575
5	47	8290.6205
5	48	8399.1228
5	49	8509.7567
5	50	8622.514
5	51	8737.3866
5	52	8854.366
5	53	8973.4438
5	54	9094.6112
5	55	9217.8594
5	56	9343.1792
5	57	9470.5615
5	58	9599.9968
5	59	9731.4756
5	60	9864.988
5	61	10000.5242
5	62	10138.074
5	63	10277.6271
5	64	10419.1731
5	65	10562.7014
5	66	10708.201
5	67	10855.6609
5	68	11005.0701
5	69	11156.417
5	70	11309.6902
5	71	11464.8778
5	72	11621.968
5	73	11780.9486
5	74	11941.8072
5	75	12104.5315
5	76	12269.1087
5	77	12435.5258
5	78	12603.7698
5	79	12773.8274
5	80	12945.6852
5	81	13119.3294
5	82	13294.7461
5	83	13471.9212
5	84	13650.8405
5	85	13831.4894
5	86	14013.8532
5	87	14197.9169
5	88	14383.6654
5	89	14571.0834
5	90	14760.1551
5	91	14950.8648
5	92	15143.1964
5	93	15337.1337
5	94	15532.6601
5	95	15729.7588
5	96	15928.4128
5	97	16128.605
5	98	16330.3177
5	99	16533.5332
5	100	16738.2335
5	101	16944.4003
5	102	17152.0151
5	103	17361.0589
5	104	17571.5127
5	105	17783.357
5	106	17996.5722
5	107	18211.1382
5	108	18427.0348
5	109	18644.2411
5	110	18862.7364
5	111	19082.4992
5	112	19303.508
5	113	19525.7406
5	114	19749.1748
5	115	19973.7877
5	116	20199.5562
5	117	20426.4568
5	118	20654.4654
5	119	20883.5577
5	120	21113.7087
5	121	21344.8932
5	122	21577.0853
5	123	21810.2587
5	124	22044.3865
5	125	22279.4414
5	126	22515.3952
5	127	22752.2195
5	128	22989.8849
5	129	23228.3617
5	130	23467.619
5	131	23707.6257
5	132	23948.3496
5	133	24189.7576
5	134	24431.816
5	135	24674.4899
5	136	24917.7435
5	137	25161.5401
5	138	25405.8415
5	139	25650.6086
5	140	25895.8009
5	141	26141.3763
5	142	26387.2913
5	143	26633.5008
5	144	26879.9577
5	145	27126.6131
5	146	27373.4158
5	147	27620.3122
5	148	27867.246
5	149	28114.1579
5	150	28360.9854
5	151	28607.6622
5	152	28854.1177
5	153	29100.2766
5	154	29346.0579
5	155	29591.3742
5	156	29836.1306
5	157	30080.2233
5	158	30323.5377
5	159	30565.9464
5	160	30807.3056
5	161	31047.4515
5	162	31286.1935
5	163	31523.3062
5	164	31758.5145
5	165	31991.4705
5	166	32221.7067
5	167	32448.5313
5	168	32670.7858
5	169	32886.6014
5	170	33094.6509
6	0	6673.8265
6	1	6676.114
6	2	6680.6888
6	3	6687.5506
6	4	6696.6988
6	5	6708.133
6	6	6721.8522
6	7	6737.8554
6	8	6756.1416
6	9	6776.7094
6	10	6799.5574
6	11	6824.6839
6	12	6852.0872
6	13	6881.7653
6	14	6913.7161
6	15	6947.9373
6	16	6984.4265
6	17	7023.181
6	18	7064.1981
6	19	7107.475
6	20	7153.0084
6	21	7200.7951
6	22	7250.8317
6	23	7303.1147
6	24	7357.6402
6	25	7414.4044
6	26	7473.4032
6	27	7534.6323
6	28	7598.0873
6	29	7663.7637
6	30	7731.6567
6	31	7801.7615
6	32	7874.0729
6	33	7948.5857
6	34	8025.2945
6	35	8104.1938
6	36	8185.2778
6	37	8268.5405
6	38	8353.9761
6	39	8441.5781
6	40	8531.3402
6	41	8623.2559
6	42	8717.3183
6	43	8813.5206
6	44	8911.8557
6	45	9012.3163
6	46	9114.8951
6	47	9219.5843
6	48	9326.3763
6	49	9435.2631
6	50	9546.2366
6	51	9659.2885
6	52	9774.4103
6	53	9891.5935
6	54	10010.8292
6	55	10132.1084
6	56	10255.422
6	57	10380.7606
6	58	10508.1147
6	59	10637.4747
6	60	10768.8305
6	61	10902.1722
6	62	11037.4896
6	63	11174.7722
6	64	11314.0094
6	65	11455.1904
6	66	11598.3042
6	67	11743.3397
6	68	11890.2855
6	69	12039.1301
6	70	12189.8618
6	71	12342.4686
6	72	12496.9383
6	73	12653.2587
6	74	12811.4173
6	75	12971.4014
6	76	13133.198
6	77	13296.794
6	78	13462.1761
6	79	13629.3308
6	80	13798.2443
6	81	13968.9027
6	82	14141.2918
6	83	14315.3973
6	84	14491.2046
6	85	14668.6987
6	86	14847.8648
6	87	15028.6876
6	88	15211.1514
6	89	15395.2407
6	90	15580.9394
6	91	15768.2313
6	92	15957.1
6	93	16147.5288
6	94	16339.5007
6	95	16532.9985
6	96	16728.0047
6	97	16924.5016
6	98	17122.4712
6	99	17321.8951
6	100	17522.7549
6	101	17725.0315
6	102	17928.706
6	103	18133.7587
6	104	18340.1699
6	105	18547.9195
6	106	18756.987
6	107	18967.3518
6	108	19178.9926
6	109	19391.8881
6	110	19606.0162
6	111	19821.355
6	112	20037.8816
6	113	20255.5732
6	114	20474.4062
6	115	20694.3568
6	116	20915.4007
6	117	21137.5131
6	118	21360.6686
6	119	21584.8416
6	120	21810.0058
6	121	22036.1342
6	122	22263.1994
6	123	22491.1734
6	124	22720.0275
6	125	22949.7324
6	126	23180.2581
6	127	23411.5738
6	128	23643.6479
6	129	23876.4482
6	130	24109.9412
6	131	24344.093
6	132	24578.8683
6	133	24814.231
6	134	25050.1436
6	135	25286.5678
6	136	25523.4637
6	137	25760.79
6	138	25998.504
6	139	26236.5614
6	140	26474.9161
6	141	26713.5198
6	142	26952.3225
6	143	27191.2715
6	144	27430.3117
6	145	27669.385
6	146	27908.4302
6	147	28147.3824
6	148	28386.1727
6	149	28624.7274
6	150	28862.9676
6	151	29100.8084
6	152	29338.1576
6	153	29574.9144
6	154	29810.9683
6	155	30046.1964
6	156	30280.461
6	157	30513.6056
6	158	30745.4499
6	159	30975.7818
6	160	31204.3461
6	161	31430.8251
6	162	31654.8039
6	163	31875.6957
6	164	32092.5636
6	165	32303.7981
6	166	32507.4834
7	0	7621.2437
7	1	7623.4957
7	2	7627.9996
7	3	7634.7549
7	4	7643.7612
7	5	7655.0179
7	6	7668.5241
7	7	7684.2789
7	8	7702.281
7	9	7722.5293
7	10	7745.0222
7	11	7769.7581
7	12	7796.7352
7	13	7825.9515
7	14	7857.4049
7	15	7891.0931
7	16	7927.0136
7	17	7965.1639
7	18	8005.5411
7	19	8048.1423
7	20	8092.9643
7	21	8140.004
7	22	8189.2577
7	23	8240.722
7	24	8294.393
7	25	8350.2669
7	26	8408.3394
7	27	8468.6063
7	28	8531.0632
7	29	8595.7054
7	30	8662.5283
7	31	8731.5267
7	32	8802.6957
7	33	8876.0299
7	34	8951.524
7	35	9029.1722
7	36	9108.9687
7	37	9190.9077
7	38	9274.983
7	39	9361.1884
7	40	9449.5172
7	41	9539.963
7	42	9632.5188
7	43	9727.1778
7	44	9823.9327
7	45	9922.7763
7	46	10023.7009
7	47	10126.699
7	48	10231.7628
7	49	10338.884
7	50	10448.0547
7	51	10559.2663
7	52	10672.5104
7	53	10787.7782
7	54	10905.0608
7	55	11024.349
7	56	11145.6336
7	57	11268.9052
7	58	11394.1541
7	59	11521.3705
7	60	11650.5444
7	61	11781.6655
7	62	11914.7236
7	63	12049.7079
7	64	12186.6079
7	65	12325.4124
7	66	12466.1104
7	67	12608.6905
7	68	12753.1413
7	69	12899.4508
7	70	13047.6074
7	71	13197.5987
7	72	13349.4125
7	73	13503.0363
7	74	13658.4573
7	75	13815.6625
7	76	13974.6389
7	77	14135.373
7	78	14297.8512
7	79	14462.0598
7	80	14627.9847
7	81	14795.6117
7	82	14964.9264
7	83	15135.9139
7	84	15308.5595
7	85	15482.8479
7	86	15658.7638
7	87	15836.2915
7	88	16015.4151
7	89	16196.1184
7	90	16378.3852
7	91	16562.1987
7	92	16747.5421
7	93	16934.3981
7	94	17122.7493
7	95	17312.578
7	96	17503.8661
7	97	17696.5954
7	98	17890.7473
7	99	18086.3028
7	100	18283.2426
7	101	18481.5474
7	102	18681.1971
7	103	18882.1717
7	104	19084.4505
7	105	19288.0126
7	106	19492.8368
7	107	19698.9013
7	108	19906.1842
7	109	20114.663
7	110	20324.3149
7	111	20535.1165
7	112	20747.044
7	113	20960.0734
7	114	21174.1798
7	115	21389.3381
7	116	21605.5226
7	117	21822.707
7	118	22040.8644
7	119	22259.9675
7	120	22479.9882
7	121	22700.8978
7	122	22922.6668
7	123	23145.2652
7	124	23368.662
7	125	23592.8256
7	126	23817.7234
7	127	24043.3219
7	128	24269.5866
7	129	24496.4822
7	130	24723.972
7	131	24952.0183
7	132	25180.582
7	133	25409.6229
7	134	25639.099
7	135	25868.9668
7	136	26099.1813
7	137	26329.6952
7	138	26560.4596
7	139	26791.423
7	140	27022.5314
7	141	27253.7282
7	142	27484.9535
7	143	27716.1443
7	144	27947.2332
7	145	28178.1487
7	146	28408.8142
7	147	28639.1473
7	148	28869.0587
7	149	29098.4514
7	150	29327.2189
7	151	29555.2433
7	152	29782.3933
7	153	30008.5202
7	154	30233.4538
7	155	30456.9957
7	156	30678.9097
7	157	30898.9061
7	158	31116.6155
7	159	31331.5355
7	160	31542.908
7	161	31749.4405
7	162	31949.1374
7	163	32140.8665
8	0	8546.9892
8	1	8549.2054
8	2	8553.6376
8	3	8560.2855
8	4	8569.1485
8	5	8580.2261
8	6	8593.5174
8	7	8609.0214
8	8	8626.7369
8	9	8646.6627
8	10	8668.7972
8	11	8693.1389
8	12	8719.6858
8	13	8748.436
8	14	8779.3874
8	15	8812.5376
8	16	8847.8842
8	17	8885.4245
8	18	8925.1557
8	19	8967.0748
8	20	9011.1787
8	21	9057.4641
8	22	9105.9274
8	23	9156.5651
8	24	9209.3734
8	25	9264.3482
8	26	9321.4854
8	27	9380.7807
8	28	9442.2295
8	29	9505.8274
8	30	9571.5693
8	31	9639.4504
8	32	9709.4654
8	33	9781.6091
8	34	9855.8758
8	35	9932.2601
8	36	10010.7559
8	37	10091.3573
8	38	10174.0581
8	39	10258.8519
8	40	10345.7322
8	41	10434.6923
8	42	10525.7253
8	43	10618.8241
8	44	10713.9815
8	45	10811.19
8	46	10910.4422
8	47	11011.7301
8	48	11115.0459
8	49	11220.3815
8	50	11327.7284
8	51	11437.0783
8	52	11548.4225
8	53	11661.7521
8	54	11777.0581
8	55	11894.3312
8	56	12013.5621
8	57	12134.7412
8	58	12257.8586
8	59	12382.9044
8	60	12509.8684
8	61	12638.7404
8	62	12769.5096
8	63	12902.1655
8	64	13036.697
8	65	13173.0931
8	66	13311.3424
8	67	13451.4333
8	68	13593.3541
8	69	13737.0929
8	70	13882.6375
8	71	14029.9756
8	72	14179.0945
8	73	14329.9817
8	74	14482.6239
8	75	14637.008
8	76	14793.1206
8	77	14950.948
8	78	15110.4764
8	79	15271.6916
8	80	15434.5792
8	81	15599.1248
8	82	15765.3135
8	83	15933.1301
8	84	16102.5595
8	85	16273.5861
8	86	16446.194
8	87	16620.3671
8	88	16796.0893
8	89	16973.3438
8	90	17152.1137
8	91	17332.382
8	92	17514.1312
8	93	17697.3435
8	94	17882.001
8	95	18068.0852
8	96	18255.5776
8	97	18444.4593
8	98	18634.7108
8	99	18826.3126
8	100	19019.2447
8	101	19213.4868
8	102	19409.0181
8	103	19605.8177
8	104	19803.8641
8	105	20003.1354
8	106	20203.6093
8	107	20405.2632
8	108	20608.0738
8	109	20812.0176
8	110	21017.0706
8	111	21223.208
8	112	21430.4049
8	113	21638.6355
8	114	21847.8738
8	115	22058.0928
8	116	22269.2652
8	117	22481.3629
8	118	22694.3572
8	119	22908.2186
8	120	23122.917
8	121	23338.4213
8	122	23554.6996
8	123	23771.7194
8	124	23989.4468
8	125	24207.8472
8	126	24426.8848
8	127	24646.5227
8	128	24866.7227
8	129	25087.4454
8	130	25308.6498
8	131	25530.2934
8	132	25752.3322
8	133	25974.7202
8	134	26197.4093
8	135	26420.3494
8	136	26643.488
8	137	26866.7698
8	138	27090.1365
8	139	27313.5268
8	140	27536.8752
8	141	27760.1125
8	142	27983.1643
8	143	28205.951
8	144	28428.3864
8	145	28650.3772
8	146	28871.8211
8	147	29092.6055
8	148	29312.6052
8	149	29531.6792
8	150	29749.6674
8	151	29966.3842
8	152	30181.6112
8	153	30395.0837
8	154	30606.4712
8	155	30815.3379
8	156	31021.0595
8	157	31222.6209
8	158	31418.2878
8	159	31606.2665
9	0	9450.8555
9	1	9453.0355
9	2	9457.3953
9	3	9463.9347
9	4	9472.653
9	5	9483.5497
9	6	9496.6239
9	7	9511.8746
9	8	9529.3006
9	9	9548.9007
9	10	9570.6732
9	11	9594.6166
9	12	9620.729
9	13	9649.0085
9	14	9679.4527
9	15	9712.0594
9	16	9746.8262
9	17	9783.7503
9	18	9822.8288
9	19	9864.0588
9	20	9907.4372
9	21	9952.9605
9	22	10000.6252
9	23	10050.4277
9	24	10102.364
9	25	10156.4303
9	26	10212.6223
9	27	10270.9355
9	28	10331.3656
9	29	10393.9077
9	30	10458.5571
9	31	10525.3086
9	32	10594.157
9	33	10665.097
9	34	10738.1229
9	35	10813.2291
9	36	10890.4095
9	37	10969.6582
9	38	11050.9689
9	39	11134.335
9	40	11219.7501
9	41	11307.2072
9	42	11396.6995
9	43	11488.2197
9	44	11581.7605
9	45	11677.3145
9	46	11774.8739
9	47	11874.4308
9	48	11975.9772
9	49	12079.5049
9	50	12185.0053
9	51	12292.47
9	52	12401.8901
9	53	12513.2566
9	54	12626.5604
9	55	12741.792
9	56	12858.942
9	57	12978.0005
9	58	13098.9577
9	59	13221.8033
9	60	13346.5271
9	61	13473.1185
9	62	13601.5668
9	63	13731.8611
9	64	13863.9901
9	65	13997.9427
9	66	14133.7071
9	67	14271.2717
9	68	14410.6245
9	69	14551.7533
9	70	14694.6457
9	71	14839.2891
9	72	14985.6706
9	73	15133.7772
9	74	15283.5955
9	75	15435.1122
9	76	15588.3133
9	77	15743.185
9	78	15899.713
9	79	16057.8828
9	80	16217.6798
9	81	16379.0888
9	82	16542.0949
9	83	16706.6824
9	84	16872.8356
9	85	17040.5385
9	86	17209.7748
9	87	17380.528
9	88	17552.7812
9	89	17726.5173
9	90	17901.7188
9	91	18078.3681
9	92	18256.447
9	93	18435.9371
9	94	18616.8199
9	95	18799.0763
9	96	18982.6869
9	97	19167.6319
9	98	19353.8913
9	99	19541.4447
9	100	19730.2711
9	101	19920.3494
9	102	20111.6578
9	103	20304.1743
9	104	20497.8764
9	105	20692.7411
9	106	20888.7449
9	107	21085.8639
9	108	21284.0737
9	109	21483.3492
9	110	21683.6648
9	111	21884.9946
9	112	22087.3117
9	113	22290.5887
9	114	22494.7977
9	115	22699.9098
9	116	22905.8956
9	117	23112.7249
9	118	23320.3665
9	119	23528.7885
9	120	23737.958
9	121	23947.841
9	122	24158.4028
9	123	24369.6072
9	124	24581.417
9	125	24793.7936
9	126	25006.6971
9	127	25220.0861
9	128	25433.9175
9	129	25648.1465
9	130	25862.7263
9	131	26077.608
9	132	26292.7406
9	133	26508.0702
9	134	26723.5402
9	135	26939.091
9	136	27154.6593
9	137	27370.1778
9	138	27585.5747
9	139	27800.773
9	140	28015.6899
9	141	28230.2356
9	142	28444.312
9	143	28657.8116
9	144	28870.6151
9	145	29082.5894
9	146	29293.5832
9	147	29503.4234
9	148	29711.9073
9	149	29918.7927
9	150	30123.7816
9	151	30326.4915
9	152	30526.3966
9	153	30722.6907
9	154	30913.9845
9	155	31098.2617
9	156	31273.9685
10	0	10332.6248
10	1	10334.7683
10	2	10339.055
10	3	10345.4846
10	4	10354.0567
10	5	10364.7706
10	6	10377.6253
10	7	10392.62
10	8	10409.7534
10	9	10429.0241
10	10	10450.4308
10	11	10473.9716
10	12	10499.6447
10	13	10527.4481
10	14	10557.3797
10	15	10589.4369
10	16	10623.6174
10	17	10659.9184
10	18	10698.3371
10	19	10738.8703
10	20	10781.5149
10	21	10826.2676
10	22	10873.1246
10	23	10922.0824
10	24	10973.137
10	25	11026.2843
10	26	11081.5202
10	27	11138.8401
10	28	11198.2395
10	29	11259.7137
10	30	11323.2576
10	31	11388.8662
10	32	11456.5342
10	33	11526.2562
10	34	11598.0264
10	35	11671.8391
10	36	11747.6882
10	37	11825.5676
10	38	11905.471
10	39	11987.3918
10	40	12071.3233
10	41	12157.2586
10	42	12245.1906
10	43	12335.1121
10	44	12427.0157
10	45	12520.8936
10	46	12616.7382
10	47	12714.5413
10	48	12814.2948
10	49	12915.9904
10	50	13019.6195
10	51	13125.1732
10	52	13232.6428
10	53	13342.019
10	54	13453.2925
10	55	13566.4537
10	56	13681.4931
10	57	13798.4005
10	58	13917.1659
10	59	14037.779
10	60	14160.2293
10	61	14284.5059
10	62	14410.598
10	63	14538.4943
10	64	14668.1836
10	65	14799.6543
10	66	14932.8944
10	67	15067.8921
10	68	15204.6352
10	69	15343.111
10	70	15483.3069
10	71	15625.2101
10	72	15768.8074
10	73	15914.0854
10	74	16061.0304
10	75	16209.6286
10	76	16359.8658
10	77	16511.7278
10	78	16665.1999
10	79	16820.2672
10	80	16976.9146
10	81	17135.1267
10	82	17294.8877
10	83	17456.1818
10	84	17618.9927
10	85	17783.3038
10	86	17949.0983
10	87	18116.3591
10	88	18285.0688
10	89	18455.2096
10	90	18626.7633
10	91	18799.7117
10	92	18974.0359
10	93	19149.7169
10	94	19326.7351
10	95	19505.0707
10	96	19684.7035
10	97	19865.6129
10	98	20047.7778
10	99	20231.1768
10	100	20415.7881
10	101	20601.5892
10	102	20788.5574
10	103	20976.6694
10	104	21165.9013
10	105	21356.229
10	106	21547.6274
10	107	21740.0712
10	108	21933.5343
10	109	22127.99
10	110	22323.4111
10	111	22519.7695
10	112	22717.0365
10	113	22915.1825
10	114	23114.1773
10	115	23313.9897
10	116	23514.5876
10	117	23715.9379
10	118	23918.0067
10	119	24120.7588
10	120	24324.1579
10	121	24528.1663
10	122	24732.7452
10	123	24937.8541
10	124	25143.4512
10	125	25349.4928
10	126	25555.9333
10	127	25762.7253
10	128	25969.819
10	129	26177.1622
10	130	26384.6999
10	131	26592.3742
10	132	26800.1238
10	133	27007.8838
10	134	27215.5846
10	135	27423.152
10	136	27630.5064
10	137	27837.5613
10	138	28044.223
10	139	28250.3887
10	140	28455.9449
10	141	28660.7655
10	142	28864.708
10	143	29067.6101
10	144	29269.2836
10	145	29469.5058
10	146	29668.0064
10	147	29864.4455
10	148	30058.3712
10	149	30249.1264
10	150	30435.6225
10	151	30616.0384
10	152	30788.8408
11	0	11192.0689
11	1	11194.1753
11	2	11198.388
11	3	11204.7067
11	4	11213.1308
11	5	11223.6597
11	6	11236.2924
11	7	11251.028
11	8	11267.8653
11	9	11286.8029
11	10	11307.8393
11	11	11330.9728
11	12	11356.2014
11	13	11383.5232
11	14	11412.936
11	15	11444.4372
11	16	11478.0245
11	17	11513.695
11	18	11551.4458
11	19	11591.2738
11	20	11633.1758
11	21	11677.1484
11	22	11723.188
11	23	11771.2907
11	24	11821.4527
11	25	11873.6698
11	26	11927.9376
11	27	11984.2518
11	28	12042.6077
11	29	12103.0004
11	30	12165.425
11	31	12229.8761
11	32	12296.3486
11	33	12364.8368
11	34	12435.3351
11	35	12507.8374
11	36	12582.3378
11	37	12658.8299
11	38	12737.3074
11	39	12817.7635
11	40	12900.1915
11	41	12984.5843
11	42	13070.9348
11	43	13159.2356
11	44	13249.4792
11	45	13341.6577
11	46	13435.7632
11	47	13531.7877
11	48	13629.7227
11	49	13729.5597
11	50	13831.2901
11	51	13934.9049
11	52	14040.395
11	53	14147.7511
11	54	14256.9636
11	55	14368.023
11	56	14480.9192
11	57	14595.6421
11	58	14712.1813
11	59	14830.5265
11	60	14950.6667
11	61	15072.591
11	62	15196.2882
11	63	15321.747
11	64	15448.9556
11	65	15577.9023
11	66	15708.5749
11	67	15840.9612
11	68	15975.0486
11	69	16110.8243
11	70	16248.2754
11	71	16387.3885
11	72	16528.1501
11	73	16670.5465
11	74	16814.5637
11	75	16960.1875
11	76	17107.4032
11	77	17256.1961
11	78	17406.5511
11	79	17558.4529
11	80	17711.8858
11	81	17866.834
11	82	18023.2812
11	83	18181.2108
11	84	18340.6062
11	85	18501.4501
11	86	18663.725
11	87	18827.4132
11	88	18992.4966
11	89	19158.9566
11	90	19326.7745
11	91	19495.931
11	92	19666.4065
11	93	19838.1811
11	94	20011.2343
11	95	20185.5454
11	96	20361.0931
11	97	20537.8558
11	98	20715.8114
11	99	20894.9371
11	100	21075.2099
11	101	21256.6061
11	102	21439.1017
11	103	21622.6717
11	104	21807.291
11	105	21992.9335
11	106	22179.5726
11	107	22367.1812
11	108	22555.7312
11	109	22745.1939
11	110	22935.5397
11	111	23126.7384
11	112	23318.7587
11	113	23511.5684
11	114	23705.1344
11	115	23899.4223
11	116	24094.3969
11	117	24290.0215
11	118	24486.2583
11	119	24683.068
11	120	24880.4097
11	121	25078.241
11	122	25276.5176
11	123	25475.1934
11	124	25674.2199
11	125	25873.5466
11	126	26073.1201
11	127	26272.8844
11	128	26472.78
11	129	26672.744
11	130	26872.7096
11	131	27072.605
11	132	27272.3536
11	133	27471.8725
11	134	27671.0717
11	135	27869.8531
11	136	28068.1087
11	137	28265.7188
11	138	28462.5489
11	139	28658.4468
11	140	28853.2369
11	141	29046.7136
11	142	29238.6301
11	143	29428.6812
11	144	29616.4715
11	145	29801.4503
11	146	29982.7534
11	147	30158.8866
11	148	30327.9143
12	0	12028.9476
12	1	12031.0166
12	2	12035.1544
12	3	12041.3607
12	4	12049.6349
12	5	12059.9764
12	6	12072.3844
12	7	12086.8577
12	8	12103.3951
12	9	12121.9953
12	10	12142.6568
12	11	12165.3777
12	12	12190.1562
12	13	12216.9902
12	14	12245.8775
12	15	12276.8156
12	16	12309.802
12	17	12344.8338
12	18	12381.9081
12	19	12421.0218
12	20	12462.1715
12	21	12505.3539
12	22	12550.5652
12	23	12597.8016
12	24	12647.0591
12	25	12698.3335
12	26	12751.6204
12	27	12806.9154
12	28	12864.2136
12	29	12923.5102
12	30	12984.8001
12	31	13048.078
12	32	13113.3385
12	33	13180.5759
12	34	13249.7844
12	35	13320.9581
12	36	13394.0906
12	37	13469.1758
12	38	13546.2069
12	39	13625.1772
12	40	13706.0799
12	41	13788.9078
12	42	13873.6535
12	43	13960.3096
12	44	14048.8683
12	45	14139.3218
12	46	14231.662
12	47	14325.8805
12	48	14421.9689
12	49	14519.9185
12	50	14619.7205
12	51	14721.3656
12	52	14824.8446
12	53	14930.148
12	54	15037.2661
12	55	15146.189
12	56	15256.9064
12	57	15369.4082
12	58	15483.6836
12	59	15599.7219
12	60	15717.5122
12	61	15837.0431
12	62	15958.3031
12	63	16081.2807
12	64	16205.9639
12	65	16332.3404
12	66	16460.398
12	67	16590.124
12	68	16721.5054
12	69	16854.5292
12	70	16989.1819
12	71	17125.45
12	72	17263.3194
12	73	17402.7761
12	74	17543.8055
12	75	17686.3929
12	76	17830.5234
12	77	17976.1817
12	78	18123.352
12	79	18272.0187
12	80	18422.1654
12	81	18573.7756
12	82	18726.8326
12	83	18881.3192
12	84	19037.2178
12	85	19194.5106
12	86	19353.1794
12	87	19513.2058
12	88	19674.5706
12	89	19837.2546
12	90	20001.2381
12	91	20166.5009
12	92	20333.0225
12	93	20500.7818
12	94	20669.7574
12	95	20839.9274
12	96	21011.2693
12	97	21183.7602
12	98	21357.3765
12	99	21532.0944
12	100	21707.8891
12	101	21884.7355
12	102	22062.6077
12	103	22241.4792
12	104	22421.3228
12	105	22602.1106
12	106	22783.8139
12	107	22966.4031
12	108	23149.8479
12	109	23334.1169
12	110	23519.1779
12	111	23704.9976
12	112	23891.5415
12	113	24078.7741
12	114	24266.6584
12	115	24455.1564
12	116	24644.2283
12	117	24833.8328
12	118	25023.927
12	119	25214.4659
12	120	25405.4027
12	121	25596.6882
12	122	25788.2707
12	123	25980.096
12	124	26172.1064
12	125	26364.2413
12	126	26556.436
12	127	26748.6215
12	128	26940.7238
12	129	27132.6634
12	130	27324.3541
12	131	27515.702
12	132	27706.6043
12	133	27896.9471
12	134	28086.6033
12	135	28275.4296
12	136	28463.2617
12	137	28649.909
12	138	28835.1446
12	139	29018.6917
12	140	29200.1992
12	141	29379.194
12	142	29554.971
12	143	29726.3363
12	144	29891.4063
12	145	30049.0578
13	0	12843.0086
13	1	12845.0396
13	2	12849.1015
13	3	12855.1939
13	4	12863.3162
13	5	12873.4679
13	6	12885.6479
13	7	12899.8553
13	8	12916.0888
13	9	12934.3471
13	10	12954.6284
13	11	12976.9312
13	12	13001.2534
13	13	13027.5929
13	14	13055.9475
13	15	13086.3146
13	16	13118.6918
13	17	13153.076
13	18	13189.4644
13	19	13227.8537
13	20	13268.2406
13	21	13310.6215
13	22	13354.9929
13	23	13401.3506
13	24	13449.6908
13	25	13500.009
13	26	13552.301
13	27	13606.5619
13	28	13662.7872
13	29	13720.9717
13	30	13781.1103
13	31	13843.1976
13	32	13907.228
13	33	13973.196
13	34	14041.0954
13	35	14110.9203
13	36	14182.6642
13	37	14256.3208
13	38	14331.8833
13	39	14409.3449
13	40	14488.6984
13	41	14569.9367
13	42	14653.0522
13	43	14738.0374
13	44	14824.8842
13	45	14913.5848
13	46	15004.1307
13	47	15096.5136
13	48	15190.7248
13	49	15286.7553
13	50	15384.5961
13	51	15484.238
13	52	15585.6713
13	53	15688.8864
13	54	15793.8733
13	55	15900.6218
13	56	16009.1216
13	57	16119.362
13	58	16231.3323
13	59	16345.0212
13	60	16460.4176
13	61	16577.5099
13	62	16696.2864
13	63	16816.7349
13	64	16938.8433
13	65	17062.5989
13	66	17187.9892
13	67	17315.001
13	68	17443.621
13	69	17573.8358
13	70	17705.6314
13	71	17838.9938
13	72	17973.9086
13	73	18110.3612
13	74	18248.3365
13	75	18387.8194
13	76	18528.7942
13	77	18671.2451
13	78	18815.1559
13	79	18960.5101
13	80	19107.2909
13	81	19255.481
13	82	19405.0628
13	83	19556.0186
13	84	19708.3299
13	85	19861.9782
13	86	20016.9443
13	87	20173.2089
13	88	20330.7519
13	89	20489.5531
13	90	20649.5916
13	91	20810.8464
13	92	20973.2955
13	93	21136.9168
13	94	21301.6876
13	95	21467.5844
13	96	21634.5835
13	97	21802.6604
13	98	21971.7899
13	99	22141.9464
13	100	22313.1035
13	101	22485.2339
13	102	22658.3098
13	103	22832.3026
13	104	23007.1826
13	105	23182.9194
13	106	23359.4817
13	107	23536.8372
13	108	23714.9522
13	109	23893.7924
13	110	24073.3217
13	111	24253.5032
13	112	24434.2982
13	113	24615.6666
13	114	24797.5667
13	115	24979.955
13	116	25162.7859
13	117	25346.0118
13	118	25529.5826
13	119	25713.4456
13	120	25897.5454
13	121	26081.823
13	122	26266.2161
13	123	26450.6581
13	124	26635.0779
13	125	26819.3989
13	126	27003.5385
13	127	27187.4068
13	128	27370.9056
13	129	27553.9266
13	130	27736.3492
13	131	27918.0382
13	132	28098.8395
13	133	28278.5749
13	134	28457.035
13	135	28633.9664
13	136	28809.0533
13	137	28981.8807
13	138	29151.856
13	139	29318.0172
13	140	29478.729
13	141	29632.3647
14	0	13633.9861
14	1	13635.9787
14	2	13639.9635
14	3	13645.9403
14	4	13653.9086
14	5	13663.8676
14	6	13675.8164
14	7	13689.754
14	8	13705.6792
14	9	13723.5904
14	10	13743.4861
14	11	13765.3645
14	12	13789.2236
14	13	13815.0613
14	14	13842.8753
14	15	13872.663
14	16	13904.4218
14	17	13938.1488
14	18	13973.8409
14	19	14011.4949
14	20	14051.1075
14	21	14092.6749
14	22	14136.1935
14	23	14181.6592
14	24	14229.0679
14	25	14278.4152
14	26	14329.6967
14	27	14382.9077
14	28	14438.0431
14	29	14495.0981
14	30	14554.0672
14	31	14614.945
14	32	14677.7258
14	33	14742.4039
14	34	14808.9731
14	35	14877.4273
14	36	14947.7599
14	37	15019.9645
14	38	15094.034
14	39	15169.9617
14	40	15247.7401
14	41	15327.3619
14	42	15408.8194
14	43	15492.1049
14	44	15577.2102
14	45	15664.1272
14	46	15752.8474
14	47	15843.362
14	48	15935.6623
14	49	16029.7392
14	50	16125.5832
14	51	16223.185
14	52	16322.5347
14	53	16423.6223
14	54	16526.4377
14	55	16630.9703
14	56	16737.2096
14	57	16845.1447
14	58	16954.7643
14	59	17066.0571
14	60	17179.0115
14	61	17293.6156
14	62	17409.8572
14	63	17527.724
14	64	17647.2032
14	65	17768.2821
14	66	17890.9474
14	67	18015.1856
14	68	18140.983
14	69	18268.3256
14	70	18397.1991
14	71	18527.5888
14	72	18659.4799
14	73	18792.857
14	74	18927.7047
14	75	19064.0071
14	76	19201.748
14	77	19340.9108
14	78	19481.4787
14	79	19623.4344
14	80	19766.7603
14	81	19911.4384
14	82	20057.4502
14	83	20204.7771
14	84	20353.3997
14	85	20503.2985
14	86	20654.4534
14	87	20806.8438
14	88	20960.4486
14	89	21115.2464
14	90	21271.2151
14	91	21428.3322
14	92	21586.5745
14	93	21745.9183
14	94	21906.3393
14	95	22067.8125
14	96	22230.3122
14	97	22393.8122
14	98	22558.2854
14	99	22723.7038
14	100	22890.0389
14	101	23057.2611
14	102	23225.3399
14	103	23394.2439
14	104	23563.9405
14	105	23734.3963
14	106	23905.5763
14	107	24077.4445
14	108	24249.9636
14	109	24423.0944
14	110	24596.7967
14	111	24771.0279
14	112	24945.7442
14	113	25120.8991
14	114	25296.4442
14	115	25472.3286
14	116	25648.4984
14	117	25824.8968
14	118	26001.4635
14	119	26178.1343
14	120	26354.8407
14	121	26531.5089
14	122	26708.0596
14	123	26884.4068
14	124	27060.4564
14	125	27236.1051
14	126	27411.2384
14	127	27585.7282
14	128	27759.4291
14	129	27932.1744
14	130	28103.7689
14	131	28273.9793
14	132	28442.5179
14	133	28609.0144
14	134	28772.9573
14	135	28933.5523
14	136	29089.4328
14	137	29238.7829
15	0	14401.6002
15	1	14403.5536
15	2	14407.4602
15	3	14413.3196
15	4	14421.1314
15	5	14430.8947
15	6	14442.6087
15	7	14456.2723
15	8	14471.8841
15	9	14489.4429
15	10	14508.9468
15	11	14530.3941
15	12	14553.7828
15	13	14579.1107
15	14	14606.3755
15	15	14635.5745
15	16	14666.7051
15	17	14699.7642
15	18	14734.7489
15	19	14771.6558
15	20	14810.4814
15	21	14851.222
15	22	14893.8738
15	23	14938.4328
15	24	14984.8947
15	25	15033.2551
15	26	15083.5094
15	27	15135.6527
15	28	15189.6801
15	29	15245.5864
15	30	15303.3661
15	31	15363.0138
15	32	15424.5236
15	33	15487.8895
15	34	15553.1054
15	35	15620.1649
15	36	15689.0615
15	37	15759.7882
15	38	15832.3383
15	39	15906.7044
15	40	15982.8792
15	41	16060.8551
15	42	16140.6242
15	43	16222.1786
15	44	16305.51
15	45	16390.6099
15	46	16477.4697
15	47	16566.0804
15	48	16656.433
15	49	16748.5182
15	50	16842.3263
15	51	16937.8475
15	52	17035.0719
15	53	17133.9891
15	54	17234.5886
15	55	17336.8598
15	56	17440.7915
15	57	17546.3726
15	58	17653.5916
15	59	17762.4367
15	60	17872.896
15	61	17984.957
15	62	18098.6074
15	63	18213.8342
15	64	18330.6244
15	65	18448.9646
15	66	18568.8411
15	67	18690.2399
15	68	18813.1469
15	69	18937.5474
15	70	19063.4265
15	71	19190.7691
15	72	19319.5595
15	73	19449.7819
15	74	19581.4201
15	75	19714.4575
15	76	19848.8771
15	77	19984.6616
15	78	20121.7933
15	79	20260.254
15	80	20400.0254
15	81	20541.0883
15	82	20683.4235
15	83	20827.011
15	84	20971.8306
15	85	21117.8614
15	86	21265.0822
15	87	21413.4711
15	88	21563.0057
15	89	21713.6631
15	90	21865.4197
15	91	22018.2512
15	92	22172.1329
15	93	22327.0392
15	94	22482.9439
15	95	22639.82
15	96	22797.6396
15	97	22956.374
15	98	23115.9937
15	99	23276.4683
15	100	23437.766
15	101	23599.8543
15	102	23762.6995
15	103	23926.2666
15	104	24090.5191
15	105	24255.4193
15	106	24420.928
15	107	24587.004
15	108	24753.6047
15	109	24920.6851
15	110	25088.1983
15	111	25256.0949
15	112	25424.3228
15	113	25592.8271
15	114	25761.5495
15	115	25930.428
15	116	26099.3965
15	117	26268.384
15	118	26437.3142
15	119	26606.1044
15	120	26774.6646
15	121	26942.8961
15	122	27110.6896
15	123	27277.9234
15	124	27444.46
15	125	27610.1423
15	126	27774.7876
15	127	27938.179
15	128	28100.0521
15	129	28260.0714
15	130	28417.7851
15	131	28572.5184
15	132	28723.1297
15	133	28867.8654
15	134	29005.814
16	0	15145.5549
16	1	15147.4685
16	2	15151.2956
16	3	15157.0357
16	4	15164.6883
16	5	15174.2526
16	6	15185.7278
16	7	15199.1127
16	8	15214.406
16	9	15231.6063
16	10	15250.7118
16	11	15271.7207
16	12	15294.631
16	13	15319.4404
16	14	15346.1465
16	15	15374.7467
16	16	15405.2382
16	17	15437.618
16	18	15471.883
16	19	15508.0297
16	20	15546.0546
16	21	15585.954
16	22	15627.7239
16	23	15671.3601
16	24	15716.8585
16	25	15764.2143
16	26	15813.423
16	27	15864.4795
16	28	15917.3788
16	29	15972.1156
16	30	16028.6843
16	31	16087.0792
16	32	16147.2945
16	33	16209.3239
16	34	16273.1612
16	35	16338.7999
16	36	16406.2331
16	37	16475.4539
16	38	16546.4553
16	39	16619.2297
16	40	16693.7697
16	41	16770.0674
16	42	16848.1148
16	43	16927.9036
16	44	17009.4254
16	45	17092.6714
16	46	17177.6328
16	47	17264.3005
16	48	17352.6649
16	49	17442.7166
16	50	17534.4456
16	51	17627.8419
16	52	17722.895
16	53	17819.5945
16	54	17917.9294
16	55	18017.8887
16	56	18119.4609
16	57	18222.6346
16	58	18327.3977
16	59	18433.7381
16	60	18541.6434
16	61	18651.1008
16	62	18762.0974
16	63	18874.6198
16	64	18988.6543
16	65	19104.1872
16	66	19221.2041
16	67	19339.6905
16	68	19459.6315
16	69	19581.012
16	70	19703.8163
16	71	19828.0286
16	72	19953.6325
16	73	20080.6115
16	74	20208.9485
16	75	20338.626
16	76	20469.6263
16	77	20601.931
16	78	20735.5216
16	79	20870.3789
16	80	21006.4832
16	81	21143.8144
16	82	21282.3521
16	83	21422.0751
16	84	21562.9618
16	85	21704.9899
16	86	21848.1366
16	87	21992.3786
16	88	22137.6918
16	89	22284.0514
16	90	22431.4321
16	91	22579.8076
16	92	22729.151
16	93	22879.4344
16	94	23030.6292
16	95	23182.7059
16	96	23335.6337
16	97	23489.3811
16	98	23643.9153
16	99	23799.2023
16	100	23955.2069
16	101	24111.8923
16	102	24269.2205
16	103	24427.1518
16	104	24585.6444
16	105	24744.6552
16	106	24904.1384
16	107	25064.0462
16	108	25224.3283
16	109	25384.9313
16	110	25545.7991
16	111	25706.8716
16	112	25868.085
16	113	26029.3709
16	114	26190.6558
16	115	26351.8602
16	116	26512.8975
16	117	26673.6732
16	118	26834.083
16	119	26994.0106
16	120	27153.3255
16	121	27311.8788
16	122	27469.4985
16	123	27625.9816
16	124	27781.0825
16	125	27934.4935
16	126	28085.8074
16	127	28234.435
16	128	28379.4054
16	129	28519.1237
16	130	28652.372
17	0	15865.5375
17	1	15867.4106
17	2	15871.1567
17	3	15876.7752
17	4	15884.2658
17	5	15893.6276
17	6	15904.8596
17	7	15917.9608
17	8	15932.9298
17	9	15949.765
17	10	15968.4648
17	11	15989.0274
17	12	16011.4504
17	13	16035.7318
17	14	16061.869
17	15	16089.8594
17	16	16119.7
17	17	16151.3878
17	18	16184.9197
17	19	16220.292
17	20	16257.5013
17	21	16296.5436
17	22	16337.4149
17	23	16380.1109
17	24	16424.6273
17	25	16470.9594
17	26	16519.1023
17	27	16569.0511
17	28	16620.8004
17	29	16674.3448
17	30	16729.6787
17	31	16786.7962
17	32	16845.6912
17	33	16906.3574
17	34	16968.7884
17	35	17032.9774
17	36	17098.9175
17	37	17166.6016
17	38	17236.0223
17	39	17307.1719
17	40	17380.0428
17	41	17454.6268
17	42	17530.9158
17	43	17608.9011
17	44	17688.5741
17	45	17769.9258
17	46	17852.9471
17	47	17937.6284
17	48	18023.9601
17	49	18111.9322
17	50	18201.5346
17	51	18292.7568
17	52	18385.588
17	53	18480.0175
17	54	18576.0338
17	55	18673.6255
17	56	18772.7808
17	57	18873.4876
17	58	18975.7337
17	59	19079.5062
17	60	19184.7923
17	61	19291.5788
17	62	19399.8521
17	63	19509.5982
17	64	19620.8031
17	65	19733.452
17	66	19847.5303
17	67	19963.0226
17	68	20079.9133
17	69	20198.1865
17	70	20317.8258
17	71	20438.8146
17	72	20561.1356
17	73	20684.7713
17	74	20809.7038
17	75	20935.9146
17	76	21063.3849
17	77	21192.0952
17	78	21322.0257
17	79	21453.1561
17	80	21585.4655
17	81	21718.9324
17	82	21853.5348
17	83	21989.25
17	84	22126.0548
17	85	22263.9253
17	86	22402.8368
17	87	22542.764
17	88	22683.6808
17	89	22825.5602
17	90	22968.3745
17	91	23112.0949
17	92	23256.6918
17	93	23402.1345
17	94	23548.3912
17	95	23695.4289
17	96	23843.2135
17	97	23991.7095
17	98	24140.8797
17	99	24290.6857
17	100	24441.0871
17	101	24592.0419
17	102	24743.5058
17	103	24895.4326
17	104	25047.7733
17	105	25200.4764
17	106	25353.4874
17	107	25506.7483
17	108	25660.1975
17	109	25813.7688
17	110	25967.3913
17	111	26120.9884
17	112	26274.4769
17	113	26427.7658
17	114	26580.7551
17	115	26733.3336
17	116	26885.3767
17	117	27036.7427
17	118	27187.2687
17	119	27336.7631
17	120	27484.9959
17	121	27631.6811
17	122	27776.4458
17	123	27918.7622
17	124	28057.7828
17	125	28192.0794
17	126	28320.2155
18	0	16561.2165
18	1	16563.0483
18	2	16566.7118
18	3	16572.2065
18	4	16579.5318
18	5	16588.6871
18	6	16599.6713
18	7	16612.4832
18	8	16627.1215
18	9	16643.5846
18	10	16661.8708
18	11	16681.9781
18	12	16703.9044
18	13	16727.6474
18	14	16753.2044
18	15	16780.5728
18	16	16809.7496
18	17	16840.7317
18	18	16873.5158
18	19	16908.0982
18	20	16944.4754
18	21	16982.6432
18	22	17022.5977
18	23	17064.3343
18	24	17107.8486
18	25	17153.1359
18	26	17200.1911
18	27	17249.009
18	28	17299.5843
18	29	17351.9113
18	30	17405.9843
18	31	17461.7972
18	32	17519.3437
18	33	17578.6174
18	34	17639.6116
18	35	17702.3194
18	36	17766.7336
18	37	17832.8469
18	38	17900.6517
18	39	17970.1401
18	40	18041.3041
18	41	18114.1354
18	42	18188.6255
18	43	18264.7656
18	44	18342.5466
18	45	18421.9593
18	46	18502.9942
18	47	18585.6415
18	48	18669.8911
18	49	18755.7327
18	50	18843.1559
18	51	18932.1496
18	52	19022.7029
18	53	19114.8043
18	54	19208.4421
18	55	19303.6044
18	56	19400.2789
18	57	19498.4529
18	58	19598.1137
18	59	19699.248
18	60	19801.8423
18	61	19905.8826
18	62	20011.3549
18	63	20118.2446
18	64	20226.5367
18	65	20336.2161
18	66	20447.267
18	67	20559.6734
18	68	20673.4188
18	69	20788.4865
18	70	20904.8592
18	71	21022.5191
18	72	21141.4482
18	73	21261.6276
18	74	21383.0385
18	75	21505.661
18	76	21629.4752
18	77	21754.4602
18	78	21880.5948
18	79	22007.8572
18	80	22136.2249
18	81	22265.6747
18	82	22396.1828
18	83	22527.7248
18	84	22660.2753
18	85	22793.8082
18	86	22928.2967
18	87	23063.7129
18	88	23200.0282
18	89	23337.2126
18	90	23475.2355
18	91	23614.0649
18	92	23753.6675
18	93	23894.009
18	94	24035.0535
18	95	24176.7634
18	96	24319.0998
18	97	24462.0217
18	98	24605.4864
18	99	24749.4489
18	100	24893.8618
18	101	25038.6751
18	102	25183.8361
18	103	25329.2886
18	104	25474.9729
18	105	25620.825
18	106	25766.7764
18	107	25912.7531
18	108	26058.6748
18	109	26204.4539
18	110	26349.994
18	111	26495.1885
18	112	26639.9178
18	113	26784.0465
18	114	26927.4191
18	115	27069.8538
18	116	27211.1328
18	117	27350.9876
18	118	27489.071
18	119	27624.8992
18	120	27757.7114
18	121	27886.2165
18	122	28008.9272
19	0	17232.2398
19	1	17234.0295
19	2	17237.6086
19	3	17242.9769
19	4	17250.1336
19	5	17259.078
19	6	17269.8091
19	7	17282.3257
19	8	17296.6264
19	9	17312.7096
19	10	17330.5734
19	11	17350.216
19	12	17371.635
19	13	17394.8281
19	14	17419.7926
19	15	17446.5258
19	16	17475.0246
19	17	17505.2859
19	18	17537.306
19	19	17571.0815
19	20	17606.6085
19	21	17643.8829
19	22	17682.9004
19	23	17723.6566
19	24	17766.1468
19	25	17810.3661
19	26	17856.3092
19	27	17903.971
19	28	17953.3459
19	29	18004.428
19	30	18057.2113
19	31	18111.6897
19	32	18167.8567
19	33	18225.7056
19	34	18285.2294
19	35	18346.4212
19	36	18409.2733
19	37	18473.7784
19	38	18539.9284
19	39	18607.7153
19	40	18677.1308
19	41	18748.1662
19	42	18820.8128
19	43	18895.0613
19	44	18970.9025
19	45	19048.3268
19	46	19127.3241
19	47	19207.8844
19	48	19289.9972
19	49	19373.6518
19	50	19458.8372
19	51	19545.5421
19	52	19633.7549
19	53	19723.4637
19	54	19814.6563
19	55	19907.3202
19	56	20001.4425
19	57	20097.01
19	58	20194.0093
19	59	20292.4265
19	60	20392.2473
19	61	20493.4572
19	62	20596.0413
19	63	20699.9842
19	64	20805.2702
19	65	20911.8831
19	66	21019.8065
19	67	21129.0232
19	68	21239.5159
19	69	21351.2667
19	70	21464.2571
19	71	21578.4684
19	72	21693.881
19	73	21810.4751
19	74	21928.2302
19	75	22047.1252
19	76	22167.1383
19	77	22288.2473
19	78	22410.4291
19	79	22533.66
19	80	22657.9156
19	81	22783.1706
19	82	22909.3991
19	83	23036.574
19	84	23164.6676
19	85	23293.6509
19	86	23423.4942
19	87	23554.1665
19	88	23685.6356
19	89	23817.868
19	90	23950.8289
19	91	24084.4821
19	92	24218.7895
19	93	24353.7116
19	94	24489.2068
19	95	24625.2315
19	96	24761.7397
19	97	24898.6829
19	98	25036.0099
19	99	25173.6662
19	100	25311.594
19	101	25449.7313
19	102	25588.0116
19	103	25726.3635
19	104	25864.7091
19	105	26002.9638
19	106	26141.0347
19	107	26278.8187
19	108	26416.2008
19	109	26553.0507
19	110	26689.2192
19	111	26824.5323
19	112	26958.7821
19	113	27091.7133
19	114	27222.9978
19	115	27352.1826
19	116	27478.564
19	117	27600.9495
19	118	27717.8793
20	0	17878.2327
20	1	17879.9793
20	2	17883.4723
20	3	17888.7113
20	4	17895.6956
20	5	17904.4244
20	6	17914.8967
20	7	17927.1114
20	8	17941.0668
20	9	17956.7614
20	10	17974.1934
20	11	17993.3606
20	12	18014.2608
20	13	18036.8914
20	14	18061.25
20	15	18087.3334
20	16	18115.1386
20	17	18144.6623
20	18	18175.9009
20	19	18208.8506
20	20	18243.5076
20	21	18279.8676
20	22	18317.9261
20	23	18357.6787
20	24	18399.1204
20	25	18442.2461
20	26	18487.0506
20	27	18533.5284
20	28	18581.6736
20	29	18631.4804
20	30	18682.9424
20	31	18736.0533
20	32	18790.8064
20	33	18847.1948
20	34	18905.2112
20	35	18964.8483
20	36	19026.0985
20	37	19088.9538
20	38	19153.406
20	39	19219.4469
20	40	19287.0676
20	41	19356.2592
20	42	19427.0126
20	43	19499.3183
20	44	19573.1665
20	45	19648.5472
20	46	19725.45
20	47	19803.8644
20	48	19883.7794
20	49	19965.1839
20	50	20048.0663
20	51	20132.4148
20	52	20218.2172
20	53	20305.4611
20	54	20394.1336
20	55	20484.2217
20	56	20575.7117
20	57	20668.5897
20	58	20762.8417
20	59	20858.4529
20	60	20955.4083
20	61	21053.6925
20	62	21153.2896
20	63	21254.1834
20	64	21356.3572
20	65	21459.7938
20	66	21564.4756
20	67	21670.3843
20	68	21777.5014
20	69	21885.8077
20	70	21995.2834
20	71	22105.9083
20	72	22217.6613
20	73	22330.521
20	74	22444.4652
20	75	22559.4709
20	76	22675.5145
20	77	22792.5716
20	78	22910.6171
20	79	23029.6248
20	80	23149.5679
20	81	23270.4183
20	82	23392.1472
20	83	23514.7246
20	84	23638.1191
20	85	23762.2984
20	86	23887.2288
20	87	24012.8749
20	88	24139.2
20	89	24266.1655
20	90	24393.7311
20	91	24521.8544
20	92	24650.4909
20	93	24779.5934
20	94	24909.112
20	95	25038.9941
20	96	25169.1833
20	97	25299.6195
20	98	25430.2382
20	99	25560.9699
20	100	25691.7392
20	101	25822.464
20	102	25953.0543
20	103	26083.4102
20	104	26213.4203
20	105	26342.9588
20	106	26471.8814
20	107	26600.02
20	108	26727.1746
20	109	26853.0994
20	110	26977.4795
20	111	27099.8814
20	112	27219.6342
20	113	27335.6056
20	114	27446.4026
21	0	18498.7955
21	1	18500.498
21	2	18503.9027
21	3	18509.0092
21	4	18515.8169
21	5	18524.3249
21	6	18534.5322
21	7	18546.4375
21	8	18560.0393
21	9	18575.3359
21	10	18592.3254
21	11	18611.0056
21	12	18631.3743
21	13	18653.4287
21	14	18677.1663
21	15	18702.5838
21	16	18729.6782
21	17	18758.446
21	18	18788.8835
21	19	18820.9868
21	20	18854.7519
21	21	18890.1743
21	22	18927.2496
21	23	18965.9728
21	24	19006.3391
21	25	19048.3431
21	26	19091.9794
21	27	19137.2423
21	28	19184.1256
21	29	19232.6234
21	30	19282.729
21	31	19334.4359
21	32	19387.737
21	33	19442.6253
21	34	19499.0931
21	35	19557.1329
21	36	19616.7366
21	37	19677.896
21	38	19740.6026
21	39	19804.8477
21	40	19870.6221
21	41	19937.9166
21	42	20006.7216
21	43	20077.027
21	44	20148.8228
21	45	20222.0984
21	46	20296.843
21	47	20373.0455
21	48	20450.6944
21	49	20529.7779
21	50	20610.2839
21	51	20692.2001
21	52	20775.5135
21	53	20860.211
21	54	20946.2791
21	55	21033.7039
21	56	21122.471
21	57	21212.5657
21	58	21303.9731
21	59	21396.6774
21	60	21490.6627
21	61	21585.9126
21	62	21682.4102
21	63	21780.138
21	64	21879.0782
21	65	21979.2123
21	66	22080.5214
21	67	22182.9858
21	68	22286.5856
21	69	22391.2998
21	70	22497.1071
21	71	22603.9854
21	72	22711.9119
21	73	22820.863
21	74	22930.8143
21	75	23041.7407
21	76	23153.616
21	77	23266.4132
21	78	23380.1043
21	79	23494.6601
21	80	23610.0504
21	81	23726.2438
21	82	23843.2075
21	83	23960.9071
21	84	24079.3071
21	85	24198.3699
21	86	24318.0565
21	87	24438.3254
21	88	24559.1335
21	89	24680.4348
21	90	24802.181
21	91	24924.3207
21	92	25046.799
21	93	25169.5575
21	94	25292.5335
21	95	25415.6592
21	96	25538.8613
21	97	25662.06
21	98	25785.1674
21	99	25908.0865
21	100	26030.7088
21	101	26152.9119
21	102	26274.5553
21	103	26395.4755
21	104	26515.4775
21	105	26634.322
21	106	26751.7015
21	107	26867.1913
21	108	26980.1307
21	109	27089.4116
21	110	27193.7494
22	0	19093.5
22	1	19095.1572
22	2	19098.4713
22	3	19103.442
22	4	19110.0685
22	5	19118.3499
22	6	19128.2853
22	7	19139.8731
22	8	19153.112
22	9	19168.0001
22	10	19184.5355
22	11	19202.7159
22	12	19222.5389
22	13	19244.0019
22	14	19267.1019
22	15	19291.8358
22	16	19318.2003
22	17	19346.1919
22	18	19375.8066
22	19	19407.0406
22	20	19439.8894
22	21	19474.3487
22	22	19510.4136
22	23	19548.0792
22	24	19587.3402
22	25	19628.1912
22	26	19670.6265
22	27	19714.6401
22	28	19760.2258
22	29	19807.3771
22	30	19856.0873
22	31	19906.3494
22	32	19958.1562
22	33	20011.5002
22	34	20066.3735
22	35	20122.7682
22	36	20180.6758
22	37	20240.0878
22	38	20300.9953
22	39	20363.3891
22	40	20427.2596
22	41	20492.5972
22	42	20559.3916
22	43	20627.6325
22	44	20697.3091
22	45	20768.4104
22	46	20840.925
22	47	20914.8412
22	48	20990.1468
22	49	21066.8294
22	50	21144.8762
22	51	21224.274
22	52	21305.0093
22	53	21387.068
22	54	21470.4357
22	55	21555.0977
22	56	21641.0386
22	57	21728.2429
22	58	21816.6943
22	59	21906.3761
22	60	21997.2713
22	61	22089.362
22	62	22182.6302
22	63	22277.057
22	64	22372.6231
22	65	22469.3084
22	66	22567.0924
22	67	22665.9537
22	68	22765.8704
22	69	22866.8196
22	70	22968.7779
22	71	23071.7208
22	72	23175.6231
22	73	23280.4587
22	74	23386.2003
22	75	23492.8199
22	76	23600.288
22	77	23708.574
22	78	23817.6462
22	79	23927.4714
22	80	24038.0147
22	81	24149.2399
22	82	24261.1087
22	83	24373.5811
22	84	24486.6148
22	85	24600.1653
22	86	24714.1852
22	87	24828.6246
22	88	24943.43
22	89	25058.5443
22	90	25173.9063
22	91	25289.4499
22	92	25405.1035
22	93	25520.789
22	94	25636.4205
22	95	25751.9031
22	96	25867.1305
22	97	25981.9828
22	98	26096.322
22	99	26209.9875
22	100	26322.7872
22	101	26434.4843
22	102	26544.7731
22	103	26653.2257
22	104	26759.1672
22	105	26861.4832
22	106	26959.0533
23	0	19661.8868
23	1	19663.4974
23	2	19666.7184
23	3	19671.5493
23	4	19677.9895
23	5	19686.038
23	6	19695.6936
23	7	19706.9551
23	8	19719.8208
23	9	19734.2888
23	10	19750.3571
23	11	19768.0234
23	12	19787.2852
23	13	19808.1396
23	14	19830.5837
23	15	19854.6142
23	16	19880.2277
23	17	19907.4205
23	18	19936.1884
23	19	19966.5275
23	20	19998.4331
23	21	20031.9006
23	22	20066.9251
23	23	20103.5013
23	24	20141.6238
23	25	20181.2869
23	26	20222.4846
23	27	20265.2106
23	28	20309.4586
23	29	20355.2216
23	30	20402.4927
23	31	20451.2645
23	32	20501.5295
23	33	20553.2798
23	34	20606.5072
23	35	20661.2032
23	36	20717.3591
23	37	20774.9658
23	38	20834.014
23	39	20894.4939
23	40	20956.3956
23	41	21019.7087
23	42	21084.4225
23	43	21150.5262
23	44	21218.0081
23	45	21286.8568
23	46	21357.0601
23	47	21428.6054
23	48	21501.4801
23	49	21575.6708
23	50	21651.1638
23	51	21727.9452
23	52	21806.0003
23	53	21885.3143
23	54	21965.8716
23	55	22047.6564
23	56	22130.6523
23	57	22214.8424
23	58	22300.2092
23	59	22386.7346
23	60	22474.4002
23	61	22563.1865
23	62	22653.0739
23	63	22744.0418
23	64	22836.069
23	65	22929.1334
23	66	23023.2125
23	67	23118.2826
23	68	23214.3193
23	69	23311.2974
23	70	23409.1904
23	71	23507.9711
23	72	23607.6109
23	73	23708.0803
23	74	23809.3483
23	75	23911.3826
23	76	24014.1494
23	77	24117.6133
23	78	24221.7372
23	79	24326.482
23	80	24431.8065
23	81	24537.6672
23	82	24644.018
23	83	24750.8098
23	84	24857.9906
23	85	24965.5045
23	86	25073.2914
23	87	25181.2867
23	88	25289.42
23	89	25397.6147
23	90	25505.7863
23	91	25613.8415
23	92	25721.6754
23	93	25829.1693
23	94	25936.1869
23	95	26042.5682
23	96	26148.1214
23	97	26252.6083
23	98	26355.7173
23	99	26457.003
23	100	26555.7461
23	101	26650.8107
23	102	26741.3817
24	0	20203.4604
24	1	20205.023
24	2	20208.1481
24	3	20212.835
24	4	20219.0831
24	5	20226.8915
24	6	20236.2589
24	7	20247.184
24	8	20259.6649
24	9	20273.6999
24	10	20289.2867
24	11	20306.423
24	12	20325.1061
24	13	20345.3331
24	14	20367.1008
24	15	20390.4059
24	16	20415.2447
24	17	20441.6133
24	18	20469.5076
24	19	20498.9232
24	20	20529.8553
24	21	20562.2992
24	22	20596.2495
24	23	20631.7009
24	24	20668.6476
24	25	20707.0836
24	26	20747.0027
24	27	20788.3982
24	28	20831.2634
24	29	20875.5911
24	30	20921.374
24	31	20968.6043
24	32	21017.2741
24	33	21067.3749
24	34	21118.8982
24	35	21171.8351
24	36	21226.1763
24	37	21281.9122
24	38	21339.0328
24	39	21397.528
24	40	21457.3871
24	41	21518.5991
24	42	21581.1527
24	43	21645.0362
24	44	21710.2374
24	45	21776.7439
24	46	21844.5428
24	47	21913.6206
24	48	21983.9637
24	49	22055.5579
24	50	22128.3883
24	51	22202.44
24	52	22277.6973
24	53	22354.1439
24	54	22431.7632
24	55	22510.5379
24	56	22590.4502
24	57	22671.4816
24	58	22753.6131
24	59	22836.8249
24	60	22921.0966
24	61	23006.407
24	62	23092.7342
24	63	23180.0555
24	64	23268.3471
24	65	23357.5848
24	66	23447.7428
24	67	23538.7948
24	68	23630.7131
24	69	23723.4689
24	70	23817.0322
24	71	23911.3715
24	72	24006.454
24	73	24102.2451
24	74	24198.7086
24	75	24295.8064
24	76	24393.4983
24	77	24491.7416
24	78	24590.4913
24	79	24689.6993
24	80	24789.3145
24	81	24889.2821
24	82	24989.543
24	83	25090.0336
24	84	25190.6846
24	85	25291.4201
24	86	25392.1568
24	87	25492.802
24	88	25593.2514
24	89	25693.3867
24	90	25793.0712
24	91	25892.1436
24	92	25990.4092
24	93	26087.6228
24	94	26183.4571
24	95	26277.4265
24	96	26368.7311
24	97	26456.2526
24	98	26539.653
25	0	20717.685
25	1	20719.198
25	2	20722.2239
25	3	20726.7621
25	4	20732.8118
25	5	20740.3721
25	6	20749.4416
25	7	20760.019
25	8	20772.1024
25	9	20785.6898
25	10	20800.779
25	11	20817.3674
25	12	20835.4522
25	13	20855.0304
25	14	20876.0987
25	15	20898.6536
25	16	20922.6911
25	17	20948.2073
25	18	20975.1977
25	19	21003.6577
25	20	21033.5824
25	21	21064.9666
25	22	21097.8049
25	23	21132.0914
25	24	21167.8202
25	25	21204.985
25	26	21243.579
25	27	21283.5954
25	28	21325.027
25	29	21367.8662
25	30	21412.1053
25	31	21457.7359
25	32	21504.7497
25	33	21553.1377
25	34	21602.891
25	35	21653.9999
25	36	21706.4546
25	37	21760.2449
25	38	21815.3602
25	39	21871.7896
25	40	21929.5216
25	41	21988.5446
25	42	22048.8464
25	43	22110.4145
25	44	22173.2357
25	45	22237.2967
25	46	22302.5836
25	47	22369.0818
25	48	22436.7767
25	49	22505.6526
25	50	22575.6938
25	51	22646.8836
25	52	22719.2051
25	53	22792.6405
25	54	22867.1715
25	55	22942.7792
25	56	23019.444
25	57	23097.1453
25	58	23175.8622
25	59	23255.5725
25	60	23336.2536
25	61	23417.8816
25	62	23500.4319
25	63	23583.8788
25	64	23668.1954
25	65	23753.3539
25	66	23839.3249
25	67	23926.0779
25	68	24013.5808
25	69	24101.7999
25	70	24190.6998
25	71	24280.2432
25	72	24370.3908
25	73	24461.1007
25	74	24552.3288
25	75	24644.0277
25	76	24736.1473
25	77	24828.6333
25	78	24921.4275
25	79	25014.4669
25	80	25107.6828
25	81	25200.9998
25	82	25294.3349
25	83	25387.5951
25	84	25480.676
25	85	25573.4579
25	86	25665.8019
25	87	25757.5427
25	88	25848.4779
25	89	25938.3478
25	90	26026.7922
25	91	26113.2499
25	92	26196.8113
25	93	26276.5683
26	0	21203.9778
26	1	21205.4395
26	2	21208.3626
26	3	21212.7466
26	4	21218.5907
26	5	21225.8939
26	6	21234.6548
26	7	21244.8718
26	8	21256.5431
26	9	21269.6666
26	10	21284.2398
26	11	21300.2602
26	12	21317.7246
26	13	21336.6301
26	14	21356.973
26	15	21378.7496
26	16	21401.9559
26	17	21426.5874
26	18	21452.6397
26	19	21480.1078
26	20	21508.9865
26	21	21539.2702
26	22	21570.9533
26	23	21604.0296
26	24	21638.4927
26	25	21674.3359
26	26	21711.5522
26	27	21750.1342
26	28	21790.0741
26	29	21831.3641
26	30	21873.9956
26	31	21917.9601
26	32	21963.2484
26	33	22009.8512
26	34	22057.7585
26	35	22106.9603
26	36	22157.446
26	37	22209.2046
26	38	22262.2247
26	39	22316.4945
26	40	22372.0017
26	41	22428.7338
26	42	22486.6775
26	43	22545.8191
26	44	22606.1447
26	45	22667.6395
26	46	22730.2883
26	47	22794.0755
26	48	22858.9847
26	49	22924.999
26	50	22992.1008
26	51	23060.272
26	52	23129.4937
26	53	23199.7462
26	54	23271.0092
26	55	23343.2615
26	56	23416.4809
26	57	23490.6447
26	58	23565.7288
26	59	23641.7083
26	60	23718.5572
26	61	23796.2483
26	62	23874.753
26	63	23954.0416
26	64	24034.0828
26	65	24114.8435
26	66	24196.2893
26	67	24278.3834
26	68	24361.0872
26	69	24444.3596
26	70	24528.1571
26	71	24612.433
26	72	24697.1376
26	73	24782.2173
26	74	24867.6142
26	75	24953.2656
26	76	25039.1027
26	77	25125.0502
26	78	25211.0243
26	79	25296.9311
26	80	25382.6643
26	81	25468.1012
26	82	25553.098
26	83	25637.4813
26	84	25721.034
26	85	25803.4679
26	86	25884.3594
26	87	25963.0182
26	88	26038.4901
26	89	26110.4939
27	0	21661.7021
27	1	21663.1104
27	2	21665.9267
27	3	21670.1504
27	4	21675.7808
27	5	21682.8166
27	6	21691.2565
27	7	21701.0988
27	8	21712.3415
27	9	21724.9824
27	10	21739.019
27	11	21754.4483
27	12	21771.2673
27	13	21789.4726
27	14	21809.0605
27	15	21830.0269
27	16	21852.3676
27	17	21876.078
27	18	21901.1531
27	19	21927.5877
27	20	21955.3762
27	21	21984.5129
27	22	22014.9915
27	23	22046.8055
27	24	22079.9481
27	25	22114.4121
27	26	22150.19
27	27	22187.2738
27	28	22225.6553
27	29	22265.3259
27	30	22306.2767
27	31	22348.4981
27	32	22391.9806
27	33	22436.7139
27	34	22482.6874
27	35	22529.8902
27	36	22578.3106
27	37	22627.937
27	38	22678.7569
27	39	22730.7574
27	40	22783.9252
27	41	22838.2464
27	42	22893.7066
27	43	22950.291
27	44	23007.9838
27	45	23066.7691
27	46	23126.6299
27	47	23187.5489
27	48	23249.508
27	49	23312.4882
27	50	23376.47
27	51	23441.4328
27	52	23507.3555
27	53	23574.2157
27	54	23641.9904
27	55	23710.6552
27	56	23780.1849
27	57	23850.553
27	58	23921.7317
27	59	23993.6919
27	60	24066.4029
27	61	24139.8325
27	62	24213.9466
27	63	24288.7093
27	64	24364.0824
27	65	24440.0255
27	66	24516.4953
27	67	24593.4456
27	68	24670.827
27	69	24748.586
27	70	24826.6647
27	71	24905.0001
27	72	24983.523
27	73	25062.1569
27	74	25140.8165
27	75	25219.4056
27	76	25297.814
27	77	25375.9134
27	78	25453.551
27	79	25530.5383
27	80	25606.6313
27	81	25681.4853
27	82	25754.5536
27	83	25825.0012
27	84	25892.2461
28	0	22090.158
28	1	22091.5105
28	2	22094.2153
28	3	22098.2717
28	4	22103.6789
28	5	22110.4357
28	6	22118.5405
28	7	22127.9916
28	8	22138.7868
28	9	22150.9238
28	10	22164.3998
28	11	22179.2118
28	12	22195.3565
28	13	22212.8302
28	14	22231.629
28	15	22251.7485
28	16	22273.1842
28	17	22295.9311
28	18	22319.984
28	19	22345.3372
28	20	22371.9848
28	21	22399.9204
28	22	22429.1375
28	23	22459.629
28	24	22491.3875
28	25	22524.4053
28	26	22558.6743
28	27	22594.1858
28	28	22630.9311
28	29	22668.9007
28	30	22708.0848
28	31	22748.4734
28	32	22790.0558
28	33	22832.8208
28	34	22876.7569
28	35	22921.8521
28	36	22968.0939
28	37	23015.469
28	38	23063.964
28	39	23113.5647
28	40	23164.2562
28	41	23216.0232
28	42	23268.8498
28	43	23322.7191
28	44	23377.6139
28	45	23433.516
28	46	23490.4065
28	47	23548.2658
28	48	23607.0732
28	49	23666.8072
28	50	23727.4454
28	51	23788.9642
28	52	23851.339
28	53	23914.544
28	54	23978.552
28	55	24043.3345
28	56	24108.8614
28	57	24175.101
28	58	24242.0199
28	59	24309.5823
28	60	24377.7507
28	61	24446.4848
28	62	24515.7417
28	63	24585.4751
28	64	24655.6356
28	65	24726.1694
28	66	24797.018
28	67	24868.1175
28	68	24939.3972
28	69	25010.7787
28	70	25082.1735
28	71	25153.4809
28	72	25224.5842
28	73	25295.345
28	74	25365.5944
28	75	25435.1163
28	76	25503.6113
28	77	25570.615
28	78	25635.4015
28	79	25697.3312
29	0	22488.5703
29	1	22489.8644
29	2	22492.4523
29	3	22496.3333
29	4	22501.5065
29	5	22507.9706
29	6	22515.724
29	7	22524.7647
29	8	22535.0906
29	9	22546.6988
29	10	22559.5867
29	11	22573.7509
29	12	22589.1877
29	13	22605.8933
29	14	22623.8634
29	15	22643.0933
29	16	22663.5781
29	17	22685.3124
29	18	22708.2905
29	19	22732.5064
29	20	22757.9534
29	21	22784.625
29	22	22812.5137
29	23	22841.6119
29	24	22871.9117
29	25	22903.4046
29	26	22936.0816
29	27	22969.9335
29	28	23004.9504
29	29	23041.1221
29	30	23078.438
29	31	23116.8867
29	32	23156.4566
29	33	23197.1354
29	34	23238.9102
29	35	23281.7677
29	36	23325.694
29	37	23370.6743
29	38	23416.6936
29	39	23463.7358
29	40	23511.7843
29	41	23560.8218
29	42	23610.8301
29	43	23661.7901
29	44	23713.6821
29	45	23766.4851
29	46	23820.1774
29	47	23874.7361
29	48	23930.1371
29	49	23986.3553
29	50	24043.3639
29	51	24101.1351
29	52	24159.6391
29	53	24218.8447
29	54	24278.7188
29	55	24339.2259
29	56	24400.3287
29	57	24461.9867
29	58	24524.1571
29	59	24586.7933
29	60	24649.8451
29	61	24713.258
29	62	24776.9722
29	63	24840.9218
29	64	24905.0335
29	65	24969.2251
29	66	25033.4027
29	67	25097.4579
29	68	25161.2624
29	69	25224.6599
29	70	25287.4506
29	71	25349.3587
29	72	25409.9576
29	73	25468.5894
29	74	25524.6906
30	0	22856.0741
30	1	22857.3066
30	2	22859.7713
30	3	22863.4674
30	4	22868.3939
30	5	22874.5495
30	6	22881.9323
30	7	22890.5403
30	8	22900.371
30	9	22911.4215
30	10	22923.6887
30	11	22937.1691
30	12	22951.8587
30	13	22967.7531
30	14	22984.8479
30	15	23003.1378
30	16	23022.6175
30	17	23043.281
30	18	23065.1222
30	19	23088.1343
30	20	23112.3103
30	21	23137.6427
30	22	23164.1234
30	23	23191.7442
30	24	23220.496
30	25	23250.3697
30	26	23281.3552
30	27	23313.4423
30	28	23346.6201
30	29	23380.8772
30	30	23416.2016
30	31	23452.5807
30	32	23490.0014
30	33	23528.4498
30	34	23567.9116
30	35	23608.3715
30	36	23649.8136
30	37	23692.2214
30	38	23735.5774
30	39	23779.8632
30	40	23825.0596
30	41	23871.1465
30	42	23918.1027
30	43	23965.9058
30	44	24014.5324
30	45	24063.9577
30	46	24114.1555
30	47	24165.0983
30	48	24216.7567
30	49	24269.0997
30	50	24322.0942
30	51	24375.7049
30	52	24429.8941
30	53	24484.6213
30	54	24539.8428
30	55	24595.5113
30	56	24651.5754
30	57	24707.9786
30	58	24764.6587
30	59	24821.5465
30	60	24878.564
30	61	24935.6224
30	62	24992.6186
30	63	25049.4303
30	64	25105.9075
30	65	25161.857
30	66	25217.0065
30	67	25270.9298
30	68	25323.0097
30	69	25372.8865
31	0	23191.6947
31	1	23192.8618
31	2	23195.1957
31	3	23198.6957
31	4	23203.3604
31	5	23209.1885
31	6	23216.1779
31	7	23224.3264
31	8	23233.6313
31	9	23244.0894
31	10	23255.6972
31	11	23268.4508
31	12	23282.3459
31	13	23297.3778
31	14	23313.5412
31	15	23330.8306
31	16	23349.24
31	17	23368.7628
31	18	23389.392
31	19	23411.1204
31	20	23433.9399
31	21	23457.8422
31	22	23482.8183
31	23	23508.859
31	24	23535.9541
31	25	23564.0932
31	26	23593.2652
31	27	23623.4583
31	28	23654.6603
31	29	23686.8581
31	30	23720.038
31	31	23754.1858
31	32	23789.2862
31	33	23825.3234
31	34	23862.2805
31	35	23900.14
31	36	23938.8833
31	37	23978.4907
31	38	24018.9416
31	39	24060.2142
31	40	24102.2855
31	41	24145.1311
31	42	24188.7252
31	43	24233.0402
31	44	24278.0471
31	45	24323.7148
31	46	24370.01
31	47	24416.8971
31	48	24464.3378
31	49	24512.2905
31	50	24560.7105
31	51	24609.5487
31	52	24658.7513
31	53	24708.2586
31	54	24758.0041
31	55	24807.9127
31	56	24857.898
31	57	24907.8595
31	58	24957.6764
31	59	25007.1982
31	60	25056.2251
31	61	25104.4622
31	62	25151.4486
31	63	25196.6546
31	64	25240.1192
32	0	23494.3207
32	1	23495.4179
32	2	23497.6119
32	3	23500.9019
32	4	23505.2865
32	5	23510.7641
32	6	23517.3324
32	7	23524.989
32	8	23533.7307
32	9	23543.5541
32	10	23554.4552
32	11	23566.4298
32	12	23579.4728
32	13	23593.579
32	14	23608.7426
32	15	23624.9572
32	16	23642.2161
32	17	23660.5118
32	18	23679.8366
32	19	23700.1821
32	20	23721.5391
32	21	23743.8983
32	22	23767.2493
32	23	23791.5815
32	24	23816.8834
32	25	23843.1427
32	26	23870.3468
32	27	23898.4819
32	28	23927.5338
32	29	23957.4872
32	30	23988.326
32	31	24020.0332
32	32	24052.5909
32	33	24085.98
32	34	24120.1802
32	35	24155.1702
32	36	24190.9273
32	37	24227.4273
32	38	24264.6444
32	39	24302.5512
32	40	24341.1183
32	41	24380.3143
32	42	24420.1052
32	43	24460.4546
32	44	24501.3228
32	45	24542.6666
32	46	24584.4387
32	47	24626.5869
32	48	24669.0532
32	49	24711.7722
32	50	24754.6693
32	51	24797.6585
32	52	24840.6371
32	53	24883.4799
32	54	24926.024
32	55	24968.0381
32	56	25009.1628
32	57	25048.9259
32	58	25087.1763
33	0	23762.6663
33	1	23763.688
33	2	23765.7308
33	3	23768.7937
33	4	23772.8754
33	5	23777.9738
33	6	23784.0865
33	7	23791.2106
33	8	23799.3426
33	9	23808.4785
33	10	23818.6138
33	11	23829.7435
33	12	23841.862
33	13	23854.9632
33	14	23869.0404
33	15	23884.0864
33	16	23900.0932
33	17	23917.0523
33	18	23934.9547
33	19	23953.7904
33	20	23973.5491
33	21	23994.2194
33	22	24015.7894
33	23	24038.2463
33	24	24061.5766
33	25	24085.7657
33	26	24110.7982
33	27	24136.6577
33	28	24163.3267
33	29	24190.7866
33	30	24219.0175
33	31	24247.9984
33	32	24277.7065
33	33	24308.1177
33	34	24339.2059
33	35	24370.9435
33	36	24403.3002
33	37	24436.2436
33	38	24469.7385
33	39	24503.7465
33	40	24538.2254
33	41	24573.1287
33	42	24608.4046
33	43	24643.9949
33	44	24679.8335
33	45	24715.8435
33	46	24751.934
33	47	24787.9936
33	48	24823.878
33	49	24859.3812
33	50	24894.1866
33	51	24927.8992
33	52	24960.4361
34	0	23995.2168
34	1	23996.1555
34	2	23998.0325
34	3	24000.8464
34	4	24004.5958
34	5	24009.2782
34	6	24014.8907
34	7	24021.43
34	8	24028.8919
34	9	24037.2718
34	10	24046.5643
34	11	24056.7637
34	12	24067.8631
34	13	24079.8555
34	14	24092.7328
34	15	24106.4863
34	16	24121.1065
34	17	24136.5834
34	18	24152.9058
34	19	24170.0618
34	20	24188.0386
34	21	24206.8225
34	22	24226.3986
34	23	24246.751
34	24	24267.8627
34	25	24289.7153
34	26	24312.2892
34	27	24335.5632
34	28	24359.5143
34	29	24384.118
34	30	24409.3474
34	31	24435.1738
34	32	24461.5653
34	33	24488.4876
34	34	24515.9024
34	35	24543.7677
34	36	24572.0361
34	37	24600.6545
34	38	24629.5618
34	39	24658.6868
34	40	24687.9441
34	41	24717.227
34	42	24746.3923
34	43	24775.2264
34	44	24803.4194
34	45	24830.7191
34	46	24857.3048
35	0	24190.1423
35	1	24190.9884
35	2	24192.6798
35	3	24195.2152
35	4	24198.5924
35	5	24202.8088
35	6	24207.8608
35	7	24213.7441
35	8	24220.4538
35	9	24227.9842
35	10	24236.3286
35	11	24245.4798
35	12	24255.4296
35	13	24266.1689
35	14	24277.6877
35	15	24289.9751
35	16	24303.019
35	17	24316.8064
35	18	24331.3231
35	19	24346.5535
35	20	24362.4808
35	21	24379.0867
35	22	24396.3513
35	23	24414.2527
35	24	24432.7674
35	25	24451.8692
35	26	24471.5295
35	27	24491.717
35	28	24512.3964
35	29	24533.5285
35	30	24555.069
35	31	24576.9669
35	32	24599.1631
35	33	24621.5866
35	34	24644.149
35	35	24666.7319
35	36	24689.1588
35	37	24711.1811
35	38	24732.618
35	39	24753.6478
36	0	24345.1556
36	1	24345.8947
36	2	24347.372
36	3	24349.5857
36	4	24352.5331
36	5	24356.2105
36	6	24360.6134
36	7	24365.7362
36	8	24371.5724
36	9	24378.1142
36	10	24385.353
36	11	24393.279
36	12	24401.8809
36	13	24411.1465
36	14	24421.0617
36	15	24431.6113
36	16	24442.7781
36	17	24454.5433
36	18	24466.8856
36	19	24479.7816
36	20	24493.205
36	21	24507.1262
36	22	24521.5118
36	23	24536.3233
36	24	24551.5162
36	25	24567.0373
36	26	24582.8217
36	27	24598.7838
36	28	24614.7989
36	29	24630.6861
36	30	24646.2929
36	31	24661.7187
37	0	24457.2392
37	1	24457.8479
37	2	24459.0638
37	3	24460.8844
37	4	24463.3056
37	5	24466.3219
37	6	24469.9263
37	7	24474.1104
37	8	24478.864
37	9	24484.175
37	10	24490.0294
37	11	24496.4108
37	12	24503.3005
37	13	24510.6766
37	14	24518.5134
37	15	24526.7808
37	16	24535.443
37	17	24544.4554
37	18	24553.7601
37	19	24563.272
37	20	24572.8646
37	21	24582.4443
37	22	24592.1041
38	0	24521.9991
38	1	24522.4243
38	2	24523.2716
38	3	24524.5346
38	4	24526.2034
38	5	24528.2636
38	6	24530.6954
38	7	24533.4712
38	8	24536.5486
38	9	24539.8323
38	10	24543.3372
38	11	24547.1763
