0	0	543.8197
0	1	546.342
0	2	551.3864
0	3	558.9527
0	4	569.0403
0	5	581.6486
0	6	596.7767
0	7	614.4237
0	8	634.5884
0	9	657.2694
0	10	682.4654
0	11	710.1746
0	12	740.3952
0	13	773.1253
0	14	808.3627
0	15	846.1051
0	16	886.35
0	17	929.0948
0	18	974.3367
0	19	1022.0727
0	20	1072.2997
0	21	1125.0144
0	22	1180.2133
0	23	1237.8928
0	24	1298.0491
0	25	1360.6782
0	26	1425.7759
0	27	1493.3381
0	28	1563.3603
0	29	1635.8377
0	30	1710.7657
0	31	1788.1393
0	32	1867.9533
0	33	1950.2025
0	34	2034.8813
0	35	2121.9843
0	36	2211.5056
0	37	2303.4391
0	38	2397.7789
0	39	2494.5187
0	40	2593.6519
0	41	2695.1719
0	42	2799.072
0	43	2905.3452
0	44	3013.9844
0	45	3124.9823
0	46	3238.3314
0	47	3354.024
0	48	3472.0525
0	49	3592.4088
0	50	3715.0847
0	51	3840.0721
0	52	3967.3623
0	53	4096.9469
0	54	4228.8169
0	55	4362.9634
0	56	4499.3772
0	57	4638.049
0	58	4778.9693
0	59	4922.1284
0	60	5067.5166
0	61	5215.1238
0	62	5364.9398
0	63	5516.9543
0	64	5671.1567
0	65	5827.5364
0	66	5986.0825
0	67	6146.7839
0	68	6309.6295
0	69	6474.6078
0	70	6641.7073
0	71	6810.9162
0	72	6982.2227
0	73	7155.6145
0	74	7331.0796
0	75	7508.6053
0	76	7688.1791
0	77	7869.7882
0	78	8053.4196
0	79	8239.0601
0	80	8426.6964
0	81	8616.3149
0	82	8807.902
0	83	9001.4438
0	84	9196.9262
0	85	9394.3349
0	86	9593.6554
0	87	9794.8733
0	88	9997.9736
0	89	10202.9413
0	90	10409.7613
0	91	10618.4182
0	92	10828.8963
0	93	11041.18
0	94	11255.2532
0	95	11471.0999
0	96	11688.7035
0	97	11908.0477
0	98	12129.1157
0	99	12351.8904
0	100	12576.3548
0	101	12802.4915
0	102	13030.2829
0	103	13259.7112
0	104	13490.7585
0	105	13723.4066
0	106	13957.6371
0	107	14193.4313
0	108	14430.7704
0	109	14669.6354
0	110	14910.0069
0	111	15151.8654
0	112	15395.1912
0	113	15639.9643
0	114	15886.1646
0	115	16133.7714
0	116	16382.7642
0	117	16633.122
0	118	16884.8236
0	119	17137.8475
0	120	17392.1721
0	121	17647.7754
0	122	17904.6351
0	123	18162.7286
0	124	18422.0333
0	125	18682.5261
0	126	18944.1835
0	127	19206.9818
0	128	19470.8972
0	129	19735.9052
0	130	20001.9814
0	131	20269.1007
0	132	20537.2379
0	133	20806.3673
0	134	21076.4629
0	135	21347.4985
0	136	21619.4472
0	137	21892.282
0	138	22165.9753
0	139	22440.4991
0	140	22715.8252
0	141	22991.9246
0	142	23268.768
0	143	23546.3257
0	144	23824.5673
0	145	24103.4622
0	146	24382.9788
0	147	24663.0853
0	148	24943.7491
0	149	25224.937
0	150	25506.6153
0	151	25788.7493
0	152	26071.3039
0	153	26354.243
0	154	26637.5298
0	155	26921.1264
0	156	27204.9944
0	157	27489.094
0	158	27773.3846
0	159	28057.8244
0	160	28342.3704
0	161	28626.9784
0	162	28911.6028
0	163	29196.1963
0	164	29480.7101
0	165	29765.0939
0	166	30049.295
0	167	30333.2589
0	168	30616.9287
0	169	30900.2449
0	170	31183.1452
0	171	31465.5642
0	172	31747.4327
0	173	32028.6776
0	174	32309.2213
0	175	32588.9808
0	176	32867.8671
0	177	33145.7841
0	178	33422.627
0	179	33698.2815
0	180	33972.6204
0	181	34245.5018
0	182	34516.7642
0	183	34786.2207
0	184	35053.6501
0	185	35318.7813
0	186	35581.2645
0	187	35840.6072
0	188	36096.0334
0	189	36346.328
0	190	36590.4321
1	0	1614.7363
1	1	1617.2218
1	2	1622.1926
1	3	1629.6483
1	4	1639.5886
1	5	1652.0127
1	6	1666.9198
1	7	1684.3089
1	8	1704.1789
1	9	1726.5285
1	10	1751.3561
1	11	1778.6602
1	12	1808.4388
1	13	1840.6901
1	14	1875.4119
1	15	1912.6018
1	16	1952.2575
1	17	1994.3763
1	18	2038.9553
1	19	2085.9917
1	20	2135.4822
1	21	2187.4236
1	22	2241.8124
1	23	2298.645
1	24	2357.9176
1	25	2419.6262
1	26	2483.7668
1	27	2550.335
1	28	2619.3263
1	29	2690.7362
1	30	2764.5598
1	31	2840.7923
1	32	2919.4284
1	33	3000.4629
1	34	3083.8904
1	35	3169.7052
1	36	3257.9015
1	37	3348.4733
1	38	3441.4147
1	39	3536.7192
1	40	3634.3804
1	41	3734.3918
1	42	3836.7464
1	43	3941.4374
1	44	4048.4575
1	45	4157.7996
1	46	4269.4562
1	47	4383.4196
1	48	4499.682
1	49	4618.2354
1	50	4739.0718
1	51	4862.1827
1	52	4987.5598
1	53	5115.1944
1	54	5245.0776
1	55	5377.2004
1	56	5511.5538
1	57	5648.1283
1	58	5786.9145
1	59	5927.9026
1	60	6071.0829
1	61	6216.4452
1	62	6363.9795
1	63	6513.6753
1	64	6665.5222
1	65	6819.5092
1	66	6975.6257
1	67	7133.8604
1	68	7294.2023
1	69	7456.6397
1	70	7621.1612
1	71	7787.7549
1	72	7956.409
1	73	8127.1112
1	74	8299.8493
1	75	8474.6107
1	76	8651.3828
1	77	8830.1528
1	78	9010.9075
1	79	9193.6337
1	80	9378.3182
1	81	9564.9472
1	82	9753.5069
1	83	9943.9835
1	84	10136.3628
1	85	10330.6303
1	86	10526.7717
1	87	10724.7721
1	88	10924.6167
1	89	11126.2903
1	90	11329.7776
1	91	11535.0632
1	92	11742.1313
1	93	11950.9661
1	94	12161.5514
1	95	12373.871
1	96	12587.9083
1	97	12803.6467
1	98	13021.0692
1	99	13240.1586
1	100	13460.8978
1	101	13683.269
1	102	13907.2546
1	103	14132.8365
1	104	14359.9967
1	105	14588.7165
1	106	14818.9774
1	107	15050.7605
1	108	15284.0467
1	109	15518.8166
1	110	15755.0507
1	111	15992.7291
1	112	16231.8317
1	113	16472.3383
1	114	16714.2282
1	115	16957.4806
1	116	17202.0744
1	117	17447.9883
1	118	17695.2006
1	119	17943.6894
1	120	18193.4325
1	121	18444.4075
1	122	18696.5915
1	123	18949.9616
1	124	19204.4942
1	125	19460.1657
1	126	19716.952
1	127	19974.8289
1	128	20233.7715
1	129	20493.7549
1	130	20754.7537
1	131	21016.742
1	132	21279.6936
1	133	21543.5821
1	134	21808.3804
1	135	22074.0611
1	136	22340.5964
1	137	22607.958
1	138	22876.1172
1	139	23145.0446
1	140	23414.7106
1	141	23685.0848
1	142	23956.1363
1	143	24227.8338
1	144	24500.1452
1	145	24773.0378
1	146	25046.4782
1	147	25320.4325
1	148	25594.8657
1	149	25869.7423
1	150	26145.026
1	151	26420.6793
1	152	26696.6641
1	153	26972.9412
1	154	27249.4702
1	155	27526.2098
1	156	27803.1172
1	157	28080.1485
1	158	28357.2584
1	159	28634.4
1	160	28911.5246
1	161	29188.5819
1	162	29465.5195
1	163	29742.283
1	164	30018.8153
1	165	30295.057
1	166	30570.9455
1	167	30846.415
1	168	31121.396
1	169	31395.8148
1	170	31669.5927
1	171	31942.6458
1	172	32214.8836
1	173	32486.208
1	174	32756.5121
1	175	33025.6783
1	176	33293.5754
1	177	33560.0563
1	178	33824.9523
1	179	34088.0675
1	180	34349.1675
1	181	34607.9636
1	182	34864.0802
1	183	35116.9868
1	184	35365.8346
1	185	35609.1982
1	186	35845.5666
2	0	2664.2858
2	1	2666.7345
2	2	2671.6318
2	3	2678.9773
2	4	2688.7704
2	5	2701.0107
2	6	2715.6972
2	7	2732.8289
2	8	2752.4048
2	9	2774.4234
2	10	2798.8834
2	11	2825.7829
2	12	2855.1204
2	13	2886.8937
2	14	2921.1007
2	15	2957.7392
2	16	2996.8066
2	17	3038.3003
2	18	3082.2175
2	19	3128.5553
2	20	3177.3105
2	21	3228.4798
2	22	3282.0598
2	23	3338.0468
2	24	3396.437
2	25	3457.2265
2	26	3520.4112
2	27	3585.9867
2	28	3653.9487
2	29	3724.2924
2	30	3797.0131
2	31	3872.1058
2	32	3949.5655
2	33	4029.3867
2	34	4111.5642
2	35	4196.0922
2	36	4282.9649
2	37	4372.1765
2	38	4463.7207
2	39	4557.5913
2	40	4653.7818
2	41	4752.2857
2	42	4853.096
2	43	4956.2058
2	44	5061.608
2	45	5169.2954
2	46	5279.2603
2	47	5391.4952
2	48	5505.9923
2	49	5622.7436
2	50	5741.7408
2	51	5862.9758
2	52	5986.44
2	53	6112.1248
2	54	6240.0212
2	55	6370.1203
2	56	6502.413
2	57	6636.8898
2	58	6773.5412
2	59	6912.3575
2	60	7053.3289
2	61	7196.4453
2	62	7341.6964
2	63	7489.0719
2	64	7638.5612
2	65	7790.1536
2	66	7943.838
2	67	8099.6034
2	68	8257.4385
2	69	8417.3318
2	70	8579.2717
2	71	8743.2464
2	72	8909.2438
2	73	9077.2517
2	74	9247.2578
2	75	9419.2496
2	76	9593.2142
2	77	9769.1387
2	78	9947.0101
2	79	10126.815
2	80	10308.54
2	81	10492.1713
2	82	10677.6951
2	83	10865.0973
2	84	11054.3637
2	85	11245.4798
2	86	11438.431
2	87	11633.2024
2	88	11829.779
2	89	12028.1456
2	90	12228.2868
2	91	12430.1867
2	92	12633.8298
2	93	12839.1998
2	94	13046.2805
2	95	13255.0554
2	96	13465.5079
2	97	13677.6211
2	98	13891.3779
2	99	14106.7608
2	100	14323.7524
2	101	14542.3348
2	102	14762.4902
2	103	14984.2001
2	104	15207.4462
2	105	15432.2098
2	106	15658.4719
2	107	15886.2133
2	108	16115.4146
2	109	16346.0561
2	110	16578.1178
2	111	16811.5796
2	112	17046.421
2	113	17282.6213
2	114	17520.1595
2	115	17759.0143
2	116	17999.164
2	117	18240.587
2	118	18483.2609
2	119	18727.1634
2	120	18972.2718
2	121	19218.5628
2	122	19466.0131
2	123	19714.599
2	124	19964.2964
2	125	20215.0808
2	126	20466.9274
2	127	20719.8111
2	128	20973.7063
2	129	21228.5871
2	130	21484.427
2	131	21741.1993
2	132	21998.8767
2	133	22257.4316
2	134	22516.8358
2	135	22777.0607
2	136	23038.077
2	137	23299.855
2	138	23562.3646
2	139	23825.5749
2	140	24089.4543
2	141	24353.971
2	142	24619.092
2	143	24884.7839
2	144	25151.0125
2	145	25417.7428
2	146	25684.939
2	147	25952.5644
2	148	26220.5813
2	149	26488.9511
2	150	26757.6342
2	151	27026.5896
2	152	27295.7753
2	153	27565.1479
2	154	27834.6627
2	155	28104.2734
2	156	28373.9319
2	157	28643.5886
2	158	28913.1916
2	159	29182.6871
2	160	29452.0188
2	161	29721.1276
2	162	29989.9518
2	163	30258.4261
2	164	30526.4817
2	165	30794.0456
2	166	31061.0398
2	167	31327.3811
2	168	31592.9798
2	169	31857.7387
2	170	32121.5517
2	171	32384.3023
2	172	32645.8609
2	173	32906.0816
2	174	33164.7982
2	175	33421.8179
2	176	33676.9115
2	177	33929.7987
2	178	34180.1215
2	179	34427.3902
2	180	34670.8543
2	181	34909.2209
2	182	35140.5948
3	0	3692.4743
3	1	3694.8863
3	2	3699.7101
3	3	3706.9453
3	4	3716.5916
3	5	3728.6482
3	6	3743.1143
3	7	3759.9889
3	8	3779.2709
3	9	3800.959
3	10	3825.0516
3	11	3851.5471
3	12	3880.4438
3	13	3911.7396
3	14	3945.4323
3	15	3981.5198
3	16	4019.9994
3	17	4060.8687
3	18	4104.1247
3	19	4149.7645
3	20	4197.7849
3	21	4248.1828
3	22	4300.9545
3	23	4356.0966
3	24	4413.6051
3	25	4473.4761
3	26	4535.7055
3	27	4600.289
3	28	4667.2221
3	29	4736.5002
3	30	4808.1186
3	31	4882.0721
3	32	4958.3558
3	33	5036.9644
3	34	5117.8923
3	35	5201.1339
3	36	5286.6834
3	37	5374.5349
3	38	5464.6823
3	39	5557.1192
3	40	5651.8391
3	41	5748.8354
3	42	5848.1014
3	43	5949.63
3	44	6053.414
3	45	6159.4462
3	46	6267.7191
3	47	6378.225
3	48	6490.9561
3	49	6605.9043
3	50	6723.0616
3	51	6842.4195
3	52	6963.9695
3	53	7087.703
3	54	7213.611
3	55	7341.6847
3	56	7471.9146
3	57	7604.2915
3	58	7738.8057
3	59	7875.4476
3	60	8014.2073
3	61	8155.0745
3	62	8298.0392
3	63	8443.0907
3	64	8590.2186
3	65	8739.4119
3	66	8890.6598
3	67	9043.951
3	68	9199.2741
3	69	9356.6178
3	70	9515.9702
3	71	9677.3195
3	72	9840.6536
3	73	10005.9601
3	74	10173.2268
3	75	10342.4408
3	76	10513.5895
3	77	10686.6597
3	78	10861.6384
3	79	11038.512
3	80	11217.2669
3	81	11397.8895
3	82	11580.3657
3	83	11764.6813
3	84	11950.8219
3	85	12138.773
3	86	12328.5198
3	87	12520.0474
3	88	12713.3404
3	89	12908.3836
3	90	13105.1612
3	91	13303.6576
3	92	13503.8567
3	93	13705.7422
3	94	13909.2976
3	95	14114.5064
3	96	14321.3516
3	97	14529.816
3	98	14739.8823
3	99	14951.533
3	100	15164.7502
3	101	15379.5158
3	102	15595.8116
3	103	15813.619
3	104	16032.9193
3	105	16253.6934
3	106	16475.922
3	107	16699.5856
3	108	16924.6643
3	109	17151.1381
3	110	17378.9866
3	111	17608.1893
3	112	17838.7251
3	113	18070.5728
3	114	18303.711
3	115	18538.1179
3	116	18773.7712
3	117	19010.6487
3	118	19248.7275
3	119	19487.9845
3	120	19728.3963
3	121	19969.9392
3	122	20212.5888
3	123	20456.3208
3	124	20701.1101
3	125	20946.9315
3	126	21193.7593
3	127	21441.5674
3	128	21690.329
3	129	21940.0173
3	130	22190.6046
3	131	22442.0631
3	132	22694.3641
3	133	22947.4786
3	134	23201.3771
3	135	23456.0294
3	136	23711.4047
3	137	23967.4715
3	138	24224.1979
3	139	24481.5509
3	140	24739.4972
3	141	24998.0023
3	142	25257.0312
3	143	25516.548
3	144	25776.5156
3	145	26036.8961
3	146	26297.6507
3	147	26558.7393
3	148	26820.1205
3	149	27081.7518
3	150	27343.5893
3	151	27605.5874
3	152	27867.6992
3	153	28129.8756
3	154	28392.066
3	155	28654.2174
3	156	28916.2746
3	157	29178.1797
3	158	29439.8719
3	159	29701.2875
3	160	29962.359
3	161	30223.0146
3	162	30483.1784
3	163	30742.7689
3	164	31001.6984
3	165	31259.8723
3	166	31517.1875
3	167	31773.5307
3	168	32028.7765
3	169	32282.7845
3	170	32535.3955
3	171	32786.4257
3	172	33035.6592
3	173	33282.8354
3	174	33527.6285
3	175	33769.6091
3	176	34008.1594
3	177	34242.2639
3	178	34470.1672
3	179	34690.0987
4	0	4699.2951
4	1	4701.6704
4	2	4706.4207
4	3	4713.5458
4	4	4723.0452
4	5	4734.9182
4	6	4749.164
4	7	4765.7816
4	8	4784.7698
4	9	4806.1273
4	10	4829.8527
4	11	4855.9443
4	12	4884.4002
4	13	4915.2186
4	14	4948.3972
4	15	4983.9337
4	16	5021.8257
4	17	5062.0706
4	18	5104.6654
4	19	5149.6073
4	20	5196.8931
4	21	5246.5195
4	22	5298.483
4	23	5352.78
4	24	5409.4068
4	25	5468.3592
4	26	5529.6332
4	27	5593.2245
4	28	5659.1287
4	29	5727.341
4	30	5797.8567
4	31	5870.6707
4	32	5945.7781
4	33	6023.1734
4	34	6102.8512
4	35	6184.8058
4	36	6269.0315
4	37	6355.5222
4	38	6444.2718
4	39	6535.274
4	40	6628.5222
4	41	6724.0099
4	42	6821.7302
4	43	6921.6761
4	44	7023.8404
4	45	7128.2159
4	46	7234.7949
4	47	7343.5698
4	48	7454.5327
4	49	7567.6756
4	50	7682.9903
4	51	7800.4685
4	52	7920.1015
4	53	8041.8807
4	54	8165.7971
4	55	8291.8416
4	56	8420.0051
4	57	8550.2781
4	58	8682.651
4	59	8817.1139
4	60	8953.657
4	61	9092.2701
4	62	9232.9428
4	63	9375.6647
4	64	9520.425
4	65	9667.213
4	66	9816.0176
4	67	9966.8274
4	68	10119.6312
4	69	10274.4173
4	70	10431.1739
4	71	10589.8891
4	72	10750.5506
4	73	10913.1461
4	74	11077.6631
4	75	11244.0888
4	76	11412.4104
4	77	11582.6146
4	78	11754.6881
4	79	11928.6175
4	80	12104.389
4	81	12281.9887
4	82	12461.4024
4	83	12642.616
4	84	12825.6147
4	85	13010.3839
4	86	13196.9087
4	87	13385.1739
4	88	13575.1641
4	89	13766.8637
4	90	13960.257
4	91	14155.3279
4	92	14352.0601
4	93	14550.4373
4	94	14750.4427
4	95	14952.0594
4	96	15155.2702
4	97	15360.0578
4	98	15566.4044
4	99	15774.2924
4	100	15983.7034
4	101	16194.6191
4	102	16407.0209
4	103	16620.89
4	104	16836.2071
4	105	17052.9528
4	106	17271.1075
4	107	17490.6512
4	108	17711.5636
4	109	17933.8241
4	110	18157.412
4	111	18382.306
4	112	18608.4848
4	113	18835.9265
4	114	19064.6091
4	115	19294.51
4	116	19525.6067
4	117	19757.8758
4	118	19991.294
4	119	20225.8374
4	120	20461.4818
4	121	20698.2024
4	122	20935.9743
4	123	21174.7721
4	124	21414.5697
4	125	21655.3409
4	126	21897.0589
4	127	22139.6963
4	128	22383.2254
4	129	22627.6177
4	130	22872.8445
4	131	23118.8763
4	132	23365.683
4	133	23613.2339
4	134	23861.4977
4	135	24110.4424
4	136	24360.0352
4	137	24610.2426
4	138	24861.0303
4	139	25112.3631
4	140	25364.2049
4	141	25616.5186
4	142	25869.2662
4	143	26122.4084
4	144	26375.9049
4	145	26629.7141
4	146	26883.7929
4	147	27138.0971
4	148	27392.5805
4	149	27647.1953
4	150	27901.892
4	151	28156.6189
4	152	28411.3221
4	153	28665.9451
4	154	28920.4287
4	155	29174.7109
4	156	29428.7258
4	157	29682.4039
4	158	29935.6715
4	159	30188.4494
4	160	30440.6531
4	161	30692.1912
4	162	30942.9645
4	163	31192.8645
4	164	31441.7715
4	165	31689.5521
4	166	31936.056
4	167	32181.1113
4	168	32424.518
4	169	32666.0384
4	170	32905.3811
4	171	33142.1748
4	172	33375.9144
4	173	33605.8357
4	174	33830.6147
4	175	34048.144
4	176	34257.0224
5	0	5684.7292
5	1	5687.0677
5	2	5691.7446
5	3	5698.7595
5	4	5708.112
5	5	5719.8013
5	6	5733.8266
5	7	5750.187
5	8	5768.8813
5	9	5789.9082
5	10	5813.2662
5	11	5838.9536
5	12	5866.9686
5	13	5897.3092
5	14	5929.9734
5	15	5964.9587
5	16	6002.2626
5	17	6041.8827
5	18	6083.8159
5	19	6128.0594
5	20	6174.61
5	21	6223.4644
5	22	6274.6191
5	23	6328.0704
5	24	6383.8146
5	25	6441.8477
5	26	6502.1655
5	27	6564.7637
5	28	6629.6378
5	29	6696.7832
5	30	6766.1951
5	31	6837.8684
5	32	6911.7981
5	33	6987.9788
5	34	7066.4049
5	35	7147.0709
5	36	7229.9709
5	37	7315.099
5	38	7402.4488
5	39	7492.0142
5	40	7583.7885
5	41	7677.7652
5	42	7773.9372
5	43	7872.2978
5	44	7972.8395
5	45	8075.5551
5	46	8180.4369
5	47	8287.4774
5	48	8396.6685
5	49	8508.0023
5	50	8621.4705
5	51	8737.0646
5	52	8854.7761
5	53	8974.5962
5	54	9096.5159
5	55	9220.5262
5	56	9346.6177
5	57	9474.7809
5	58	9605.0062
5	59	9737.2837
5	60	9871.6035
5	61	10007.9552
5	62	10146.3286
5	63	10286.713
5	64	10429.0976
5	65	10573.4717
5	66	10719.8239
5	67	10868.143
5	68	11018.4175
5	69	11170.6356
5	70	11324.7856
5	71	11480.8553
5	72	11638.8325
5	73	11798.7046
5	74	11960.4591
5	75	12124.083
5	76	12289.5633
5	77	12456.8868
5	78	12626.04
5	79	12797.0092
5	80	12969.7806
5	81	13144.34
5	82	13320.6733
5	83	13498.7659
5	84	13678.6031
5	85	13860.17
5	86	14043.4515
5	87	14228.4321
5	88	14415.0964
5	89	14603.4285
5	90	14793.4123
5	91	14985.0317
5	92	15178.2701
5	93	15373.1108
5	94	15569.5369
5	95	15767.531
5	96	15967.0758
5	97	16168.1536
5	98	16370.7464
5	99	16574.8359
5	100	16780.4037
5	101	16987.431
5	102	17195.8989
5	103	17405.788
5	104	17617.0786
5	105	17829.7511
5	106	18043.7851
5	107	18259.1602
5	108	18475.8557
5	109	18693.8504
5	110	18913.1229
5	111	19133.6515
5	112	19355.4141
5	113	19578.3883
5	114	19802.5512
5	115	20027.8797
5	116	20254.3503
5	117	20481.939
5	118	20710.6215
5	119	20940.373
5	120	21171.1684
5	121	21402.9821
5	122	21635.7878
5	123	21869.5591
5	124	22104.2689
5	125	22339.8896
5	126	22576.3931
5	127	22813.7507
5	128	23051.933
5	129	23290.9102
5	130	23530.6518
5	131	23771.1265
5	132	24012.3024
5	133	24254.1468
5	134	24496.6262
5	135	24739.7064
5	136	24983.352
5	137	25227.5271
5	138	25472.1943
5	139	25717.3156
5	140	25962.8515
5	141	26208.7615
5	142	26455.0037
5	143	26701.5348
5	144	26948.31
5	145	27195.2827
5	146	27442.4047
5	147	27689.6257
5	148	27936.8933
5	149	28184.1526
5	150	28431.3464
5	151	28678.4143
5	152	28925.2926
5	153	29171.9142
5	154	29418.2078
5	155	29664.0973
5	156	29909.5013
5	157	30154.3324
5	158	30398.4957
5	159	30641.8879
5	160	30884.3957
5	161	31125.8934
5	162	31366.2403
5	163	31605.2768
5	164	31842.8192
5	165	32078.652
5	166	32312.5163
5	167	32544.0903
5	168	32772.9558
5	169	32998.5252
5	170	33219.8628
5	171	33435.3075
5	172	33642.6871
6	0	6648.7454
6	1	6651.0471
6	2	6655.6505
6	3	6662.555
6	4	6671.7603
6	5	6683.2657
6	6	6697.0704
6	7	6713.1733
6	8	6731.5733
6	9	6752.2691
6	10	6775.2591
6	11	6800.5418
6	12	6828.1153
6	13	6857.9776
6	14	6890.1266
6	15	6924.5599
6	16	6961.275
6	17	7000.2693
6	18	7041.54
6	19	7085.0841
6	20	7130.8984
6	21	7178.9795
6	22	7229.3241
6	23	7281.9284
6	24	7336.7887
6	25	7393.9009
6	26	7453.2608
6	27	7514.8642
6	28	7578.7065
6	29	7644.7831
6	30	7713.0891
6	31	7783.6195
6	32	7856.3692
6	33	7931.3328
6	34	8008.5048
6	35	8087.8794
6	36	8169.451
6	37	8253.2133
6	38	8339.1603
6	39	8427.2855
6	40	8517.5824
6	41	8610.0444
6	42	8704.6644
6	43	8801.4354
6	44	8900.3503
6	45	9001.4016
6	46	9104.5816
6	47	9209.8827
6	48	9317.297
6	49	9426.8162
6	50	9538.4321
6	51	9652.1363
6	52	9767.92
6	53	9885.7746
6	54	10005.6908
6	55	10127.6597
6	56	10251.6718
6	57	10377.7175
6	58	10505.7871
6	59	10635.8708
6	60	10767.9584
6	61	10902.0395
6	62	11038.1039
6	63	11176.1407
6	64	11316.1392
6	65	11458.0884
6	66	11601.9769
6	67	11747.7933
6	68	11895.5261
6	69	12045.1635
6	70	12196.6934
6	71	12350.1037
6	72	12505.3819
6	73	12662.5155
6	74	12821.4917
6	75	12982.2974
6	76	13144.9195
6	77	13309.3445
6	78	13475.5588
6	79	13643.5487
6	80	13813.3
6	81	13984.7985
6	82	14158.0297
6	83	14332.9789
6	84	14509.6313
6	85	14687.9716
6	86	14867.9846
6	87	15049.6546
6	88	15232.9658
6	89	15417.9021
6	90	15604.4472
6	91	15792.5847
6	92	15982.2976
6	93	16173.569
6	94	16366.3816
6	95	16560.7179
6	96	16756.5599
6	97	16953.8897
6	98	17152.6889
6	99	17352.9389
6	100	17554.6207
6	101	17757.7153
6	102	17962.203
6	103	18168.0642
6	104	18375.2786
6	105	18583.8261
6	106	18793.6857
6	107	19004.8364
6	108	19217.257
6	109	19430.9255
6	110	19645.82
6	111	19861.918
6	112	20079.1967
6	113	20297.6328
6	114	20517.2027
6	115	20737.8825
6	116	20959.6476
6	117	21182.4732
6	118	21406.3339
6	119	21631.2039
6	120	21857.057
6	121	22083.8661
6	122	22311.6041
6	123	22540.2431
6	124	22769.7544
6	125	23000.1092
6	126	23231.2775
6	127	23463.2291
6	128	23695.9329
6	129	23929.357
6	130	24163.469
6	131	24398.2353
6	132	24633.6217
6	133	24869.5931
6	134	25106.1133
6	135	25343.1452
6	136	25580.6504
6	137	25818.5894
6	138	26056.9217
6	139	26295.605
6	140	26534.5958
6	141	26773.849
6	142	27013.3176
6	143	27252.953
6	144	27492.7043
6	145	27732.5185
6	146	27972.34
6	147	28212.1106
6	148	28451.7689
6	149	28691.2502
6	150	28930.4859
6	151	29169.4029
6	152	29407.9235
6	153	29645.964
6	154	29883.4343
6	155	30120.2364
6	156	30356.2634
6	157	30591.3972
6	158	30825.5067
6	159	31058.4443
6	160	31290.0416
6	161	31520.1036
6	162	31748.3998
6	163	31974.6501
6	164	32198.5019
6	165	32419.4871
6	166	32636.9246
6	167	32849.6755
6	168	33055.7524
7	0	7591.3002
7	1	7593.5651
7	2	7598.0947
7	3	7604.8887
7	4	7613.9465
7	5	7625.2676
7	6	7638.8511
7	7	7654.696
7	8	7672.8011
7	9	7693.1651
7	10	7715.7865
7	11	7740.6637
7	12	7767.7947
7	13	7797.1776
7	14	7828.8103
7	15	7862.6904
7	16	7898.8154
7	17	7937.1826
7	18	7977.7893
7	19	8020.6323
7	20	8065.7086
7	21	8113.0147
7	22	8162.5473
7	23	8214.3026
7	24	8268.2767
7	25	8324.4657
7	26	8382.8654
7	27	8443.4714
7	28	8506.2792
7	29	8571.2841
7	30	8638.4813
7	31	8707.8657
7	32	8779.4322
7	33	8853.1752
7	34	8929.0894
7	35	9007.169
7	36	9087.4081
7	37	9169.8006
7	38	9254.3404
7	39	9341.0209
7	40	9429.8357
7	41	9520.7779
7	42	9613.8406
7	43	9709.0168
7	44	9806.2991
7	45	9905.6802
7	46	10007.1522
7	47	10110.7075
7	48	10216.3381
7	49	10324.0357
7	50	10433.7921
7	51	10545.5987
7	52	10659.4467
7	53	10775.3274
7	54	10893.2316
7	55	11013.15
7	56	11135.0733
7	57	11258.9918
7	58	11384.8956
7	59	11512.7748
7	60	11642.6192
7	61	11774.4184
7	62	11908.1619
7	63	12043.8388
7	64	12181.4383
7	65	12320.9492
7	66	12462.3601
7	67	12605.6595
7	68	12750.8357
7	69	12897.8767
7	70	13046.7704
7	71	13197.5044
7	72	13350.0663
7	73	13504.4433
7	74	13660.6223
7	75	13818.5903
7	76	13978.3339
7	77	14139.8394
7	78	14303.0931
7	79	14468.0809
7	80	14634.7886
7	81	14803.2017
7	82	14973.3056
7	83	15145.0853
7	84	15318.5256
7	85	15493.6111
7	86	15670.3263
7	87	15848.6552
7	88	16028.5818
7	89	16210.0896
7	90	16393.1621
7	91	16577.7824
7	92	16763.9334
7	93	16951.5976
7	94	17140.7575
7	95	17331.395
7	96	17523.492
7	97	17717.0299
7	98	17911.99
7	99	18108.3531
7	100	18306.1
7	101	18505.2108
7	102	18705.6655
7	103	18907.4439
7	104	19110.5252
7	105	19314.8884
7	106	19520.5121
7	107	19727.3746
7	108	19935.4539
7	109	20144.7273
7	110	20355.1721
7	111	20566.765
7	112	20779.4822
7	113	20993.2996
7	114	21208.1927
7	115	21424.1363
7	116	21641.105
7	117	21859.0727
7	118	22078.0129
7	119	22297.8985
7	120	22518.7018
7	121	22740.3945
7	122	22962.9479
7	123	23186.3323
7	124	23410.5177
7	125	23635.473
7	126	23861.1666
7	127	24087.5662
7	128	24314.6383
7	129	24542.3489
7	130	24770.6628
7	131	24999.544
7	132	25228.9551
7	133	25458.858
7	134	25689.2131
7	135	25919.9796
7	136	26151.1153
7	137	26382.5763
7	138	26614.3173
7	139	26846.2911
7	140	27078.4485
7	141	27310.7384
7	142	27543.1071
7	143	27775.4984
7	144	28007.8532
7	145	28240.1094
7	146	28472.2011
7	147	28704.0584
7	148	28935.607
7	149	29166.7672
7	150	29397.4535
7	151	29627.5731
7	152	29857.0253
7	153	30085.6995
7	154	30313.4735
7	155	30540.2109
7	156	30765.7573
7	157	30989.9361
7	158	31212.5409
7	159	31433.3263
7	160	31651.9906
7	161	31868.1489
7	162	32081.278
7	163	32290.586
7	164	32494.6941
7	165	32691.3759
8	0	8512.3381
8	1	8514.566
8	2	8519.0217
8	3	8525.7048
8	4	8534.6148
8	5	8545.7511
8	6	8559.1128
8	7	8574.6989
8	8	8592.5082
8	9	8612.5395
8	10	8634.7912
8	11	8659.2616
8	12	8685.9488
8	13	8714.851
8	14	8745.9659
8	15	8779.2911
8	16	8814.8241
8	17	8852.5624
8	18	8892.5029
8	19	8934.6428
8	20	8978.9787
8	21	9025.5074
8	22	9074.2254
8	23	9125.1288
8	24	9178.214
8	25	9233.4768
8	26	9290.913
8	27	9350.5182
8	28	9412.288
8	29	9476.2175
8	30	9542.302
8	31	9610.5363
8	32	9680.9152
8	33	9753.4333
8	34	9828.085
8	35	9904.8646
8	36	9983.7661
8	37	10064.7835
8	38	10147.9104
8	39	10233.1404
8	40	10320.4669
8	41	10409.8831
8	42	10501.382
8	43	10594.9564
8	44	10690.5991
8	45	10788.3024
8	46	10888.0587
8	47	10989.8602
8	48	11093.6987
8	49	11199.566
8	50	11307.4538
8	51	11417.3533
8	52	11529.2559
8	53	11643.1525
8	54	11759.034
8	55	11876.8911
8	56	11996.7142
8	57	12118.4935
8	58	12242.2193
8	59	12367.8813
8	60	12495.4693
8	61	12624.9728
8	62	12756.3811
8	63	12889.6834
8	64	13024.8685
8	65	13161.9252
8	66	13300.842
8	67	13441.6072
8	68	13584.209
8	69	13728.6353
8	70	13874.8737
8	71	14022.9117
8	72	14172.7368
8	73	14324.3358
8	74	14477.6957
8	75	14632.8032
8	76	14789.6446
8	77	14948.2061
8	78	15108.4737
8	79	15270.4332
8	80	15434.0701
8	81	15599.3696
8	82	15766.3168
8	83	15934.8965
8	84	16105.0933
8	85	16276.8914
8	86	16450.275
8	87	16625.2279
8	88	16801.7336
8	89	16979.7753
8	90	17159.3362
8	91	17340.399
8	92	17522.9461
8	93	17706.9598
8	94	17892.4219
8	95	18079.314
8	96	18267.6175
8	97	18457.3134
8	98	18648.3823
8	99	18840.8046
8	100	19034.5604
8	101	19229.6293
8	102	19425.9908
8	103	19623.6237
8	104	19822.5067
8	105	20022.6181
8	106	20223.9358
8	107	20426.4372
8	108	20630.0994
8	109	20834.899
8	110	21040.8121
8	111	21247.8146
8	112	21455.8817
8	113	21664.9882
8	114	21875.1082
8	115	22086.2156
8	116	22298.2836
8	117	22511.2846
8	118	22725.1908
8	119	22939.9735
8	120	23155.6034
8	121	23372.0505
8	122	23589.2842
8	123	23807.2729
8	124	24025.9843
8	125	24245.3853
8	126	24465.4419
8	127	24686.119
8	128	24907.3806
8	129	25129.1895
8	130	25351.5076
8	131	25574.2951
8	132	25797.5113
8	133	26021.1137
8	134	26245.0585
8	135	26469.3001
8	136	26693.791
8	137	26918.4818
8	138	27143.3209
8	139	27368.254
8	140	27593.2246
8	141	27818.1727
8	142	28043.0355
8	143	28267.746
8	144	28492.2334
8	145	28716.4218
8	146	28940.23
8	147	29163.5705
8	148	29386.3483
8	149	29608.4599
8	150	29829.7913
8	151	30050.2163
8	152	30269.5932
8	153	30487.7611
8	154	30704.5349
8	155	30919.6972
8	156	31132.9868
8	157	31344.0795
8	158	31552.5552
8	159	31757.8267
8	160	31958.9663
8	161	32154.3194
8	162	32341.628
9	0	9411.7913
9	1	9413.9821
9	2	9418.3636
9	3	9424.9354
9	4	9433.697
9	5	9444.6478
9	6	9457.7869
9	7	9473.1133
9	8	9490.6258
9	9	9510.3231
9	10	9532.2037
9	11	9556.2658
9	12	9582.5076
9	13	9610.9272
9	14	9641.5222
9	15	9674.2905
9	16	9709.2293
9	17	9746.3361
9	18	9785.608
9	19	9827.0418
9	20	9870.6345
9	21	9916.3827
9	22	9964.2827
9	23	10014.3309
9	24	10066.5234
9	25	10120.8561
9	26	10177.3247
9	27	10235.925
9	28	10296.6523
9	29	10359.5018
9	30	10424.4686
9	31	10491.5477
9	32	10560.7337
9	33	10632.0212
9	34	10705.4047
9	35	10780.8782
9	36	10858.4358
9	37	10938.0714
9	38	11019.7786
9	39	11103.551
9	40	11189.3818
9	41	11277.2643
9	42	11367.1912
9	43	11459.1556
9	44	11553.1498
9	45	11649.1664
9	46	11747.1976
9	47	11847.2355
9	48	11949.2718
9	49	12053.2984
9	50	12159.3066
9	51	12267.2879
9	52	12377.2333
9	53	12489.1337
9	54	12602.9799
9	55	12718.7625
9	56	12836.4719
9	57	12956.0981
9	58	13077.6312
9	59	13201.061
9	60	13326.377
9	61	13453.5686
9	62	13582.625
9	63	13713.5352
9	64	13846.288
9	65	13980.8719
9	66	14117.2753
9	67	14255.4864
9	68	14395.4931
9	69	14537.2832
9	70	14680.8441
9	71	14826.1633
9	72	14973.2277
9	73	15122.0242
9	74	15272.5396
9	75	15424.7601
9	76	15578.672
9	77	15734.2613
9	78	15891.5136
9	79	16050.4145
9	80	16210.9491
9	81	16373.1025
9	82	16536.8595
9	83	16702.2044
9	84	16869.1217
9	85	17037.5951
9	86	17207.6085
9	87	17379.1452
9	88	17552.1886
9	89	17726.7213
9	90	17902.7261
9	91	18080.1852
9	92	18259.0807
9	93	18439.3943
9	94	18621.1073
9	95	18804.2009
9	96	18988.6558
9	97	19174.4524
9	98	19361.5708
9	99	19549.9908
9	100	19739.6917
9	101	19930.6525
9	102	20122.8518
9	103	20316.2679
9	104	20510.8785
9	105	20706.6611
9	106	20903.5927
9	107	21101.6497
9	108	21300.8083
9	109	21501.0439
9	110	21702.3318
9	111	21904.6464
9	112	22107.9618
9	113	22312.2515
9	114	22517.4882
9	115	22723.6444
9	116	22930.6915
9	117	23138.6007
9	118	23347.342
9	119	23556.885
9	120	23767.1984
9	121	23978.2501
9	122	24190.0071
9	123	24402.4355
9	124	24615.5004
9	125	24829.1659
9	126	25043.3949
9	127	25258.1491
9	128	25473.389
9	129	25689.0737
9	130	25905.1608
9	131	26121.6062
9	132	26338.3641
9	133	26555.387
9	134	26772.6252
9	135	26990.0265
9	136	27207.5364
9	137	27425.0978
9	138	27642.6502
9	139	27860.1298
9	140	28077.4689
9	141	28294.5955
9	142	28511.4325
9	143	28727.8971
9	144	28943.9
9	145	29159.344
9	146	29374.1229
9	147	29588.1193
9	148	29801.203
9	149	30013.227
9	150	30224.024
9	151	30433.4001
9	152	30641.1262
9	153	30846.9245
9	154	31050.4464
9	155	31251.2312
9	156	31448.6148
9	157	31641.4973
9	158	31827.9352
9	159	32006.017
10	0	10289.5799
10	1	10291.7334
10	2	10296.0404
10	3	10302.5004
10	4	10311.113
10	5	10321.8775
10	6	10334.7929
10	7	10349.8584
10	8	10367.0727
10	9	10386.4345
10	10	10407.9422
10	11	10431.5942
10	12	10457.3886
10	13	10485.3233
10	14	10515.3961
10	15	10547.6047
10	16	10581.9466
10	17	10618.4189
10	18	10657.0189
10	19	10697.7434
10	20	10740.5892
10	21	10785.553
10	22	10832.631
10	23	10881.8197
10	24	10933.1151
10	25	10986.513
10	26	11042.0092
10	27	11099.5994
10	28	11159.2787
10	29	11221.0425
10	30	11284.8858
10	31	11350.8035
10	32	11418.7902
10	33	11488.8405
10	34	11560.9486
10	35	11635.1088
10	36	11711.3149
10	37	11789.5608
10	38	11869.8402
10	39	11952.1464
10	40	12036.4727
10	41	12122.8121
10	42	12211.1576
10	43	12301.5019
10	44	12393.8375
10	45	12488.1567
10	46	12584.4517
10	47	12682.7144
10	48	12782.9367
10	49	12885.1101
10	50	12989.226
10	51	13095.2757
10	52	13203.2501
10	53	13313.1401
10	54	13424.9364
10	55	13538.6293
10	56	13654.2091
10	57	13771.6658
10	58	13890.9893
10	59	14012.1693
10	60	14135.1951
10	61	14260.0561
10	62	14386.7412
10	63	14515.2392
10	64	14645.5389
10	65	14777.6285
10	66	14911.4963
10	67	15047.1302
10	68	15184.518
10	69	15323.6473
10	70	15464.5053
10	71	15607.0791
10	72	15751.3556
10	73	15897.3215
10	74	16044.963
10	75	16194.2665
10	76	16345.2177
10	77	16497.8024
10	78	16652.0059
10	79	16807.8136
10	80	16965.2102
10	81	17124.1805
10	82	17284.7089
10	83	17446.7794
10	84	17610.376
10	85	17775.4822
10	86	17942.0814
10	87	18110.1565
10	88	18279.6902
10	89	18450.6651
10	90	18623.0632
10	91	18796.8663
10	92	18972.0558
10	93	19148.613
10	94	19326.5186
10	95	19505.7532
10	96	19686.2967
10	97	19868.1291
10	98	20051.2295
10	99	20235.5771
10	100	20421.1505
10	101	20607.9277
10	102	20795.8865
10	103	20985.0044
10	104	21175.258
10	105	21366.6239
10	106	21559.0779
10	107	21752.5955
10	108	21947.1515
10	109	22142.7202
10	110	22339.2754
10	111	22536.7902
10	112	22735.2373
10	113	22934.5884
10	114	23134.8148
10	115	23335.887
10	116	23537.7746
10	117	23740.4467
10	118	23943.8712
10	119	24148.0155
10	120	24352.8456
10	121	24558.327
10	122	24764.4236
10	123	24971.0987
10	124	25178.3138
10	125	25386.0297
10	126	25594.2052
10	127	25802.798
10	128	26011.764
10	129	26221.0573
10	130	26430.63
10	131	26640.4322
10	132	26850.4115
10	133	27060.513
10	134	27270.679
10	135	27480.8485
10	136	27690.9569
10	137	27900.9357
10	138	28110.7119
10	139	28320.207
10	140	28529.3369
10	141	28738.0102
10	142	28946.1278
10	143	29153.5805
10	144	29360.2479
10	145	29565.9952
10	146	29770.6704
10	147	29974.0992
10	148	30176.0785
10	149	30376.3667
10	150	30574.6677
10	151	30770.6052
10	152	30963.6702
10	153	31153.1001
10	154	31337.5754
10	155	31514.9239
10	156	31683.6176
11	0	11145.6115
11	1	11147.7276
11	2	11151.9597
11	3	11158.3073
11	4	11166.77
11	5	11177.3471
11	6	11190.0378
11	7	11204.8409
11	8	11221.7554
11	9	11240.7799
11	10	11261.9127
11	11	11285.1523
11	12	11310.4967
11	13	11337.9439
11	14	11367.4916
11	15	11399.1375
11	16	11432.879
11	17	11468.7133
11	18	11506.6375
11	19	11546.6486
11	20	11588.7433
11	21	11632.9181
11	22	11679.1695
11	23	11727.4936
11	24	11777.8865
11	25	11830.3441
11	26	11884.8621
11	27	11941.4359
11	28	12000.061
11	29	12060.7324
11	30	12123.4452
11	31	12188.1942
11	32	12254.974
11	33	12323.7791
11	34	12394.6037
11	35	12467.4419
11	36	12542.2877
11	37	12619.1347
11	38	12697.9765
11	39	12778.8065
11	40	12861.6179
11	41	12946.4036
11	42	13033.1564
11	43	13121.8691
11	44	13212.534
11	45	13305.1433
11	46	13399.6892
11	47	13496.1635
11	48	13594.5578
11	49	13694.8637
11	50	13797.0725
11	51	13901.1752
11	52	14007.1628
11	53	14115.026
11	54	14224.7552
11	55	14336.3407
11	56	14449.7728
11	57	14565.0412
11	58	14682.1357
11	59	14801.0457
11	60	14921.7605
11	61	15044.2693
11	62	15168.5607
11	63	15294.6236
11	64	15422.4463
11	65	15552.017
11	66	15683.3237
11	67	15816.3541
11	68	15951.0959
11	69	16087.5362
11	70	16225.6622
11	71	16365.4606
11	72	16506.9182
11	73	16650.0212
11	74	16794.7557
11	75	16941.1077
11	76	17089.0627
11	77	17238.606
11	78	17389.7228
11	79	17542.398
11	80	17696.6159
11	81	17852.361
11	82	18009.6172
11	83	18168.3683
11	84	18328.5977
11	85	18490.2885
11	86	18653.4235
11	87	18817.9852
11	88	18983.956
11	89	19151.3175
11	90	19320.0515
11	91	19490.139
11	92	19661.5609
11	93	19834.2978
11	94	20008.3298
11	95	20183.6366
11	96	20360.1976
11	97	20537.9917
11	98	20716.9974
11	99	20897.193
11	100	21078.556
11	101	21261.0636
11	102	21444.6927
11	103	21629.4194
11	104	21815.2195
11	105	22002.0681
11	106	22189.9399
11	107	22378.809
11	108	22568.6488
11	109	22759.4321
11	110	22951.1311
11	111	23143.7172
11	112	23337.1612
11	113	23531.4331
11	114	23726.5019
11	115	23922.336
11	116	24118.9028
11	117	24316.1686
11	118	24514.0989
11	119	24712.6579
11	120	24911.8088
11	121	25111.5134
11	122	25311.7323
11	123	25512.4246
11	124	25713.5478
11	125	25915.0577
11	126	26116.9084
11	127	26319.0517
11	128	26521.4376
11	129	26724.0133
11	130	26926.7236
11	131	27129.5103
11	132	27332.3118
11	133	27535.0628
11	134	27737.6941
11	135	27940.1313
11	136	28142.295
11	137	28344.0994
11	138	28545.4514
11	139	28746.2493
11	140	28946.3815
11	141	29145.7239
11	142	29344.1375
11	143	29541.4644
11	144	29737.523
11	145	29932.1003
11	146	30124.9404
11	147	30315.7269
11	148	30504.0502
11	149	30689.3412
11	150	30870.706
11	151	31046.5536
11	152	31214.6888
12	0	11979.7812
12	1	11981.8596
12	2	11986.0162
12	3	11992.2508
12	4	12000.5627
12	5	12010.9512
12	6	12023.4157
12	7	12037.9548
12	8	12054.5676
12	9	12073.2526
12	10	12094.0082
12	11	12116.8327
12	12	12141.7243
12	13	12168.6808
12	14	12197.7
12	15	12228.7795
12	16	12261.9166
12	17	12297.1087
12	18	12334.3528
12	19	12373.6458
12	20	12414.9843
12	21	12458.3649
12	22	12503.7839
12	23	12551.2376
12	24	12600.7219
12	25	12652.2327
12	26	12705.7656
12	27	12761.3161
12	28	12818.8794
12	29	12878.4507
12	30	12940.0249
12	31	13003.5968
12	32	13069.1608
12	33	13136.7115
12	34	13206.2431
12	35	13277.7494
12	36	13351.2245
12	37	13426.6618
12	38	13504.055
12	39	13583.3973
12	40	13664.6817
12	41	13747.9013
12	42	13833.0486
12	43	13920.1163
12	44	14009.0966
12	45	14099.9818
12	46	14192.7637
12	47	14287.4342
12	48	14383.9848
12	49	14482.4067
12	50	14582.6914
12	51	14684.8296
12	52	14788.8121
12	53	14894.6295
12	54	15002.2723
12	55	15111.7304
12	56	15222.9939
12	57	15336.0524
12	58	15450.8956
12	59	15567.5127
12	60	15685.8928
12	61	15806.0248
12	62	15927.8973
12	63	16051.4988
12	64	16176.8174
12	65	16303.8412
12	66	16432.5579
12	67	16562.955
12	68	16695.0197
12	69	16828.7392
12	70	16964.1001
12	71	17101.0891
12	72	17239.6924
12	73	17379.8962
12	74	17521.686
12	75	17665.0476
12	76	17809.9661
12	77	17956.4265
12	78	18104.4136
12	79	18253.9116
12	80	18404.9049
12	81	18557.3772
12	82	18711.312
12	83	18866.6926
12	84	19023.502
12	85	19181.7227
12	86	19341.337
12	87	19502.3269
12	88	19664.6739
12	89	19828.3593
12	90	19993.364
12	91	20159.6685
12	92	20327.2529
12	93	20496.0969
12	94	20666.18
12	95	20837.4809
12	96	21009.9782
12	97	21183.6499
12	98	21358.4736
12	99	21534.4262
12	100	21711.4845
12	101	21889.6244
12	102	22068.8215
12	103	22249.0507
12	104	22430.2864
12	105	22612.5024
12	106	22795.6717
12	107	22979.7668
12	108	23164.7595
12	109	23350.6206
12	110	23537.3205
12	111	23724.8284
12	112	23913.1129
12	113	24102.1415
12	114	24291.881
12	115	24482.2967
12	116	24673.3531
12	117	24865.0135
12	118	25057.2398
12	119	25249.9926
12	120	25443.2311
12	121	25636.9126
12	122	25830.9931
12	123	26025.4263
12	124	26220.1642
12	125	26415.1563
12	126	26610.3496
12	127	26805.6885
12	128	27001.1143
12	129	27196.5649
12	130	27391.9742
12	131	27587.2721
12	132	27782.3833
12	133	27977.227
12	134	28171.7158
12	135	28365.7547
12	136	28559.2396
12	137	28752.0559
12	138	28944.0758
12	139	29135.1556
12	140	29325.1311
12	141	29513.8127
12	142	29700.9759
12	143	29886.3489
12	144	30069.5908
12	145	30250.2513
12	146	30427.6817
12	147	30600.8073
12	148	30767.7404
12	149	30926.6957
13	0	12791.971
13	1	12794.0114
13	2	12798.0921
13	3	12804.2127
13	4	12812.3727
13	5	12822.5714
13	6	12834.8079
13	7	12849.0812
13	8	12865.39
13	9	12883.733
13	10	12904.1086
13	11	12926.515
13	12	12950.9504
13	13	12977.4126
13	14	13005.8994
13	15	13036.4082
13	16	13068.9366
13	17	13103.4816
13	18	13140.0404
13	19	13178.6097
13	20	13219.1863
13	21	13261.7666
13	22	13306.3469
13	23	13352.9234
13	24	13401.492
13	25	13452.0485
13	26	13504.5885
13	27	13559.1074
13	28	13615.6004
13	29	13674.0627
13	30	13734.489
13	31	13796.874
13	32	13861.2123
13	33	13927.4981
13	34	13995.7256
13	35	14065.8887
13	36	14137.9813
13	37	14211.9967
13	38	14287.9285
13	39	14365.7699
13	40	14445.5137
13	41	14527.1529
13	42	14610.68
13	43	14696.0875
13	44	14783.3676
13	45	14872.5122
13	46	14963.5133
13	47	15056.3625
13	48	15151.0512
13	49	15247.5705
13	50	15345.9116
13	51	15446.0653
13	52	15548.0221
13	53	15651.7725
13	54	15757.3066
13	55	15864.6145
13	56	15973.6858
13	57	16084.5101
13	58	16197.0768
13	59	16311.375
13	60	16427.3934
13	61	16545.1209
13	62	16664.5457
13	63	16785.6561
13	64	16908.4401
13	65	17032.8853
13	66	17158.9792
13	67	17286.7091
13	68	17416.062
13	69	17547.0245
13	70	17679.5831
13	71	17813.7241
13	72	17949.4334
13	73	18086.6967
13	74	18225.4994
13	75	18365.8266
13	76	18507.6631
13	77	18650.9936
13	78	18795.8022
13	79	18942.0729
13	80	19089.7894
13	81	19238.9351
13	82	19389.4928
13	83	19541.4453
13	84	19694.775
13	85	19849.4638
13	86	20005.4933
13	87	20162.845
13	88	20321.4995
13	89	20481.4375
13	90	20642.6391
13	91	20805.0839
13	92	20968.7513
13	93	21133.62
13	94	21299.6685
13	95	21466.8747
13	96	21635.2159
13	97	21804.6692
13	98	21975.2108
13	99	22146.8167
13	100	22319.4621
13	101	22493.1217
13	102	22667.7695
13	103	22843.379
13	104	23019.9228
13	105	23197.373
13	106	23375.7008
13	107	23554.8767
13	108	23734.8702
13	109	23915.65
13	110	24097.1841
13	111	24279.439
13	112	24462.3806
13	113	24645.9733
13	114	24830.1807
13	115	25014.9646
13	116	25200.2857
13	117	25386.1033
13	118	25572.3747
13	119	25759.0556
13	120	25946.0999
13	121	26133.4593
13	122	26321.083
13	123	26508.9178
13	124	26696.9077
13	125	26884.9934
13	126	27073.1123
13	127	27261.1976
13	128	27449.1781
13	129	27636.9775
13	130	27824.5136
13	131	28011.6972
13	132	28198.4313
13	133	28384.6094
13	134	28570.1134
13	135	28754.8115
13	136	28938.5546
13	137	29121.1719
13	138	29302.4641
13	139	29482.1938
13	140	29660.0702
13	141	29835.7223
13	142	30008.647
13	143	30178.0846
13	144	30342.7127
13	145	30500.4339
13	146	30649.4086
14	0	13582.0495
14	1	13584.0516
14	2	13588.0558
14	3	13594.0615
14	4	13602.0684
14	5	13612.0756
14	6	13624.0823
14	7	13638.0875
14	8	13654.0899
14	9	13672.0881
14	10	13692.0805
14	11	13714.0654
14	12	13738.0407
14	13	13764.0045
14	14	13791.9543
14	15	13821.8877
14	16	13853.8021
14	17	13887.6946
14	18	13923.5622
14	19	13961.4017
14	20	14001.2097
14	21	14042.9827
14	22	14086.717
14	23	14132.4085
14	24	14180.0533
14	25	14229.647
14	26	14281.1853
14	27	14334.6633
14	28	14390.0763
14	29	14447.4193
14	30	14506.6871
14	31	14567.8743
14	32	14630.9753
14	33	14695.9843
14	34	14762.8953
14	35	14831.7023
14	36	14902.3989
14	37	14974.9786
14	38	15049.4346
14	39	15125.7601
14	40	15203.9478
14	41	15283.9906
14	42	15365.8808
14	43	15449.6109
14	44	15535.1728
14	45	15622.5585
14	46	15711.7596
14	47	15802.7677
14	48	15895.574
14	49	15990.1696
14	50	16086.5454
14	51	16184.6919
14	52	16284.5996
14	53	16386.2588
14	54	16489.6594
14	55	16594.7911
14	56	16701.6437
14	57	16810.2063
14	58	16920.468
14	59	17032.4179
14	60	17146.0444
14	61	17261.3359
14	62	17378.2807
14	63	17496.8666
14	64	17617.0813
14	65	17738.9123
14	66	17862.3466
14	67	17987.3713
14	68	18113.9728
14	69	18242.1377
14	70	18371.852
14	71	18503.1016
14	72	18635.8719
14	73	18770.1484
14	74	18905.9158
14	75	19043.159
14	76	19181.8623
14	77	19322.0097
14	78	19463.585
14	79	19606.5716
14	80	19750.9526
14	81	19896.7107
14	82	20043.8283
14	83	20192.2874
14	84	20342.0698
14	85	20493.1567
14	86	20645.529
14	87	20799.1671
14	88	20954.0512
14	89	21110.1609
14	90	21267.4754
14	91	21425.9734
14	92	21585.6332
14	93	21746.4326
14	94	21908.3488
14	95	22071.3586
14	96	22235.4381
14	97	22400.5629
14	98	22566.708
14	99	22733.8478
14	100	22901.9559
14	101	23071.0054
14	102	23240.9685
14	103	23411.8167
14	104	23583.5208
14	105	23756.0505
14	106	23929.3748
14	107	24103.4617
14	108	24278.2782
14	109	24453.79
14	110	24629.9619
14	111	24806.7574
14	112	24984.1385
14	113	25162.0661
14	114	25340.4992
14	115	25519.3953
14	116	25698.71
14	117	25878.397
14	118	26058.4078
14	119	26238.6914
14	120	26419.1944
14	121	26599.8602
14	122	26780.6291
14	123	26961.4376
14	124	27142.2184
14	125	27322.8991
14	126	27503.4021
14	127	27683.6439
14	128	27863.5333
14	129	28042.9712
14	130	28221.8479
14	131	28400.0419
14	132	28577.4168
14	133	28753.8174
14	134	28929.0649
14	135	29102.9491
14	136	29275.2171
14	137	29445.5545
14	138	29613.5521
14	139	29778.6343
14	140	29939.8792
14	141	30095.6505
14	142	30243.9979
15	0	14349.8717
15	1	14351.8352
15	2	14355.762
15	3	14361.6519
15	4	14369.5041
15	5	14379.3181
15	6	14391.093
15	7	14404.8276
15	8	14420.5207
15	9	14438.1709
15	10	14457.7765
15	11	14479.3358
15	12	14502.8469
15	13	14528.3074
15	14	14555.7153
15	15	14585.0678
15	16	14616.3623
15	17	14649.596
15	18	14684.7658
15	19	14721.8684
15	20	14760.9004
15	21	14801.8583
15	22	14844.7381
15	23	14889.536
15	24	14936.2479
15	25	14984.8692
15	26	15035.3956
15	27	15087.8222
15	28	15142.1443
15	29	15198.3566
15	30	15256.4539
15	31	15316.4308
15	32	15378.2814
15	33	15442.0001
15	34	15507.5808
15	35	15575.0171
15	36	15644.3026
15	37	15715.4308
15	38	15788.3947
15	39	15863.1874
15	40	15939.8016
15	41	16018.2298
15	42	16098.4644
15	43	16180.4975
15	44	16264.3212
15	45	16349.9271
15	46	16437.3068
15	47	16526.4515
15	48	16617.3525
15	49	16710.0005
15	50	16804.3863
15	51	16900.5002
15	52	16998.3326
15	53	17097.8734
15	54	17199.1123
15	55	17302.0391
15	56	17406.6428
15	57	17512.9127
15	58	17620.8376
15	59	17730.4061
15	60	17841.6065
15	61	17954.4269
15	62	18068.8552
15	63	18184.879
15	64	18302.4856
15	65	18421.6621
15	66	18542.3954
15	67	18664.6719
15	68	18788.4779
15	69	18913.7993
15	70	19040.622
15	71	19168.9311
15	72	19298.712
15	73	19429.9492
15	74	19562.6274
15	75	19696.7306
15	76	19832.2427
15	77	19969.1471
15	78	20107.4271
15	79	20247.0653
15	80	20388.0443
15	81	20530.346
15	82	20673.9522
15	83	20818.8441
15	84	20965.0026
15	85	21112.4081
15	86	21261.0406
15	87	21410.8798
15	88	21561.9047
15	89	21714.0939
15	90	21867.4255
15	91	22021.8772
15	92	22177.426
15	93	22334.0484
15	94	22491.7203
15	95	22650.417
15	96	22810.1133
15	97	22970.7829
15	98	23132.3993
15	99	23294.935
15	100	23458.3617
15	101	23622.6504
15	102	23787.7712
15	103	23953.6932
15	104	24120.3845
15	105	24287.8123
15	106	24455.9427
15	107	24624.7404
15	108	24794.169
15	109	24964.1908
15	110	25134.7664
15	111	25305.855
15	112	25477.4141
15	113	25649.3991
15	114	25821.7636
15	115	25994.4589
15	116	26167.4337
15	117	26340.6342
15	118	26514.0033
15	119	26687.4808
15	120	26861.0025
15	121	27034.5
15	122	27207.8999
15	123	27381.1233
15	124	27554.0848
15	125	27726.6914
15	126	27898.8411
15	127	28070.4212
15	128	28241.3059
15	129	28411.3535
15	130	28580.4019
15	131	28748.2626
15	132	28914.7125
15	133	29079.4792
15	134	29242.2188
15	135	29402.4704
15	136	29559.5525
15	137	29712.3031
15	138	29858.7964
15	139	29997.7598
16	0	15095.2779
16	1	15097.2024
16	2	15101.0512
16	3	15106.8239
16	4	15114.52
16	5	15124.1388
16	6	15135.6793
16	7	15149.1405
16	8	15164.5211
16	9	15181.8197
16	10	15201.0345
16	11	15222.1639
16	12	15245.2057
16	13	15270.1578
16	14	15297.0179
16	15	15325.7834
16	16	15356.4515
16	17	15389.0193
16	18	15423.4838
16	19	15459.8416
16	20	15498.0892
16	21	15538.2231
16	22	15580.2392
16	23	15624.1337
16	24	15669.9022
16	25	15717.5404
16	26	15767.0436
16	27	15818.407
16	28	15871.6257
16	29	15926.6944
16	30	15983.6079
16	31	16042.3604
16	32	16102.9462
16	33	16165.3595
16	34	16229.5939
16	35	16295.6431
16	36	16363.5007
16	37	16433.1597
16	38	16504.6133
16	39	16577.8542
16	40	16652.8751
16	41	16729.6684
16	42	16808.2263
16	43	16888.5408
16	44	16970.6037
16	45	17054.4065
16	46	17139.9405
16	47	17227.1969
16	48	17316.1667
16	49	17406.8404
16	50	17499.2086
16	51	17593.2614
16	52	17688.9889
16	53	17786.3808
16	54	17885.4267
16	55	17986.1158
16	56	18088.4372
16	57	18192.3796
16	58	18297.9317
16	59	18405.0817
16	60	18513.8177
16	61	18624.1274
16	62	18735.9983
16	63	18849.4177
16	64	18964.3725
16	65	19080.8495
16	66	19198.8349
16	67	19318.315
16	68	19439.2756
16	69	19561.7021
16	70	19685.5797
16	71	19810.8934
16	72	19937.6276
16	73	20065.7667
16	74	20195.2945
16	75	20326.1946
16	76	20458.4501
16	77	20592.0438
16	78	20726.9583
16	79	20863.1755
16	80	21000.6771
16	81	21139.4444
16	82	21279.4582
16	83	21420.6989
16	84	21563.1464
16	85	21706.7801
16	86	21851.579
16	87	21997.5216
16	88	22144.5859
16	89	22292.7492
16	90	22441.9883
16	91	22592.2795
16	92	22743.5984
16	93	22895.9199
16	94	23049.2183
16	95	23203.4672
16	96	23358.6395
16	97	23514.707
16	98	23671.641
16	99	23829.4117
16	100	23987.9886
16	101	24147.34
16	102	24307.4331
16	103	24468.2342
16	104	24629.7082
16	105	24791.8187
16	106	24954.528
16	107	25117.797
16	108	25281.5846
16	109	25445.8482
16	110	25610.5433
16	111	25775.6232
16	112	25941.039
16	113	26106.739
16	114	26272.6689
16	115	26438.7713
16	116	26604.9851
16	117	26771.2453
16	118	26937.4824
16	119	27103.622
16	120	27269.5834
16	121	27435.2793
16	122	27600.6143
16	123	27765.4834
16	124	27929.7702
16	125	28093.3441
16	126	28256.057
16	127	28417.7383
16	128	28578.1883
16	129	28737.1673
16	130	28894.3788
16	131	29049.4389
16	132	29201.8128
16	133	29350.6555
16	134	29494.4741
16	135	29631.3916
17	0	15818.0936
17	1	15819.9786
17	2	15823.7484
17	3	15829.4026
17	4	15836.9408
17	5	15846.3621
17	6	15857.6656
17	7	15870.8503
17	8	15885.9148
17	9	15902.8576
17	10	15921.6772
17	11	15942.3715
17	12	15964.9387
17	13	15989.3765
17	14	16015.6824
17	15	16043.8539
17	16	16073.8882
17	17	16105.7823
17	18	16139.5331
17	19	16175.1372
17	20	16212.5911
17	21	16251.891
17	22	16293.033
17	23	16336.013
17	24	16380.8267
17	25	16427.4695
17	26	16475.9369
17	27	16526.2239
17	28	16578.3254
17	29	16632.2361
17	30	16687.9506
17	31	16745.4631
17	32	16804.7678
17	33	16865.8586
17	34	16928.7291
17	35	16993.373
17	36	17059.7835
17	37	17127.9537
17	38	17197.8764
17	39	17269.5444
17	40	17342.9501
17	41	17418.0858
17	42	17494.9434
17	43	17573.5148
17	44	17653.7915
17	45	17735.765
17	46	17819.4263
17	47	17904.7665
17	48	17991.7761
17	49	18080.4456
17	50	18170.7652
17	51	18262.7249
17	52	18356.3145
17	53	18451.5234
17	54	18548.3408
17	55	18646.7558
17	56	18746.7571
17	57	18848.3332
17	58	18951.4722
17	59	19056.1621
17	60	19162.3906
17	61	19270.1451
17	62	19379.4126
17	63	19490.1801
17	64	19602.4341
17	65	19716.1607
17	66	19831.3459
17	67	19947.9753
17	68	20066.0342
17	69	20185.5076
17	70	20306.3802
17	71	20428.6361
17	72	20552.2595
17	73	20677.2337
17	74	20803.5421
17	75	20931.1676
17	76	21060.0924
17	77	21190.2987
17	78	21321.7681
17	79	21454.4818
17	80	21588.4206
17	81	21723.5646
17	82	21859.8938
17	83	21997.3875
17	84	22136.0244
17	85	22275.7829
17	86	22416.6407
17	87	22558.5749
17	88	22701.5621
17	89	22845.5781
17	90	22990.5983
17	91	23136.5971
17	92	23283.5485
17	93	23431.4255
17	94	23580.2003
17	95	23729.8444
17	96	23880.3282
17	97	24031.6214
17	98	24183.6924
17	99	24336.5087
17	100	24490.0366
17	101	24644.2412
17	102	24799.0861
17	103	24954.5336
17	104	25110.5446
17	105	25267.078
17	106	25424.0912
17	107	25581.5394
17	108	25739.3756
17	109	25897.5507
17	110	26056.0126
17	111	26214.7065
17	112	26373.5742
17	113	26532.554
17	114	26691.5799
17	115	26850.5812
17	116	27009.4818
17	117	27168.1995
17	118	27326.6445
17	119	27484.7189
17	120	27642.3139
17	121	27799.3087
17	122	27955.5669
17	123	28110.9329
17	124	28265.2258
17	125	28418.2316
17	126	28569.6897
17	127	28719.2713
17	128	28866.5366
17	129	29010.8365
17	130	29151.0669
17	131	29285.4187
17	132	29412.7642
18	0	16518.1279
18	1	16519.9729
18	2	16523.6627
18	3	16529.197
18	4	16536.5752
18	5	16545.7966
18	6	16556.8601
18	7	16569.7647
18	8	16584.5091
18	9	16601.0917
18	10	16619.5109
18	11	16639.7647
18	12	16661.8511
18	13	16685.7679
18	14	16711.5125
18	15	16739.0824
18	16	16768.4746
18	17	16799.6862
18	18	16832.7139
18	19	16867.5544
18	20	16904.204
18	21	16942.6588
18	22	16982.915
18	23	17024.9682
18	24	17068.8142
18	25	17114.4483
18	26	17161.8657
18	27	17211.0614
18	28	17262.0302
18	29	17314.7668
18	30	17369.2655
18	31	17425.5205
18	32	17483.5258
18	33	17543.2752
18	34	17604.7622
18	35	17667.9803
18	36	17732.9225
18	37	17799.5817
18	38	17867.9508
18	39	17938.0221
18	40	18009.788
18	41	18083.2405
18	42	18158.3715
18	43	18235.1724
18	44	18313.6348
18	45	18393.7498
18	46	18475.5082
18	47	18558.9007
18	48	18643.9177
18	49	18730.5495
18	50	18818.786
18	51	18908.6168
18	52	19000.0314
18	53	19093.019
18	54	19187.5684
18	55	19283.6684
18	56	19381.3073
18	57	19480.4732
18	58	19581.1539
18	59	19683.337
18	60	19787.0098
18	61	19892.1591
18	62	19998.7716
18	63	20106.8338
18	64	20216.3315
18	65	20327.2506
18	66	20439.5764
18	67	20553.2939
18	68	20668.3879
18	69	20784.8427
18	70	20902.6422
18	71	21021.7701
18	72	21142.2096
18	73	21263.9436
18	74	21386.9544
18	75	21511.224
18	76	21636.7341
18	77	21763.4657
18	78	21891.3994
18	79	22020.5155
18	80	22150.7936
18	81	22282.2129
18	82	22414.752
18	83	22548.3889
18	84	22683.101
18	85	22818.8654
18	86	22955.658
18	87	23093.4546
18	88	23232.2299
18	89	23371.9581
18	90	23512.6123
18	91	23654.1653
18	92	23796.5885
18	93	23939.8526
18	94	24083.9275
18	95	24228.7818
18	96	24374.3831
18	97	24520.6977
18	98	24667.6908
18	99	24815.3263
18	100	24963.5663
18	101	25112.3715
18	102	25261.701
18	103	25411.5119
18	104	25561.7591
18	105	25712.3956
18	106	25863.3715
18	107	26014.6346
18	108	26166.1293
18	109	26317.7967
18	110	26469.574
18	111	26621.3942
18	112	26773.1852
18	113	26924.8691
18	114	27076.3615
18	115	27227.5702
18	116	27378.3936
18	117	27528.7189
18	118	27678.4199
18	119	27827.3532
18	120	27975.3536
18	121	28122.2276
18	122	28267.7427
18	123	28411.6108
18	124	28553.4577
18	125	28692.7587
18	126	28828.6749
18	127	28959.7381
18	128	29084.2936
19	0	17195.1731
19	1	17196.9776
19	2	17200.5864
19	3	17205.9991
19	4	17213.2151
19	5	17222.2337
19	6	17233.0539
19	7	17245.6745
19	8	17260.0943
19	9	17276.3116
19	10	17294.3247
19	11	17314.1318
19	12	17335.7307
19	13	17359.1191
19	14	17384.2944
19	15	17411.254
19	16	17439.995
19	17	17470.5143
19	18	17502.8086
19	19	17536.8743
19	20	17572.7079
19	21	17610.3054
19	22	17649.6627
19	23	17690.7755
19	24	17733.6394
19	25	17778.2496
19	26	17824.6012
19	27	17872.6891
19	28	17922.5081
19	29	17974.0525
19	30	18027.3167
19	31	18082.2946
19	32	18138.9802
19	33	18197.367
19	34	18257.4485
19	35	18319.2179
19	36	18382.6681
19	37	18447.7918
19	38	18514.5816
19	39	18583.0298
19	40	18653.1284
19	41	18724.8694
19	42	18798.2442
19	43	18873.2442
19	44	18949.8607
19	45	19028.0844
19	46	19107.906
19	47	19189.3158
19	48	19272.3041
19	49	19356.8607
19	50	19442.9752
19	51	19530.637
19	52	19619.8352
19	53	19710.5585
19	54	19802.7956
19	55	19896.5346
19	56	19991.7636
19	57	20088.4703
19	58	20186.6419
19	59	20286.2657
19	60	20387.3283
19	61	20489.8162
19	62	20593.7155
19	63	20699.0121
19	64	20805.6913
19	65	20913.7383
19	66	21023.1379
19	67	21133.8743
19	68	21245.9316
19	69	21359.2935
19	70	21473.943
19	71	21589.8631
19	72	21707.036
19	73	21825.4438
19	74	21945.0679
19	75	22065.8893
19	76	22187.8885
19	77	22311.0455
19	78	22435.3399
19	79	22560.7506
19	80	22687.2558
19	81	22814.8335
19	82	22943.4608
19	83	23073.1141
19	84	23203.7694
19	85	23335.4016
19	86	23467.9851
19	87	23601.4936
19	88	23735.8997
19	89	23871.1752
19	90	24007.2911
19	91	24144.2172
19	92	24281.9223
19	93	24420.3742
19	94	24559.5393
19	95	24699.3829
19	96	24839.8686
19	97	24980.9587
19	98	25122.6139
19	99	25264.7929
19	100	25407.4527
19	101	25550.5481
19	102	25694.0314
19	103	25837.8524
19	104	25981.9583
19	105	26126.2927
19	106	26270.7958
19	107	26415.4037
19	108	26560.0481
19	109	26704.655
19	110	26849.1446
19	111	26993.4299
19	112	27137.4155
19	113	27280.9956
19	114	27424.0526
19	115	27566.4535
19	116	27708.046
19	117	27848.6532
19	118	27988.0649
19	119	28126.0241
19	120	28262.2044
19	121	28396.1638
19	122	28527.2348
19	123	28654.2658
19	124	28775.5303
20	0	17849.0036
20	1	17850.7669
20	2	17854.2933
20	3	17859.5825
20	4	17866.6339
20	5	17875.4466
20	6	17886.0197
20	7	17898.3521
20	8	17912.4422
20	9	17928.2886
20	10	17945.8895
20	11	17965.2429
20	12	17986.3467
20	13	18009.1985
20	14	18033.7956
20	15	18060.1355
20	16	18088.215
20	17	18118.031
20	18	18149.5802
20	19	18182.8589
20	20	18217.8634
20	21	18254.5898
20	22	18293.0337
20	23	18333.1908
20	24	18375.0566
20	25	18418.6261
20	26	18463.8944
20	27	18510.8562
20	28	18559.506
20	29	18609.8382
20	30	18661.847
20	31	18715.5261
20	32	18770.8693
20	33	18827.87
20	34	18886.5214
20	35	18946.8166
20	36	19008.7482
20	37	19072.309
20	38	19137.491
20	39	19204.2865
20	40	19272.6872
20	41	19342.6848
20	42	19414.2705
20	43	19487.4356
20	44	19562.1707
20	45	19638.4666
20	46	19716.3135
20	47	19795.7015
20	48	19876.6204
20	49	19959.0597
20	50	20043.0088
20	51	20128.4566
20	52	20215.3917
20	53	20303.8026
20	54	20393.6775
20	55	20485.004
20	56	20577.7697
20	57	20671.9618
20	58	20767.5672
20	59	20864.5724
20	60	20962.9635
20	61	21062.7266
20	62	21163.847
20	63	21266.3099
20	64	21370.1001
20	65	21475.2019
20	66	21581.5994
20	67	21689.2762
20	68	21798.2155
20	69	21908.3999
20	70	22019.8118
20	71	22132.433
20	72	22246.2448
20	73	22361.2283
20	74	22477.3636
20	75	22594.6306
20	76	22713.0087
20	77	22832.4763
20	78	22953.0118
20	79	23074.5924
20	80	23197.195
20	81	23320.7956
20	82	23445.3697
20	83	23570.8917
20	84	23697.3356
20	85	23824.6741
20	86	23952.8794
20	87	24081.9224
20	88	24211.7733
20	89	24342.4009
20	90	24473.773
20	91	24605.8562
20	92	24738.6155
20	93	24872.0148
20	94	25006.0162
20	95	25140.5802
20	96	25275.6654
20	97	25411.2285
20	98	25547.2237
20	99	25683.603
20	100	25820.3158
20	101	25957.3082
20	102	26094.523
20	103	26231.8994
20	104	26369.3722
20	105	26506.8711
20	106	26644.3204
20	107	26781.6377
20	108	26918.7327
20	109	27055.5062
20	110	27191.8476
20	111	27327.6327
20	112	27462.7202
20	113	27596.9467
20	114	27730.1199
20	115	27862.0071
20	116	27992.3175
20	117	28120.667
20	118	28246.5005
20	119	28368.8965
20	120	28486.3172
20	121	28597.6499
21	0	18479.3737
21	1	18481.0952
21	2	18484.538
21	3	18489.7016
21	4	18496.5856
21	5	18505.189
21	6	18515.5109
21	7	18527.55
21	8	18541.305
21	9	18556.7743
21	10	18573.9559
21	11	18592.848
21	12	18613.4483
21	13	18635.7543
21	14	18659.7634
21	15	18685.4728
21	16	18712.8794
21	17	18741.9801
21	18	18772.7712
21	19	18805.2492
21	20	18839.4102
21	21	18875.25
21	22	18912.7644
21	23	18951.9489
21	24	18992.7987
21	25	19035.3088
21	26	19079.4742
21	27	19125.2893
21	28	19172.7486
21	29	19221.8463
21	30	19272.5763
21	31	19324.9323
21	32	19378.9077
21	33	19434.496
21	34	19491.6899
21	35	19550.4825
21	36	19610.8661
21	37	19672.8331
21	38	19736.3755
21	39	19801.4853
21	40	19868.1538
21	41	19936.3724
21	42	20006.1322
21	43	20077.424
21	44	20150.2383
21	45	20224.5653
21	46	20300.395
21	47	20377.7172
21	48	20456.5211
21	49	20536.7961
21	50	20618.5309
21	51	20701.714
21	52	20786.3338
21	53	20872.3781
21	54	20959.8345
21	55	21048.6903
21	56	21138.9325
21	57	21230.5477
21	58	21323.5222
21	59	21417.8418
21	60	21513.4922
21	61	21610.4584
21	62	21708.7253
21	63	21808.2772
21	64	21909.0982
21	65	22011.1717
21	66	22114.4809
21	67	22219.0085
21	68	22324.7365
21	69	22431.6469
21	70	22539.7206
21	71	22648.9386
21	72	22759.2808
21	73	22870.7268
21	74	22983.2557
21	75	23096.8458
21	76	23211.4749
21	77	23327.1199
21	78	23443.7573
21	79	23561.3626
21	80	23679.9107
21	81	23799.3755
21	82	23919.7302
21	83	24040.9468
21	84	24162.9967
21	85	24285.8499
21	86	24409.4754
21	87	24533.8411
21	88	24658.9135
21	89	24784.6578
21	90	24911.0375
21	91	25038.0146
21	92	25165.5495
21	93	25293.6005
21	94	25422.1238
21	95	25551.0733
21	96	25680.4003
21	97	25810.0533
21	98	25939.9777
21	99	26070.1152
21	100	26200.4035
21	101	26330.7758
21	102	26461.1598
21	103	26591.4772
21	104	26721.6425
21	105	26851.5617
21	106	26981.1307
21	107	27110.2325
21	108	27238.735
21	109	27366.4861
21	110	27493.3077
21	111	27618.9866
21	112	27743.2588
21	113	27865.7823
21	114	27986.0779
21	115	28103.3805
21	116	28216.3718
21	117	28323.6502
22	0	19086.0171
22	1	19087.6959
22	2	19091.0535
22	3	19096.0893
22	4	19102.8028
22	5	19111.1931
22	6	19121.2591
22	7	19132.9997
22	8	19146.4134
22	9	19161.4985
22	10	19178.2532
22	11	19196.6753
22	12	19216.7627
22	13	19238.5128
22	14	19261.9229
22	15	19286.99
22	16	19313.7111
22	17	19342.0828
22	18	19372.1015
22	19	19403.7635
22	20	19437.0648
22	21	19472.0011
22	22	19508.568
22	23	19546.7608
22	24	19586.5747
22	25	19628.0046
22	26	19671.0452
22	27	19715.6908
22	28	19761.9357
22	29	19809.7739
22	30	19859.1991
22	31	19910.2048
22	32	19962.7844
22	33	20016.9307
22	34	20072.6366
22	35	20129.8947
22	36	20188.6972
22	37	20249.0361
22	38	20310.9033
22	39	20374.2902
22	40	20439.1881
22	41	20505.588
22	42	20573.4805
22	43	20642.8562
22	44	20713.7052
22	45	20786.0173
22	46	20859.7821
22	47	20934.9889
22	48	21011.6267
22	49	21089.6841
22	50	21169.1496
22	51	21250.011
22	52	21332.2563
22	53	21415.8726
22	54	21500.8471
22	55	21587.1665
22	56	21674.817
22	57	21763.7845
22	58	21854.0547
22	59	21945.6127
22	60	22038.4433
22	61	22132.5309
22	62	22227.8592
22	63	22324.412
22	64	22422.172
22	65	22521.122
22	66	22621.2439
22	67	22722.5193
22	68	22824.9292
22	69	22928.4541
22	70	23033.0738
22	71	23138.7676
22	72	23245.5142
22	73	23353.2916
22	74	23462.077
22	75	23571.8471
22	76	23682.5777
22	77	23794.2438
22	78	23906.8196
22	79	24020.2782
22	80	24134.5921
22	81	24249.7325
22	82	24365.6696
22	83	24482.3725
22	84	24599.809
22	85	24717.9456
22	86	24836.7472
22	87	24956.1774
22	88	25076.198
22	89	25196.7689
22	90	25317.848
22	91	25439.3912
22	92	25561.3515
22	93	25683.6798
22	94	25806.3234
22	95	25929.2267
22	96	26052.3299
22	97	26175.569
22	98	26298.8753
22	99	26422.1738
22	100	26545.3833
22	101	26668.4143
22	102	26791.1681
22	103	26913.5342
22	104	27035.3878
22	105	27156.5863
22	106	27276.9631
22	107	27396.3201
22	108	27514.4144
22	109	27630.9348
22	110	27745.4544
22	111	27857.3122
22	112	27965.3689
22	113	28068.1713
23	0	19668.644
23	1	19670.2794
23	2	19673.5501
23	3	19678.4555
23	4	19684.995
23	5	19693.1679
23	6	19702.973
23	7	19714.409
23	8	19727.4745
23	9	19742.1678
23	10	19758.4868
23	11	19776.4295
23	12	19795.9936
23	13	19817.1764
23	14	19839.9752
23	15	19864.3869
23	16	19890.4083
23	17	19918.036
23	18	19947.2663
23	19	19978.0952
23	20	20010.5187
23	21	20044.5324
23	22	20080.1317
23	23	20117.3118
23	24	20156.0677
23	25	20196.3941
23	26	20238.2854
23	27	20281.736
23	28	20326.7398
23	29	20373.2906
23	30	20421.3819
23	31	20471.007
23	32	20522.159
23	33	20574.8305
23	34	20629.0141
23	35	20684.702
23	36	20741.8863
23	37	20800.5587
23	38	20860.7105
23	39	20922.3331
23	40	20985.4172
23	41	21049.9535
23	42	21115.9323
23	43	21183.3436
23	44	21252.1772
23	45	21322.4225
23	46	21394.0686
23	47	21467.1042
23	48	21541.5179
23	49	21617.2977
23	50	21694.4315
23	51	21772.9067
23	52	21852.7105
23	53	21933.8294
23	54	22016.2499
23	55	22099.9578
23	56	22184.9389
23	57	22271.1782
23	58	22358.6604
23	59	22447.3698
23	60	22537.2904
23	61	22628.4053
23	62	22720.6976
23	63	22814.1496
23	64	22908.7433
23	65	23004.4598
23	66	23101.28
23	67	23199.1841
23	68	23298.1516
23	69	23398.1615
23	70	23499.1919
23	71	23601.2205
23	72	23704.224
23	73	23808.1785
23	74	23913.0591
23	75	24018.8402
23	76	24125.4951
23	77	24232.9963
23	78	24341.315
23	79	24450.4217
23	80	24560.2852
23	81	24670.8733
23	82	24782.1524
23	83	24894.0874
23	84	25006.6415
23	85	25119.7761
23	86	25233.4508
23	87	25347.623
23	88	25462.2478
23	89	25577.2777
23	90	25692.6623
23	91	25808.348
23	92	25924.2775
23	93	26040.3896
23	94	26156.6181
23	95	26272.8915
23	96	26389.1319
23	97	26505.2541
23	98	26621.1638
23	99	26736.7558
23	100	26851.9119
23	101	26966.4967
23	102	27080.3532
23	103	27193.2952
23	104	27305.0956
23	105	27415.4659
23	106	27524.0154
23	107	27630.1508
23	108	27732.8586
23	109	27830.7382
24	0	20226.9396
24	1	20228.5306
24	2	20231.7124
24	3	20236.4846
24	4	20242.8464
24	5	20250.7971
24	6	20260.3355
24	7	20271.4603
24	8	20284.1699
24	9	20298.4627
24	10	20314.3365
24	11	20331.7891
24	12	20350.8183
24	13	20371.4212
24	14	20393.5949
24	15	20417.3365
24	16	20442.6425
24	17	20469.5093
24	18	20497.9331
24	19	20527.91
24	20	20559.4356
24	21	20592.5054
24	22	20627.1147
24	23	20663.2584
24	24	20700.9314
24	25	20740.1282
24	26	20780.8431
24	27	20823.07
24	28	20866.8027
24	29	20912.0349
24	30	20958.7597
24	31	21006.9701
24	32	21056.659
24	33	21107.8187
24	34	21160.4414
24	35	21214.5192
24	36	21270.0436
24	37	21327.006
24	38	21385.3975
24	39	21445.2088
24	40	21506.4305
24	41	21569.0526
24	42	21633.0652
24	43	21698.4577
24	44	21765.2193
24	45	21833.339
24	46	21902.8053
24	47	21973.6064
24	48	22045.7303
24	49	22119.1643
24	50	22193.8956
24	51	22269.9109
24	52	22347.1967
24	53	22425.7388
24	54	22505.5228
24	55	22586.5338
24	56	22668.7564
24	57	22752.1748
24	58	22836.7728
24	59	22922.5336
24	60	23009.4398
24	61	23097.4738
24	62	23186.617
24	63	23276.8506
24	64	23368.1551
24	65	23460.5102
24	66	23553.8951
24	67	23648.2884
24	68	23743.6677
24	69	23840.0101
24	70	23937.2918
24	71	24035.488
24	72	24134.5733
24	73	24234.5211
24	74	24335.3038
24	75	24436.8929
24	76	24539.2585
24	77	24642.3696
24	78	24746.1938
24	79	24850.6974
24	80	24955.8448
24	81	25061.599
24	82	25167.921
24	83	25274.7697
24	84	25382.1021
24	85	25489.8722
24	86	25598.0315
24	87	25706.5286
24	88	25815.3082
24	89	25924.3114
24	90	26033.4746
24	91	26142.7291
24	92	26252.0001
24	93	26361.2057
24	94	26470.2556
24	95	26579.0492
24	96	26687.4732
24	97	26795.3984
24	98	26902.6752
24	99	27009.1265
24	100	27114.537
24	101	27218.6343
24	102	27321.0513
24	103	27421.236
24	104	27518.2518
24	105	27610.7765
24	106	27698.0651
25	0	20760.5608
25	1	20762.1063
25	2	20765.1972
25	3	20769.8329
25	4	20776.0129
25	5	20783.736
25	6	20793.0014
25	7	20803.8074
25	8	20816.1526
25	9	20830.0352
25	10	20845.4529
25	11	20862.4037
25	12	20880.8848
25	13	20900.8937
25	14	20922.4272
25	15	20945.4821
25	16	20970.0549
25	17	20996.1421
25	18	21023.7394
25	19	21052.8429
25	20	21083.448
25	21	21115.5501
25	22	21149.1441
25	23	21184.225
25	24	21220.7873
25	25	21258.8252
25	26	21298.3328
25	27	21339.3039
25	28	21381.732
25	29	21425.6104
25	30	21470.9319
25	31	21517.6894
25	32	21565.8751
25	33	21615.4813
25	34	21666.4998
25	35	21718.9222
25	36	21772.7396
25	37	21827.943
25	38	21884.5231
25	39	21942.4702
25	40	22001.7743
25	41	22062.425
25	42	22124.4117
25	43	22187.7234
25	44	22252.3487
25	45	22318.2759
25	46	22385.4929
25	47	22453.9873
25	48	22523.7462
25	49	22594.7563
25	50	22667.004
25	51	22740.4751
25	52	22815.1552
25	53	22891.0292
25	54	22968.0818
25	55	23046.2969
25	56	23125.6581
25	57	23206.1486
25	58	23287.7506
25	59	23370.4463
25	60	23454.2169
25	61	23539.0431
25	62	23624.9051
25	63	23711.7822
25	64	23799.6532
25	65	23888.4959
25	66	23978.2875
25	67	24069.0044
25	68	24160.622
25	69	24253.1148
25	70	24346.4564
25	71	24440.6191
25	72	24535.5744
25	73	24631.2924
25	74	24727.7418
25	75	24824.89
25	76	24922.703
25	77	25021.1449
25	78	25120.1782
25	79	25219.7632
25	80	25319.8584
25	81	25420.4195
25	82	25521.3997
25	83	25622.7492
25	84	25724.4148
25	85	25826.3396
25	86	25928.4623
25	87	26030.7166
25	88	26133.0302
25	89	26235.3243
25	90	26337.5117
25	91	26439.4954
25	92	26541.1662
25	93	26642.3998
25	94	26743.0521
25	95	26842.9525
25	96	26941.8939
25	97	27039.614
25	98	27135.759
25	99	27229.7954
25	100	27320.8206
25	101	27407.6013
25	102	27489.3727
26	0	21269.1335
26	1	21270.6324
26	2	21273.6299
26	3	21278.1256
26	4	21284.1188
26	5	21291.6086
26	6	21300.5936
26	7	21311.0726
26	8	21323.0437
26	9	21336.5052
26	10	21351.4549
26	11	21367.8904
26	12	21385.809
26	13	21405.2079
26	14	21426.0839
26	15	21448.4337
26	16	21472.2536
26	17	21497.5398
26	18	21524.2881
26	19	21552.4942
26	20	21582.1535
26	21	21613.2609
26	22	21645.8114
26	23	21679.7996
26	24	21715.2197
26	25	21752.0657
26	26	21790.3316
26	27	21830.0106
26	28	21871.0961
26	29	21913.5809
26	30	21957.4576
26	31	22002.7187
26	32	22049.3561
26	33	22097.3616
26	34	22146.7266
26	35	22197.4422
26	36	22249.4991
26	37	22302.8879
26	38	22357.5986
26	39	22413.6211
26	40	22470.9447
26	41	22529.5586
26	42	22589.4514
26	43	22650.6115
26	44	22713.0268
26	45	22776.6848
26	46	22841.5728
26	47	22907.6773
26	48	22974.9848
26	49	23043.481
26	50	23113.1513
26	51	23183.9806
26	52	23255.9534
26	53	23329.0534
26	54	23403.264
26	55	23478.568
26	56	23554.9477
26	57	23632.3846
26	58	23710.8598
26	59	23790.3534
26	60	23870.8451
26	61	23952.3139
26	62	24034.7377
26	63	24118.0939
26	64	24202.359
26	65	24287.5084
26	66	24373.5166
26	67	24460.3572
26	68	24548.0026
26	69	24636.424
26	70	24725.5913
26	71	24815.473
26	72	24906.0364
26	73	24997.2467
26	74	25089.0678
26	75	25181.4614
26	76	25274.3872
26	77	25367.8024
26	78	25461.6618
26	79	25555.9172
26	80	25650.5171
26	81	25745.4064
26	82	25840.5257
26	83	25935.8106
26	84	26031.1913
26	85	26126.5911
26	86	26221.9255
26	87	26317.1004
26	88	26412.0096
26	89	26506.5322
26	90	26600.5279
26	91	26693.8303
26	92	26786.2367
26	93	26877.4893
26	94	26967.2369
26	95	27054.9416
26	96	27139.6971
26	97	27220.3855
27	0	21752.2483
27	1	21753.6992
27	2	21756.6008
27	3	21760.9525
27	4	21766.7536
27	5	21774.0031
27	6	21782.6999
27	7	21792.8422
27	8	21804.4286
27	9	21817.4568
27	10	21831.9248
27	11	21847.83
27	12	21865.1696
27	13	21883.9406
27	14	21904.1398
27	15	21925.7635
27	16	21948.8081
27	17	21973.2695
27	18	21999.1433
27	19	22026.425
27	20	22055.1096
27	21	22085.1921
27	22	22116.667
27	23	22149.5287
27	24	22183.771
27	25	22219.3879
27	26	22256.3727
27	27	22294.7185
27	28	22334.4182
27	29	22375.4643
27	30	22417.8491
27	31	22461.5645
27	32	22506.602
27	33	22552.953
27	34	22600.6082
27	35	22649.5584
27	36	22699.7938
27	37	22751.3042
27	38	22804.0791
27	39	22858.1077
27	40	22913.3787
27	41	22969.8805
27	42	23027.601
27	43	23086.5279
27	44	23146.648
27	45	23207.9482
27	46	23270.4147
27	47	23334.0331
27	48	23398.7887
27	49	23464.6662
27	50	23531.6498
27	51	23599.7231
27	52	23668.8693
27	53	23739.0708
27	54	23810.3094
27	55	23882.5664
27	56	23955.8222
27	57	24030.0567
27	58	24105.2488
27	59	24181.3768
27	60	24258.418
27	61	24336.349
27	62	24415.1453
27	63	24494.7813
27	64	24575.2305
27	65	24656.4652
27	66	24738.4563
27	67	24821.1735
27	68	24904.585
27	69	24988.6574
27	70	25073.3556
27	71	25158.6427
27	72	25244.4794
27	73	25330.8245
27	74	25417.634
27	75	25504.8612
27	76	25592.456
27	77	25680.3648
27	78	25768.5299
27	79	25856.8885
27	80	25945.3727
27	81	26033.9075
27	82	26122.4103
27	83	26210.789
27	84	26298.9396
27	85	26386.7432
27	86	26474.0612
27	87	26560.729
27	88	26646.5443
27	89	26731.2471
27	90	26814.4758
27	91	26895.6607
27	92	26973.8613
27	93	27048.1776
28	0	22209.4563
28	1	22210.8577
28	2	22213.6602
28	3	22217.8634
28	4	22223.4663
28	5	22230.4681
28	6	22238.8673
28	7	22248.6625
28	8	22259.8517
28	9	22272.433
28	10	22286.4038
28	11	22301.7617
28	12	22318.5036
28	13	22336.6265
28	14	22356.1268
28	15	22377.001
28	16	22399.2449
28	17	22422.8543
28	18	22447.8246
28	19	22474.1511
28	20	22501.8285
28	21	22530.8515
28	22	22561.2143
28	23	22592.911
28	24	22625.9351
28	25	22660.2802
28	26	22695.9391
28	27	22732.9047
28	28	22771.1694
28	29	22810.7253
28	30	22851.5641
28	31	22893.6772
28	32	22937.0557
28	33	22981.6903
28	34	23027.5712
28	35	23074.6886
28	36	23123.0319
28	37	23172.5903
28	38	23223.3527
28	39	23275.3073
28	40	23328.442
28	41	23382.7445
28	42	23438.2017
28	43	23494.8001
28	44	23552.5259
28	45	23611.3645
28	46	23671.3012
28	47	23732.3203
28	48	23794.4057
28	49	23857.5409
28	50	23921.7085
28	51	23986.8906
28	52	24053.0685
28	53	24120.2231
28	54	24188.3341
28	55	24257.3807
28	56	24327.3413
28	57	24398.1932
28	58	24469.9129
28	59	24542.4759
28	60	24615.8565
28	61	24690.0281
28	62	24764.9625
28	63	24840.6305
28	64	24917.0014
28	65	24994.0428
28	66	25071.7207
28	67	25149.9991
28	68	25228.8402
28	69	25308.2037
28	70	25388.047
28	71	25468.3243
28	72	25548.987
28	73	25629.9826
28	74	25711.2548
28	75	25792.742
28	76	25874.3776
28	77	25956.0879
28	78	26037.7916
28	79	26119.3976
28	80	26200.8027
28	81	26281.8885
28	82	26362.5164
28	83	26442.52
28	84	26521.6926
28	85	26599.7631
28	86	26676.3401
28	87	26750.7845
28	88	26822.1305
28	89	26889.9162
29	0	22640.2628
29	1	22641.613
29	2	22644.313
29	3	22648.3624
29	4	22653.7604
29	5	22660.5057
29	6	22668.5971
29	7	22678.0328
29	8	22688.8111
29	9	22700.9295
29	10	22714.3857
29	11	22729.1769
29	12	22745.2999
29	13	22762.7515
29	14	22781.528
29	15	22801.6255
29	16	22823.0397
29	17	22845.7661
29	18	22869.7999
29	19	22895.136
29	20	22921.7689
29	21	22949.6929
29	22	22978.9018
29	23	23009.3894
29	24	23041.1488
29	25	23074.173
29	26	23108.4546
29	27	23143.986
29	28	23180.7589
29	29	23218.7649
29	30	23257.9953
29	31	23298.4408
29	32	23340.0918
29	33	23382.9383
29	34	23426.9701
29	35	23472.1762
29	36	23518.5454
29	37	23566.0661
29	38	23614.7262
29	39	23664.513
29	40	23715.4135
29	41	23767.414
29	42	23820.5006
29	43	23874.6584
29	44	23929.8724
29	45	23986.1266
29	46	24043.4047
29	47	24101.6897
29	48	24160.9636
29	49	24221.2083
29	50	24282.4043
29	51	24344.5318
29	52	24407.57
29	53	24471.4971
29	54	24536.2905
29	55	24601.9267
29	56	24668.3808
29	57	24735.6272
29	58	24803.6388
29	59	24872.3871
29	60	24941.8425
29	61	25011.9735
29	62	25082.7471
29	63	25154.1284
29	64	25226.0804
29	65	25298.564
29	66	25371.5373
29	67	25444.9558
29	68	25518.7718
29	69	25592.9337
29	70	25667.386
29	71	25742.0683
29	72	25816.9144
29	73	25891.8515
29	74	25966.7985
29	75	26041.6643
29	76	26116.3454
29	77	26190.7218
29	78	26264.6519
29	79	26337.9635
29	80	26410.4384
29	81	26481.7792
29	82	26551.5313
29	83	26618.9462
29	84	26683.1848
30	0	23044.1206
30	1	23045.4176
30	2	23048.0112
30	3	23051.901
30	4	23057.0859
30	5	23063.565
30	6	23071.3366
30	7	23080.399
30	8	23090.7502
30	9	23102.3878
30	10	23115.3092
30	11	23129.5114
30	12	23144.9912
30	13	23161.7449
30	14	23179.7688
30	15	23199.0585
30	16	23219.6097
30	17	23241.4174
30	18	23264.4766
30	19	23288.7817
30	20	23314.327
30	21	23341.1062
30	22	23369.1129
30	23	23398.3403
30	24	23428.7811
30	25	23460.4277
30	26	23493.2723
30	27	23527.3064
30	28	23562.5215
30	29	23598.9083
30	30	23636.4574
30	31	23675.1588
30	32	23715.0022
30	33	23755.9767
30	34	23798.0711
30	35	23841.2736
30	36	23885.5721
30	37	23930.9538
30	38	23977.4054
30	39	24024.9131
30	40	24073.4626
30	41	24123.039
30	42	24173.6266
30	43	24225.2093
30	44	24277.7702
30	45	24331.2916
30	46	24385.7554
30	47	24441.1423
30	48	24497.4325
30	49	24554.6051
30	50	24612.6383
30	51	24671.5094
30	52	24731.1947
30	53	24791.6691
30	54	24852.9065
30	55	24914.8794
30	56	24977.5589
30	57	25040.9145
30	58	25104.914
30	59	25169.5234
30	60	25234.7065
30	61	25300.425
30	62	25366.6379
30	63	25433.3013
30	64	25500.3682
30	65	25567.7878
30	66	25635.5049
30	67	25703.4595
30	68	25771.5855
30	69	25839.81
30	70	25908.0511
30	71	25976.2166
30	72	26044.2004
30	73	26111.8785
30	74	26179.1024
30	75	26245.6873
30	76	26311.3904
30	77	26375.8585
30	78	26438.5177
30	79	26498.5549
30	80	26555.7082
31	0	23420.4208
31	1	23421.6623
31	2	23424.145
31	3	23427.8683
31	4	23432.8311
31	5	23439.0324
31	6	23446.4704
31	7	23455.1434
31	8	23465.0491
31	9	23476.185
31	10	23488.5483
31	11	23502.1358
31	12	23516.9439
31	13	23532.969
31	14	23550.2067
31	15	23568.6527
31	16	23588.302
31	17	23609.1495
31	18	23631.1896
31	19	23654.4165
31	20	23678.8238
31	21	23704.405
31	22	23731.1529
31	23	23759.0603
31	24	23788.1193
31	25	23818.3218
31	26	23849.659
31	27	23882.122
31	28	23915.7012
31	29	23950.3869
31	30	23986.1685
31	31	24023.0353
31	32	24060.9758
31	33	24099.9783
31	34	24140.0303
31	35	24181.119
31	36	24223.2308
31	37	24266.3516
31	38	24310.4667
31	39	24355.5609
31	40	24401.618
31	41	24448.6214
31	42	24496.5535
31	43	24545.3961
31	44	24595.1302
31	45	24645.7356
31	46	24697.1916
31	47	24749.4762
31	48	24802.5665
31	49	24856.4382
31	50	24911.066
31	51	24966.4233
31	52	25022.4819
31	53	25079.212
31	54	25136.5823
31	55	25194.5594
31	56	25253.1078
31	57	25312.1897
31	58	25371.7647
31	59	25431.7894
31	60	25492.2171
31	61	25552.9972
31	62	25614.0745
31	63	25675.3886
31	64	25736.8728
31	65	25798.4528
31	66	25860.0448
31	67	25921.5533
31	68	25982.867
31	69	26043.8538
31	70	26104.3513
31	71	26164.1495
31	72	26222.9521
31	73	26280.2881
31	74	26335.4459
31	75	26387.9999
32	0	23768.4815
32	1	23769.6648
32	2	23772.0312
32	3	23775.58
32	4	23780.3101
32	5	23786.2202
32	6	23793.3086
32	7	23801.5732
32	8	23811.0118
32	9	23821.6215
32	10	23833.3994
32	11	23846.3419
32	12	23860.4452
32	13	23875.7054
32	14	23892.1178
32	15	23909.6775
32	16	23928.3793
32	17	23948.2176
32	18	23969.1864
32	19	23991.2792
32	20	24014.4891
32	21	24038.8091
32	22	24064.2313
32	23	24090.7477
32	24	24118.3499
32	25	24147.0287
32	26	24176.7747
32	27	24207.578
32	28	24239.4282
32	29	24272.3143
32	30	24306.2247
32	31	24341.1476
32	32	24377.0702
32	33	24413.9793
32	34	24451.8612
32	35	24490.7013
32	36	24530.4845
32	37	24571.1948
32	38	24612.8157
32	39	24655.3298
32	40	24698.7187
32	41	24742.9632
32	42	24788.0433
32	43	24833.9379
32	44	24880.6247
32	45	24928.0803
32	46	24976.2802
32	47	25025.1982
32	48	25074.807
32	49	25125.0775
32	50	25175.9787
32	51	25227.4778
32	52	25279.5399
32	53	25332.1275
32	54	25385.2004
32	55	25438.7153
32	56	25492.6253
32	57	25546.8794
32	58	25601.4217
32	59	25656.1907
32	60	25711.1177
32	61	25766.1256
32	62	25821.1265
32	63	25876.0184
32	64	25930.6803
32	65	25984.9643
32	66	26038.68
32	67	26091.56
32	68	26143.1837
32	69	26192.9193
32	70	26240.3732
33	0	24087.5324
33	1	24088.6545
33	2	24090.8983
33	3	24094.2631
33	4	24098.7478
33	5	24104.3509
33	6	24111.0705
33	7	24118.9045
33	8	24127.8502
33	9	24137.9047
33	10	24149.0647
33	11	24161.3263
33	12	24174.6854
33	13	24189.1375
33	14	24204.6777
33	15	24221.3006
33	16	24239.0004
33	17	24257.7709
33	18	24277.6056
33	19	24298.4973
33	20	24320.4384
33	21	24343.4211
33	22	24367.4368
33	23	24392.4765
33	24	24418.5308
33	25	24445.5896
33	26	24473.6424
33	27	24502.6781
33	28	24532.685
33	29	24563.6507
33	30	24595.5624
33	31	24628.4064
33	32	24662.1684
33	33	24696.8334
33	34	24732.3855
33	35	24768.8083
33	36	24806.0841
33	37	24844.1945
33	38	24883.1204
33	39	24922.8412
33	40	24963.3354
33	41	25004.5804
33	42	25046.5521
33	43	25089.2251
33	44	25132.5724
33	45	25176.5655
33	46	25221.1739
33	47	25266.3649
33	48	25312.1038
33	49	25358.3531
33	50	25405.0724
33	51	25452.218
33	52	25499.7422
33	53	25547.5928
33	54	25595.7122
33	55	25644.0361
33	56	25692.4923
33	57	25740.9982
33	58	25789.458
33	59	25837.7576
33	60	25885.757
33	61	25933.2739
33	62	25980.0483
33	63	26025.668
33	64	26069.562
33	65	26111.5313
34	0	24376.6953
34	1	24377.7524
34	2	24379.866
34	3	24383.0354
34	4	24387.2594
34	5	24392.5364
34	6	24398.8642
34	7	24406.2406
34	8	24414.6625
34	9	24424.1267
34	10	24434.6295
34	11	24446.1667
34	12	24458.7337
34	13	24472.3255
34	14	24486.9366
34	15	24502.561
34	16	24519.1923
34	17	24536.8236
34	18	24555.4474
34	19	24575.0559
34	20	24595.6405
34	21	24617.1923
34	22	24639.7016
34	23	24663.1585
34	24	24687.552
34	25	24712.8709
34	26	24739.103
34	27	24766.2358
34	28	24794.2557
34	29	24823.1487
34	30	24852.8996
34	31	24883.4928
34	32	24914.9114
34	33	24947.1379
34	34	24980.1537
34	35	25013.939
34	36	25048.4728
34	37	25083.7331
34	38	25119.6965
34	39	25156.3378
34	40	25193.6304
34	41	25231.5461
34	42	25270.0544
34	43	25309.1228
34	44	25348.716
34	45	25388.7963
34	46	25429.3223
34	47	25470.2492
34	48	25511.5274
34	49	25553.1023
34	50	25594.9127
34	51	25636.8895
34	52	25678.9533
34	53	25721.0112
34	54	25762.9516
34	55	25804.635
34	56	25845.874
34	57	25886.3883
34	58	25925.7408
34	59	25963.4876
34	60	25999.7245
35	0	24634.9559
35	1	24635.9432
35	2	24637.9173
35	3	24640.8773
35	4	24644.8219
35	5	24649.7492
35	6	24655.6569
35	7	24662.5423
35	8	24670.4021
35	9	24679.2327
35	10	24689.0298
35	11	24699.7887
35	12	24711.5042
35	13	24724.1707
35	14	24737.7818
35	15	24752.3309
35	16	24767.8106
35	17	24784.2129
35	18	24801.5295
35	19	24819.7512
35	20	24838.8683
35	21	24858.8704
35	22	24879.7464
35	23	24901.4847
35	24	24924.0726
35	25	24947.4968
35	26	24971.7433
35	27	24996.797
35	28	25022.6419
35	29	25049.2612
35	30	25076.6367
35	31	25104.7495
35	32	25133.5791
35	33	25163.1037
35	34	25193.3003
35	35	25224.1441
35	36	25255.6085
35	37	25287.6651
35	38	25320.2832
35	39	25353.4296
35	40	25387.0683
35	41	25421.1602
35	42	25455.6622
35	43	25490.5268
35	44	25525.7009
35	45	25561.1251
35	46	25596.7312
35	47	25632.4404
35	48	25668.1586
35	49	25703.7704
35	50	25739.1244
35	51	25774.0019
35	52	25808.0617
35	53	25840.8926
35	54	25872.4863
36	0	24861.1241
36	1	24862.0357
36	2	24863.8585
36	3	24866.5914
36	4	24870.2328
36	5	24874.7806
36	6	24880.2322
36	7	24886.5844
36	8	24893.8335
36	9	24901.9751
36	10	24911.0045
36	11	24920.9161
36	12	24931.7041
36	13	24943.3616
36	14	24955.8815
36	15	24969.2559
36	16	24983.4761
36	17	24998.5329
36	18	25014.4162
36	19	25031.1154
36	20	25048.6187
36	21	25066.9139
36	22	25085.9875
36	23	25105.8255
36	24	25126.4126
36	25	25147.7324
36	26	25169.7675
36	27	25192.4994
36	28	25215.9078
36	29	25239.9714
36	30	25264.6671
36	31	25289.9699
36	32	25315.853
36	33	25342.2873
36	34	25369.2411
36	35	25396.6798
36	36	25424.5654
36	37	25452.856
36	38	25481.5047
36	39	25510.4588
36	40	25539.658
36	41	25569.0326
36	42	25598.4992
36	43	25627.9552
36	44	25657.2659
36	45	25686.2344
36	46	25714.559
36	47	25741.9159
36	48	25768.377
37	0	25053.7745
37	1	25054.6028
37	2	25056.2587
37	3	25058.7411
37	4	25062.048
37	5	25066.1769
37	6	25071.1248
37	7	25076.8878
37	8	25083.4614
37	9	25090.8407
37	10	25099.0196
37	11	25107.9918
37	12	25117.7499
37	13	25128.2859
37	14	25139.591
37	15	25151.6556
37	16	25164.469
37	17	25178.0198
37	18	25192.2957
37	19	25207.2831
37	20	25222.9676
37	21	25239.3333
37	22	25256.3633
37	23	25274.039
37	24	25292.3407
37	25	25311.2466
37	26	25330.7332
37	27	25350.7748
37	28	25371.3435
37	29	25392.4085
37	30	25413.9356
37	31	25435.8872
37	32	25458.2209
37	33	25480.8884
37	34	25503.8344
37	35	25526.9939
37	36	25550.2883
37	37	25573.6178
37	38	25596.8439
37	39	25619.7557
37	40	25642.0759
37	41	25663.7001
38	0	25211.1499
38	1	25211.884
38	2	25213.3514
38	3	25215.5505
38	4	25218.4791
38	5	25222.134
38	6	25226.5112
38	7	25231.6061
38	8	25237.4129
38	9	25243.9253
38	10	25251.1359
38	11	25259.0362
38	12	25267.6169
38	13	25276.8677
38	14	25286.7771
38	15	25297.3322
38	16	25308.5192
38	17	25320.3227
38	18	25332.7256
38	19	25345.7096
38	20	25359.2539
38	21	25373.3362
38	22	25387.9314
38	23	25403.0116
38	24	25418.546
38	25	25434.4993
38	26	25450.8317
38	27	25467.4971
38	28	25484.4411
38	29	25501.5975
38	30	25518.8813
38	31	25536.172
38	32	25553.2871
38	33	25570.0245
39	0	25330.9897
39	1	25331.613
39	2	25332.8585
39	3	25334.7241
39	4	25337.2066
39	5	25340.3018
39	6	25344.0042
39	7	25348.3071
39	8	25353.2028
39	9	25358.682
39	10	25364.7343
39	11	25371.3475
39	12	25378.5079
39	13	25386.2
39	14	25394.4061
39	15	25403.1062
39	16	25412.2778
39	17	25421.895
39	18	25431.928
39	19	25442.3421
39	20	25453.096
39	21	25464.1394
39	22	25475.4067
39	23	25486.8038
39	24	25498.1887
39	25	25509.4371
39	26	25520.6244
40	0	25410.1695
40	1	25410.6512
40	2	25411.6126
40	3	25413.0503
40	4	25414.9586
40	5	25417.3302
40	6	25420.1551
40	7	25423.4213
40	8	25427.1139
40	9	25431.2144
40	10	25435.7004
40	11	25440.5439
40	12	25445.7091
40	13	25451.146
40	14	25456.7513
40	15	25462.4947
40	16	25468.3554
40	17	25474.4647
41	0	25443.6738
41	1	25443.8941
41	2	25444.3047
