0	0	556.3861
0	1	558.9355
0	2	564.0341
0	3	571.6816
0	4	581.8775
0	5	594.6212
0	6	609.9118
0	7	627.7484
0	8	648.1298
0	9	671.0548
0	10	696.5218
0	11	724.5293
0	12	755.0754
0	13	788.1582
0	14	823.7757
0	15	861.9254
0	16	902.605
0	17	945.8119
0	18	991.5432
0	19	1039.7962
0	20	1090.5677
0	21	1143.8544
0	22	1199.6529
0	23	1257.9597
0	24	1318.771
0	25	1382.0829
0	26	1447.8913
0	27	1516.1921
0	28	1586.9808
0	29	1660.2529
0	30	1736.0036
0	31	1814.2281
0	32	1894.9214
0	33	1978.0781
0	34	2063.6931
0	35	2151.7607
0	36	2242.2753
0	37	2335.2309
0	38	2430.6216
0	39	2528.4413
0	40	2628.6835
0	41	2731.3417
0	42	2836.4093
0	43	2943.8795
0	44	3053.7452
0	45	3165.9993
0	46	3280.6345
0	47	3397.6432
0	48	3517.0179
0	49	3638.7508
0	50	3762.8337
0	51	3889.2587
0	52	4018.0174
0	53	4149.1014
0	54	4282.5019
0	55	4418.2102
0	56	4556.2174
0	57	4696.5144
0	58	4839.0917
0	59	4983.9401
0	60	5131.0498
0	61	5280.4111
0	62	5432.014
0	63	5585.8484
0	64	5741.904
0	65	5900.1704
0	66	6060.637
0	67	6223.293
0	68	6388.1274
0	69	6555.1291
0	70	6724.2869
0	71	6895.5892
0	72	7069.0246
0	73	7244.581
0	74	7422.2467
0	75	7602.0095
0	76	7783.8571
0	77	7967.777
0	78	8153.7565
0	79	8341.783
0	80	8531.8433
0	81	8723.9243
0	82	8918.0128
0	83	9114.0951
0	84	9312.1576
0	85	9512.1865
0	86	9714.1677
0	87	9918.087
0	88	10123.93
0	89	10331.6822
0	90	10541.3288
0	91	10752.8548
0	92	10966.2452
0	93	11181.4847
0	94	11398.5578
0	95	11617.4488
0	96	11838.1419
0	97	12060.6211
0	98	12284.87
0	99	12510.8723
0	100	12738.6114
0	101	12968.0705
0	102	13199.2325
0	103	13432.0803
0	104	13666.5965
0	105	13902.7634
0	106	14140.5633
0	107	14379.9781
0	108	14620.9896
0	109	14863.5794
0	110	15107.7289
0	111	15353.4191
0	112	15600.631
0	113	15849.3453
0	114	16099.5424
0	115	16351.2026
0	116	16604.306
0	117	16858.8322
0	118	17114.7609
0	119	17372.0712
0	120	17630.7423
0	121	17890.7529
0	122	18152.0816
0	123	18414.7066
0	124	18678.606
0	125	18943.7575
0	126	19210.1384
0	127	19477.726
0	128	19746.4972
0	129	20016.4286
0	130	20287.4962
0	131	20559.6763
0	132	20832.9443
0	133	21107.2755
0	134	21382.645
0	135	21659.0272
0	136	21936.3965
0	137	22214.7267
0	138	22493.9913
0	139	22774.1634
0	140	23055.2155
0	141	23337.12
0	142	23619.8487
0	143	23903.3728
0	144	24187.6633
0	145	24472.6905
0	146	24758.4241
0	147	25044.8336
0	148	25331.8876
0	149	25619.5543
0	150	25907.8012
0	151	26196.5951
0	152	26485.9022
0	153	26775.688
0	154	27065.9171
0	155	27356.5535
0	156	27647.5601
0	157	27938.8992
0	158	28230.5319
0	159	28522.4183
0	160	28814.5176
0	161	29106.7876
0	162	29399.185
0	163	29691.6651
0	164	29984.1818
0	165	30276.6874
0	166	30569.1325
0	167	30861.4658
0	168	31153.6342
0	169	31445.5822
0	170	31737.2519
0	171	32028.5828
0	172	32319.5112
0	173	32609.9705
0	174	32899.8898
0	175	33189.1946
0	176	33477.8051
0	177	33765.6362
0	178	34052.5963
0	179	34338.5867
0	180	34623.4993
0	181	34907.2159
0	182	35189.6052
0	183	35470.5197
0	184	35749.7917
0	185	36027.2266
0	186	36302.5927
0	187	36575.6052
0	188	36845.8933
0	189	37112.9289
0	190	37375.8714
0	191	37633.4356
0	192	37884.661
1	0	1652.7583
1	1	1655.2725
1	2	1660.3009
1	3	1667.8431
1	4	1677.8986
1	5	1690.4668
1	6	1705.5467
1	7	1723.1376
1	8	1743.2381
1	9	1765.8471
1	10	1790.963
1	11	1818.5843
1	12	1848.709
1	13	1881.3354
1	14	1916.4611
1	15	1954.0841
1	16	1994.2018
1	17	2036.8116
1	18	2081.9108
1	19	2129.4964
1	20	2179.5653
1	21	2232.1142
1	22	2287.1398
1	23	2344.6385
1	24	2404.6064
1	25	2467.0398
1	26	2531.9345
1	27	2599.2862
1	28	2669.0907
1	29	2741.3432
1	30	2816.0392
1	31	2893.1736
1	32	2972.7415
1	33	3054.7376
1	34	3139.1565
1	35	3225.9928
1	36	3315.2406
1	37	3406.8941
1	38	3500.9474
1	39	3597.3941
1	40	3696.2279
1	41	3797.4423
1	42	3901.0306
1	43	4006.986
1	44	4115.3013
1	45	4225.9696
1	46	4338.9833
1	47	4454.3349
1	48	4572.0169
1	49	4692.0213
1	50	4814.3402
1	51	4938.9654
1	52	5065.8884
1	53	5195.101
1	54	5326.5942
1	55	5460.3595
1	56	5596.3876
1	57	5734.6695
1	58	5875.1958
1	59	6017.9571
1	60	6162.9436
1	61	6310.1455
1	62	6459.5528
1	63	6611.1554
1	64	6764.9429
1	65	6920.9048
1	66	7079.0305
1	67	7239.309
1	68	7401.7294
1	69	7566.2804
1	70	7732.9508
1	71	7901.729
1	72	8072.6033
1	73	8245.5618
1	74	8420.5925
1	75	8597.6832
1	76	8776.8215
1	77	8957.9947
1	78	9141.1903
1	79	9326.3952
1	80	9513.5964
1	81	9702.7806
1	82	9893.9344
1	83	10087.0441
1	84	10282.096
1	85	10479.076
1	86	10677.9699
1	87	10878.7635
1	88	11081.4422
1	89	11285.9913
1	90	11492.3959
1	91	11700.6408
1	92	11910.7108
1	93	12122.5905
1	94	12336.2642
1	95	12551.716
1	96	12768.9298
1	97	12987.8895
1	98	13208.5786
1	99	13430.9804
1	100	13655.0781
1	101	13880.8546
1	102	14108.2928
1	103	14337.3751
1	104	14568.0839
1	105	14800.4012
1	106	15034.3091
1	107	15269.7891
1	108	15506.8227
1	109	15745.3912
1	110	15985.4756
1	111	16227.0566
1	112	16470.1149
1	113	16714.6306
1	114	16960.5839
1	115	17207.9546
1	116	17456.7223
1	117	17706.8663
1	118	17958.3656
1	119	18211.199
1	120	18465.345
1	121	18720.782
1	122	18977.4878
1	123	19235.4402
1	124	19494.6165
1	125	19754.9937
1	126	20016.5488
1	127	20279.2581
1	128	20543.0977
1	129	20808.0435
1	130	21074.0708
1	131	21341.1549
1	132	21609.2704
1	133	21878.3916
1	134	22148.4926
1	135	22419.5468
1	136	22691.5275
1	137	22964.4074
1	138	23238.1586
1	139	23512.7531
1	140	23788.1621
1	141	24064.3565
1	142	24341.3065
1	143	24618.9819
1	144	24897.3519
1	145	25176.385
1	146	25456.0492
1	147	25736.3118
1	148	26017.1394
1	149	26298.4979
1	150	26580.3523
1	151	26862.667
1	152	27145.4054
1	153	27428.53
1	154	27712.0023
1	155	27995.7829
1	156	28279.8312
1	157	28564.1053
1	158	28848.5623
1	159	29133.1578
1	160	29417.8458
1	161	29702.5788
1	162	29987.3077
1	163	30271.9814
1	164	30556.5466
1	165	30840.948
1	166	31125.1276
1	167	31409.0247
1	168	31692.5755
1	169	31975.7128
1	170	32258.3654
1	171	32540.4578
1	172	32821.9094
1	173	33102.6337
1	174	33382.5378
1	175	33661.5205
1	176	33939.4713
1	177	34216.2683
1	178	34491.7757
1	179	34765.8402
1	180	35038.2862
1	181	35308.9082
1	182	35577.4601
1	183	35843.6361
1	184	36107.0355
1	185	36367.0831
1	186	36622.8438
1	187	36872.7753
1	188	37115.4751
2	0	2727.7109
2	1	2730.19
2	2	2735.148
2	3	2742.5846
2	4	2752.4993
2	5	2764.8914
2	6	2779.7602
2	7	2797.1046
2	8	2816.9236
2	9	2839.2157
2	10	2863.9796
2	11	2891.2135
2	12	2920.9158
2	13	2953.0844
2	14	2987.7172
2	15	3024.8119
2	16	3064.3662
2	17	3106.3772
2	18	3150.8424
2	19	3197.7587
2	20	3247.123
2	21	3298.9321
2	22	3353.1826
2	23	3409.8708
2	24	3468.9929
2	25	3530.5451
2	26	3594.5233
2	27	3660.9232
2	28	3729.7404
2	29	3800.9703
2	30	3874.6082
2	31	3950.6492
2	32	4029.0881
2	33	4109.9198
2	34	4193.1389
2	35	4278.7398
2	36	4366.7167
2	37	4457.0638
2	38	4549.775
2	39	4644.8441
2	40	4742.2647
2	41	4842.0303
2	42	4944.134
2	43	5048.5692
2	44	5155.3286
2	45	5264.4051
2	46	5375.7913
2	47	5489.4796
2	48	5605.4624
2	49	5723.7317
2	50	5844.2795
2	51	5967.0977
2	52	6092.1777
2	53	6219.5112
2	54	6349.0893
2	55	6480.9032
2	56	6614.9438
2	57	6751.2019
2	58	6889.6681
2	59	7030.3329
2	60	7173.1866
2	61	7318.2192
2	62	7465.4206
2	63	7614.7808
2	64	7766.2892
2	65	7919.9352
2	66	8075.7082
2	67	8233.5972
2	68	8393.5911
2	69	8555.6786
2	70	8719.8484
2	71	8886.0887
2	72	9054.3878
2	73	9224.7338
2	74	9397.1145
2	75	9571.5176
2	76	9747.9305
2	77	9926.3407
2	78	10106.7353
2	79	10289.1011
2	80	10473.4251
2	81	10659.6939
2	82	10847.8937
2	83	11038.011
2	84	11230.0317
2	85	11423.9417
2	86	11619.7267
2	87	11817.3721
2	88	12016.8634
2	89	12218.1855
2	90	12421.3234
2	91	12626.2619
2	92	12832.9854
2	93	13041.4783
2	94	13251.7248
2	95	13463.7087
2	96	13677.4137
2	97	13892.8235
2	98	14109.9212
2	99	14328.6901
2	100	14549.113
2	101	14771.1726
2	102	14994.8513
2	103	15220.1314
2	104	15446.9949
2	105	15675.4237
2	106	15905.3992
2	107	16136.9028
2	108	16369.9156
2	109	16604.4186
2	110	16840.3922
2	111	17077.8168
2	112	17316.6726
2	113	17556.9395
2	114	17798.597
2	115	18041.6245
2	116	18286.0011
2	117	18531.7055
2	118	18778.7162
2	119	19027.0115
2	120	19276.5693
2	121	19527.3671
2	122	19779.3824
2	123	20032.5921
2	124	20286.9729
2	125	20542.501
2	126	20799.1525
2	127	21056.9031
2	128	21315.7278
2	129	21575.6018
2	130	21836.4994
2	131	22098.3947
2	132	22361.2614
2	133	22625.0728
2	134	22889.8017
2	135	23155.4203
2	136	23421.9006
2	137	23689.2139
2	138	23957.3309
2	139	24226.2221
2	140	24495.8571
2	141	24766.2049
2	142	25037.2341
2	143	25308.9126
2	144	25581.2074
2	145	25854.0849
2	146	26127.5109
2	147	26401.45
2	148	26675.8664
2	149	26950.723
2	150	27225.9819
2	151	27501.6042
2	152	27777.5499
2	153	28053.7776
2	154	28330.245
2	155	28606.9082
2	156	28883.7218
2	157	29160.6389
2	158	29437.6109
2	159	29714.5871
2	160	29991.5151
2	161	30268.34
2	162	30545.0043
2	163	30821.4481
2	164	31097.608
2	165	31373.4174
2	166	31648.8058
2	167	31923.6983
2	168	32198.0148
2	169	32471.6698
2	170	32744.5707
2	171	33016.6172
2	172	33287.6997
2	173	33557.697
2	174	33826.4746
2	175	34093.8805
2	176	34359.7409
2	177	34623.8531
2	178	34885.9757
2	179	35145.8111
2	180	35402.9759
2	181	35656.9374
2	182	35906.8612
2	183	36151.3039
2	184	36388.3423
3	0	3781.1969
3	1	3783.6407
3	2	3788.5281
3	3	3795.8587
3	4	3805.6322
3	5	3817.8478
3	6	3832.5047
3	7	3849.6019
3	8	3869.1383
3	9	3891.1126
3	10	3915.5232
3	11	3942.3687
3	12	3971.6471
3	13	4003.3564
3	14	4037.4947
3	15	4074.0594
3	16	4113.0483
3	17	4154.4587
3	18	4198.2877
3	19	4244.5325
3	20	4293.1899
3	21	4344.2567
3	22	4397.7293
3	23	4453.6042
3	24	4511.8776
3	25	4572.5456
3	26	4635.6041
3	27	4701.0487
3	28	4768.8752
3	29	4839.0787
3	30	4911.6547
3	31	4986.5982
3	32	5063.9041
3	33	5143.567
3	34	5225.5817
3	35	5309.9425
3	36	5396.6437
3	37	5485.6793
3	38	5577.0432
3	39	5670.7292
3	40	5766.731
3	41	5865.0418
3	42	5965.6549
3	43	6068.5635
3	44	6173.7605
3	45	6281.2385
3	46	6390.9902
3	47	6503.0079
3	48	6617.284
3	49	6733.8105
3	50	6852.5794
3	51	6973.5823
3	52	7096.8108
3	53	7222.2563
3	54	7349.9101
3	55	7479.7633
3	56	7611.8066
3	57	7746.0309
3	58	7882.4267
3	59	8020.9844
3	60	8161.6942
3	61	8304.5461
3	62	8449.53
3	63	8596.6356
3	64	8745.8524
3	65	8897.1697
3	66	9050.5768
3	67	9206.0625
3	68	9363.6158
3	69	9523.2253
3	70	9684.8794
3	71	9848.5664
3	72	10014.2745
3	73	10181.9915
3	74	10351.7052
3	75	10523.4032
3	76	10697.0729
3	77	10872.7014
3	78	11050.2758
3	79	11229.7829
3	80	11411.2094
3	81	11594.5417
3	82	11779.7661
3	83	11966.8687
3	84	12155.8353
3	85	12346.6517
3	86	12539.3034
3	87	12733.7757
3	88	12930.0536
3	89	13128.1222
3	90	13327.9661
3	91	13529.5698
3	92	13732.9177
3	93	13937.9938
3	94	14144.782
3	95	14353.2661
3	96	14563.4294
3	97	14775.2553
3	98	14988.7268
3	99	15203.8267
3	100	15420.5375
3	101	15638.8418
3	102	15858.7215
3	103	16080.1586
3	104	16303.1348
3	105	16527.6315
3	106	16753.6299
3	107	16981.111
3	108	17210.0553
3	109	17440.4434
3	110	17672.2554
3	111	17905.4712
3	112	18140.0704
3	113	18376.0325
3	114	18613.3364
3	115	18851.9609
3	116	19091.8846
3	117	19333.0856
3	118	19575.5418
3	119	19819.2308
3	120	20064.1297
3	121	20310.2155
3	122	20557.4647
3	123	20805.8535
3	124	21055.3578
3	125	21305.9529
3	126	21557.614
3	127	21810.3157
3	128	22064.0323
3	129	22318.7376
3	130	22574.4049
3	131	22831.0072
3	132	23088.5169
3	133	23346.9059
3	134	23606.1457
3	135	23866.207
3	136	24127.0603
3	137	24388.6752
3	138	24651.0208
3	139	24914.0655
3	140	25177.7771
3	141	25442.1227
3	142	25707.0684
3	143	25972.5799
3	144	26238.6215
3	145	26505.1572
3	146	26772.1497
3	147	27039.5606
3	148	27307.3507
3	149	27575.4795
3	150	27843.9051
3	151	28112.5845
3	152	28381.4731
3	153	28650.5249
3	154	28919.6919
3	155	29188.9246
3	156	29458.1712
3	157	29727.3778
3	158	29996.4881
3	159	30265.4431
3	160	30534.1807
3	161	30802.6354
3	162	31070.7382
3	163	31338.4155
3	164	31605.5891
3	165	31872.175
3	166	32138.0829
3	167	32403.215
3	168	32667.4643
3	169	32930.7134
3	170	33192.8316
3	171	33453.6725
3	172	33713.0692
3	173	33970.8285
3	174	34226.7222
3	175	34480.4733
3	176	34731.7325
3	177	34980.0331
3	178	35224.6888
3	179	35464.5442
3	180	35697.6656
3	181	35922.5548
4	0	4813.1616
4	1	4815.5699
4	2	4820.3864
4	3	4827.6108
4	4	4837.2425
4	5	4849.2808
4	6	4863.7251
4	7	4880.5742
4	8	4899.827
4	9	4921.4822
4	10	4945.5384
4	11	4971.9938
4	12	5000.8467
4	13	5032.0951
4	14	5065.7369
4	15	5101.7697
4	16	5140.1911
4	17	5180.9984
4	18	5224.1888
4	19	5269.7595
4	20	5317.7072
4	21	5368.0286
4	22	5420.7204
4	23	5475.7788
4	24	5533.2001
4	25	5592.9803
4	26	5655.1153
4	27	5719.6008
4	28	5786.4323
4	29	5855.6053
4	30	5927.115
4	31	6000.9563
4	32	6077.1243
4	33	6155.6135
4	34	6236.4186
4	35	6319.5339
4	36	6404.9536
4	37	6492.6719
4	38	6582.6825
4	39	6674.9792
4	40	6769.5555
4	41	6866.4049
4	42	6965.5205
4	43	7066.8953
4	44	7170.5223
4	45	7276.3941
4	46	7384.5033
4	47	7494.8423
4	48	7607.4032
4	49	7722.1781
4	50	7839.1588
4	51	7958.337
4	52	8079.7043
4	53	8203.2519
4	54	8328.9711
4	55	8456.8528
4	56	8586.888
4	57	8719.0671
4	58	8853.3808
4	59	8989.8193
4	60	9128.3728
4	61	9269.0312
4	62	9411.7842
4	63	9556.6216
4	64	9703.5328
4	65	9852.5069
4	66	10003.5331
4	67	10156.6002
4	68	10311.6971
4	69	10468.8121
4	70	10627.9337
4	71	10789.0501
4	72	10952.1492
4	73	11117.2188
4	74	11284.2466
4	75	11453.22
4	76	11624.1262
4	77	11796.9523
4	78	11971.6853
4	79	12148.3116
4	80	12326.8179
4	81	12507.1905
4	82	12689.4154
4	83	12873.4785
4	84	13059.3656
4	85	13247.0621
4	86	13436.5534
4	87	13627.8246
4	88	13820.8605
4	89	14015.6459
4	90	14212.1652
4	91	14410.4027
4	92	14610.3425
4	93	14811.9685
4	94	15015.2641
4	95	15220.2129
4	96	15426.798
4	97	15635.0024
4	98	15844.8087
4	99	16056.1996
4	100	16269.1571
4	101	16483.6634
4	102	16699.7003
4	103	16917.2491
4	104	17136.2913
4	105	17356.8078
4	106	17578.7793
4	107	17802.1864
4	108	18027.0092
4	109	18253.2278
4	110	18480.8216
4	111	18709.7703
4	112	18940.0526
4	113	19171.6476
4	114	19404.5335
4	115	19638.6887
4	116	19874.0907
4	117	20110.7173
4	118	20348.5454
4	119	20587.5519
4	120	20827.7132
4	121	21069.0053
4	122	21311.404
4	123	21554.8844
4	124	21799.4215
4	125	22044.9896
4	126	22291.5627
4	127	22539.1145
4	128	22787.6178
4	129	23037.0453
4	130	23287.3691
4	131	23538.5606
4	132	23790.5907
4	133	24043.4299
4	134	24297.0478
4	135	24551.4137
4	136	24806.4958
4	137	25062.262
4	138	25318.6793
4	139	25575.7137
4	140	25833.3306
4	141	26091.4946
4	142	26350.1691
4	143	26609.3167
4	144	26868.8989
4	145	27128.8758
4	146	27389.2068
4	147	27649.8495
4	148	27910.7604
4	149	28171.8943
4	150	28433.2044
4	151	28694.6421
4	152	28956.157
4	153	29217.6962
4	154	29479.2048
4	155	29740.6251
4	156	30001.8966
4	157	30262.9555
4	158	30523.7345
4	159	30784.162
4	160	31044.1622
4	161	31303.6535
4	162	31562.5487
4	163	31820.7531
4	164	32078.1639
4	165	32334.6683
4	166	32590.1416
4	167	32844.4445
4	168	33097.4193
4	169	33348.8852
4	170	33598.6305
4	171	33846.4022
4	172	34091.8882
4	173	34334.6856
4	174	34574.2364
4	175	34809.6712
4	176	35039.4613
4	177	35261.4222
5	0	5823.5428
5	1	5825.9155
5	2	5830.6608
5	3	5837.7784
5	4	5847.2677
5	5	5859.1281
5	6	5873.3587
5	7	5889.9587
5	8	5908.9267
5	9	5930.2615
5	10	5953.9616
5	11	5980.0254
5	12	6008.451
5	13	6039.2364
5	14	6072.3795
5	15	6107.878
5	16	6145.7294
5	17	6185.931
5	18	6228.4801
5	19	6273.3736
5	20	6320.6084
5	21	6370.1812
5	22	6422.0885
5	23	6476.3267
5	24	6532.8919
5	25	6591.7803
5	26	6652.9875
5	27	6716.5094
5	28	6782.3415
5	29	6850.479
5	30	6920.9172
5	31	6993.6512
5	32	7068.6757
5	33	7145.9855
5	34	7225.575
5	35	7307.4386
5	36	7391.5706
5	37	7477.9648
5	38	7566.6153
5	39	7657.5155
5	40	7750.6591
5	41	7846.0393
5	42	7943.6494
5	43	8043.4823
5	44	8145.5309
5	45	8249.7878
5	46	8356.2455
5	47	8464.8964
5	48	8575.7324
5	49	8688.7458
5	50	8803.9281
5	51	8921.2711
5	52	9040.7662
5	53	9162.4046
5	54	9286.1776
5	55	9412.0759
5	56	9540.0904
5	57	9670.2117
5	58	9802.4301
5	59	9936.7359
5	60	10073.119
5	61	10211.5695
5	62	10352.0769
5	63	10494.6309
5	64	10639.2206
5	65	10785.8353
5	66	10934.4639
5	67	11085.0953
5	68	11237.7179
5	69	11392.3203
5	70	11548.8907
5	71	11707.417
5	72	11867.8872
5	73	12030.2889
5	74	12194.6097
5	75	12360.8367
5	76	12528.9571
5	77	12698.9578
5	78	12870.8254
5	79	13044.5466
5	80	13220.1075
5	81	13397.4944
5	82	13576.693
5	83	13757.6892
5	84	13940.4684
5	85	14125.0158
5	86	14311.3167
5	87	14499.3558
5	88	14689.1178
5	89	14880.5872
5	90	15073.7481
5	91	15268.5846
5	92	15465.0804
5	93	15663.2192
5	94	15862.9841
5	95	16064.3583
5	96	16267.3246
5	97	16471.8657
5	98	16677.9639
5	99	16885.6013
5	100	17094.7598
5	101	17305.4209
5	102	17517.5662
5	103	17731.1765
5	104	17946.2328
5	105	18162.7155
5	106	18380.6049
5	107	18599.8811
5	108	18820.5235
5	109	19042.5117
5	110	19265.8247
5	111	19490.4412
5	112	19716.3397
5	113	19943.4982
5	114	20171.8945
5	115	20401.506
5	116	20632.3098
5	117	20864.2824
5	118	21097.4003
5	119	21331.6392
5	120	21566.9747
5	121	21803.3819
5	122	22040.8353
5	123	22279.3091
5	124	22518.7771
5	125	22759.2124
5	126	23000.5878
5	127	23242.8754
5	128	23486.0469
5	129	23730.0733
5	130	23974.9251
5	131	24220.5721
5	132	24466.9835
5	133	24714.1277
5	134	24961.9724
5	135	25210.4847
5	136	25459.6306
5	137	25709.3754
5	138	25959.6835
5	139	26210.5183
5	140	26461.8422
5	141	26713.6163
5	142	26965.8009
5	143	27218.3545
5	144	27471.2348
5	145	27724.3976
5	146	27977.7973
5	147	28231.3865
5	148	28485.116
5	149	28738.9345
5	150	28992.7885
5	151	29246.6218
5	152	29500.3757
5	153	29753.9883
5	154	30007.3943
5	155	30260.5247
5	156	30513.3059
5	157	30765.6596
5	158	31017.5016
5	159	31268.7413
5	160	31519.2804
5	161	31769.0115
5	162	32017.8162
5	163	32265.5633
5	164	32512.105
5	165	32757.2733
5	166	33000.8739
5	167	33242.6775
5	168	33482.4064
5	169	33719.7128
5	170	33954.1371
5	171	34185.0178
5	172	34411.2643
5	173	34630.9631
5	174	34842.1391
6	0	6812.2704
6	1	6814.6074
6	2	6819.2812
6	3	6826.2915
6	4	6835.6377
6	5	6847.3193
6	6	6861.3353
6	7	6877.6848
6	8	6896.3667
6	9	6917.3795
6	10	6940.7219
6	11	6966.392
6	12	6994.3882
6	13	7024.7084
6	14	7057.3504
6	15	7092.3119
6	16	7129.5905
6	17	7169.1834
6	18	7211.0878
6	19	7255.3008
6	20	7301.8191
6	21	7350.6395
6	22	7401.7584
6	23	7455.1721
6	24	7510.8769
6	25	7568.8688
6	26	7629.1434
6	27	7691.6967
6	28	7756.5239
6	29	7823.6205
6	30	7892.9815
6	31	7964.6021
6	32	8038.477
6	33	8114.6008
6	34	8192.9681
6	35	8273.5732
6	36	8356.4101
6	37	8441.4729
6	38	8528.7554
6	39	8618.2511
6	40	8709.9536
6	41	8803.8562
6	42	8899.9519
6	43	8998.2337
6	44	9098.6944
6	45	9201.3266
6	46	9306.1227
6	47	9413.0749
6	48	9522.1754
6	49	9633.416
6	50	9746.7884
6	51	9862.2843
6	52	9979.895
6	53	10099.6117
6	54	10221.4254
6	55	10345.3269
6	56	10471.307
6	57	10599.3561
6	58	10729.4646
6	59	10861.6225
6	60	10995.8199
6	61	11132.0464
6	62	11270.2917
6	63	11410.5451
6	64	11552.7959
6	65	11697.0332
6	66	11843.2457
6	67	11991.4221
6	68	12141.5509
6	69	12293.6203
6	70	12447.6185
6	71	12603.5333
6	72	12761.3525
6	73	12921.0636
6	74	13082.6538
6	75	13246.1103
6	76	13411.42
6	77	13578.5697
6	78	13747.5457
6	79	13918.3345
6	80	14090.9222
6	81	14265.2946
6	82	14441.4374
6	83	14619.3362
6	84	14798.9761
6	85	14980.3422
6	86	15163.4193
6	87	15348.1921
6	88	15534.6449
6	89	15722.7619
6	90	15912.527
6	91	16103.9238
6	92	16296.9359
6	93	16491.5464
6	94	16687.7384
6	95	16885.4944
6	96	17084.7971
6	97	17285.6287
6	98	17487.9709
6	99	17691.8057
6	100	17897.1144
6	101	18103.8781
6	102	18312.0776
6	103	18521.6937
6	104	18732.7065
6	105	18945.0961
6	106	19158.8421
6	107	19373.9239
6	108	19590.3206
6	109	19808.0108
6	110	20026.973
6	111	20247.1851
6	112	20468.6249
6	113	20691.2697
6	114	20915.0963
6	115	21140.0814
6	116	21366.2011
6	117	21593.431
6	118	21821.7465
6	119	22051.1225
6	120	22281.5332
6	121	22512.9527
6	122	22745.3543
6	123	22978.7108
6	124	23212.9947
6	125	23448.1778
6	126	23684.2311
6	127	23921.1253
6	128	24158.8303
6	129	24397.3153
6	130	24636.5489
6	131	24876.4988
6	132	25117.1321
6	133	25358.4148
6	134	25600.3122
6	135	25842.7886
6	136	26085.8074
6	137	26329.3307
6	138	26573.3196
6	139	26817.734
6	140	27062.5325
6	141	27307.6721
6	142	27553.1085
6	143	27798.7956
6	144	28044.6855
6	145	28290.7285
6	146	28536.8726
6	147	28783.0633
6	148	29029.2439
6	149	29275.3544
6	150	29521.3318
6	151	29767.1096
6	152	30012.6169
6	153	30257.7784
6	154	30502.5137
6	155	30746.7361
6	156	30990.352
6	157	31233.2595
6	158	31475.3469
6	159	31716.4909
6	160	31956.5537
6	161	32195.3799
6	162	32432.7913
6	163	32668.5806
6	164	32902.5009
6	165	33134.2497
6	166	33363.4418
6	167	33589.5557
6	168	33811.8075
6	169	34028.842
6	170	34238.4374
6	171	34439.0953
7	0	7779.2667
7	1	7781.5677
7	2	7786.1696
7	3	7793.072
7	4	7802.2744
7	5	7813.7761
7	6	7827.5764
7	7	7843.6742
7	8	7862.0683
7	9	7882.7574
7	10	7905.74
7	11	7931.0144
7	12	7958.5788
7	13	7988.4312
7	14	8020.5693
7	15	8054.9909
7	16	8091.6935
7	17	8130.6743
7	18	8171.9305
7	19	8215.4591
7	20	8261.2569
7	21	8309.3205
7	22	8359.6465
7	23	8412.2311
7	24	8467.0705
7	25	8524.1606
7	26	8583.4973
7	27	8645.0761
7	28	8708.8926
7	29	8774.9421
7	30	8843.2196
7	31	8913.7201
7	32	8986.4384
7	33	9061.3691
7	34	9138.5066
7	35	9217.8452
7	36	9299.3791
7	37	9383.1021
7	38	9469.0079
7	39	9557.0902
7	40	9647.3424
7	41	9739.7577
7	42	9834.3291
7	43	9931.0496
7	44	10029.9118
7	45	10130.9083
7	46	10234.0315
7	47	10339.2734
7	48	10446.6263
7	49	10556.0817
7	50	10667.6315
7	51	10781.2671
7	52	10896.9798
7	53	11014.7606
7	54	11134.6006
7	55	11256.4905
7	56	11380.4208
7	57	11506.382
7	58	11634.3642
7	59	11764.3575
7	60	11896.3517
7	61	12030.3365
7	62	12166.3013
7	63	12304.2354
7	64	12444.1279
7	65	12585.9676
7	66	12729.7434
7	67	12875.4437
7	68	13023.0568
7	69	13172.5709
7	70	13323.9738
7	71	13477.2533
7	72	13632.397
7	73	13789.3922
7	74	13948.226
7	75	14108.8853
7	76	14271.3568
7	77	14435.6271
7	78	14601.6824
7	79	14769.5089
7	80	14939.0924
7	81	15110.4186
7	82	15283.4729
7	83	15458.2405
7	84	15634.7064
7	85	15812.8554
7	86	15992.6721
7	87	16174.1406
7	88	16357.2452
7	89	16541.9695
7	90	16728.2973
7	91	16916.2118
7	92	17105.6961
7	93	17296.7331
7	94	17489.3053
7	95	17683.3951
7	96	17878.9845
7	97	18076.0552
7	98	18274.5887
7	99	18474.5663
7	100	18675.9688
7	101	18878.777
7	102	19082.971
7	103	19288.5308
7	104	19495.4363
7	105	19703.6667
7	106	19913.2011
7	107	20124.018
7	108	20336.096
7	109	20549.4128
7	110	20763.9462
7	111	20979.6733
7	112	21196.5709
7	113	21414.6155
7	114	21633.7829
7	115	21854.0488
7	116	22075.3882
7	117	22297.7756
7	118	22521.1854
7	119	22745.5909
7	120	22970.9654
7	121	23197.2813
7	122	23424.5107
7	123	23652.6247
7	124	23881.5942
7	125	24111.3892
7	126	24341.979
7	127	24573.3323
7	128	24805.417
7	129	25038.1999
7	130	25271.6474
7	131	25505.7247
7	132	25740.396
7	133	25975.6246
7	134	26211.3726
7	135	26447.6011
7	136	26684.2698
7	137	26921.3369
7	138	27158.7593
7	139	27396.4925
7	140	27634.4898
7	141	27872.7032
7	142	28111.0821
7	143	28349.5742
7	144	28588.1243
7	145	28826.6748
7	146	29065.1648
7	147	29303.5303
7	148	29541.7035
7	149	29779.612
7	150	30017.179
7	151	30254.3219
7	152	30490.9517
7	153	30726.972
7	154	30962.2776
7	155	31196.7528
7	156	31430.2694
7	157	31662.6835
7	158	31893.832
7	159	32123.527
7	160	32351.548
7	161	32577.6302
7	162	32801.4455
7	163	33022.5687
7	164	33240.407
7	165	33454.0272
7	166	33661.7694
7	167	33861.3338
8	0	8724.4454
8	1	8726.7103
8	2	8731.2398
8	3	8738.0337
8	4	8747.0914
8	5	8758.4122
8	6	8771.9954
8	7	8787.8399
8	8	8805.9446
8	9	8826.308
8	10	8848.9287
8	11	8873.8049
8	12	8900.9349
8	13	8930.3166
8	14	8961.9478
8	15	8995.8262
8	16	9031.9491
8	17	9070.314
8	18	9110.9179
8	19	9153.7579
8	20	9198.8306
8	21	9246.1328
8	22	9295.6608
8	23	9347.411
8	24	9401.3794
8	25	9457.5621
8	26	9515.9547
8	27	9576.5529
8	28	9639.352
8	29	9704.3474
8	30	9771.5342
8	31	9840.9072
8	32	9912.4611
8	33	9986.1906
8	34	10062.0901
8	35	10140.1537
8	36	10220.3754
8	37	10302.7493
8	38	10387.2689
8	39	10473.9278
8	40	10562.7193
8	41	10653.6367
8	42	10746.6728
8	43	10841.8205
8	44	10939.0725
8	45	11038.4212
8	46	11139.8589
8	47	11243.3777
8	48	11348.9696
8	49	11456.6261
8	50	11566.3391
8	51	11678.0997
8	52	11791.8993
8	53	11907.7288
8	54	12025.5791
8	55	12145.4407
8	56	12267.3043
8	57	12391.16
8	58	12516.998
8	59	12644.8081
8	60	12774.5801
8	61	12906.3034
8	62	13039.9675
8	63	13175.5614
8	64	13313.074
8	65	13452.4943
8	66	13593.8106
8	67	13737.0113
8	68	13882.0846
8	69	14029.0185
8	70	14177.8006
8	71	14328.4186
8	72	14480.8598
8	73	14635.1112
8	74	14791.1599
8	75	14948.9925
8	76	15108.5955
8	77	15269.9552
8	78	15433.0576
8	79	15597.8887
8	80	15764.434
8	81	15932.6788
8	82	16102.6084
8	83	16274.2077
8	84	16447.4613
8	85	16622.3537
8	86	16798.8692
8	87	16976.9916
8	88	17156.7048
8	89	17337.9921
8	90	17520.8367
8	91	17705.2216
8	92	17891.1295
8	93	18078.5428
8	94	18267.4436
8	95	18457.8136
8	96	18649.6346
8	97	18842.8877
8	98	19037.5538
8	99	19233.6137
8	100	19431.0477
8	101	19629.8357
8	102	19829.9575
8	103	20031.3924
8	104	20234.1194
8	105	20438.1171
8	106	20643.3637
8	107	20849.8372
8	108	21057.5151
8	109	21266.3744
8	110	21476.3918
8	111	21687.5436
8	112	21899.8054
8	113	22113.1528
8	114	22327.5605
8	115	22543.0028
8	116	22759.4536
8	117	22976.8862
8	118	23195.2733
8	119	23414.587
8	120	23634.7989
8	121	23855.8798
8	122	24077.8
8	123	24300.5289
8	124	24524.0352
8	125	24748.2869
8	126	24973.2511
8	127	25198.8941
8	128	25425.1811
8	129	25652.0765
8	130	25879.5434
8	131	26107.5439
8	132	26336.039
8	133	26564.9882
8	134	26794.3498
8	135	27024.0804
8	136	27254.135
8	137	27484.467
8	138	27715.0277
8	139	27945.7663
8	140	28176.6297
8	141	28407.5624
8	142	28638.5058
8	143	28869.3984
8	144	29100.1751
8	145	29330.7668
8	146	29561.1
8	147	29791.0962
8	148	30020.6709
8	149	30249.7329
8	150	30478.1831
8	151	30705.9132
8	152	30932.8036
8	153	31158.7211
8	154	31383.5161
8	155	31607.0177
8	156	31829.0281
8	157	32049.3134
8	158	32267.5904
8	159	32483.5032
8	160	32696.5817
8	161	32906.1483
8	162	33111.0829
8	163	33309.408
8	164	33499.1473
9	0	9647.7121
9	1	9649.9405
9	2	9654.3972
9	3	9661.0819
9	4	9669.9939
9	5	9681.1327
9	6	9694.4974
9	7	9710.0869
9	8	9727.9001
9	9	9747.9357
9	10	9770.192
9	11	9794.6674
9	12	9821.3601
9	13	9850.2679
9	14	9881.3887
9	15	9914.7201
9	16	9950.2596
9	17	9988.0043
9	18	10027.9515
9	19	10070.0981
9	20	10114.4407
9	21	10160.9761
9	22	10209.7006
9	23	10260.6105
9	24	10313.7019
9	25	10368.9706
9	26	10426.4125
9	27	10486.0229
9	28	10547.7975
9	29	10611.7312
9	30	10677.8193
9	31	10746.0565
9	32	10816.4375
9	33	10888.9569
9	34	10963.609
9	35	11040.3879
9	36	11119.2877
9	37	11200.3022
9	38	11283.4249
9	39	11368.6493
9	40	11455.9688
9	41	11545.3764
9	42	11636.865
9	43	11730.4275
9	44	11826.0562
9	45	11923.7437
9	46	12023.4821
9	47	12125.2634
9	48	12229.0795
9	49	12334.922
9	50	12442.7824
9	51	12552.652
9	52	12664.5218
9	53	12778.3828
9	54	12894.2257
9	55	13012.041
9	56	13131.819
9	57	13253.55
9	58	13377.2238
9	59	13502.8302
9	60	13630.3589
9	61	13759.7991
9	62	13891.14
9	63	14024.3707
9	64	14159.4799
9	65	14296.4562
9	66	14435.288
9	67	14575.9633
9	68	14718.4703
9	69	14862.7966
9	70	15008.9298
9	71	15156.8572
9	72	15306.566
9	73	15458.0431
9	74	15611.275
9	75	15766.2484
9	76	15922.9494
9	77	16081.3641
9	78	16241.4782
9	79	16403.2773
9	80	16566.7467
9	81	16731.8715
9	82	16898.6365
9	83	17067.0264
9	84	17237.0254
9	85	17408.6177
9	86	17581.787
9	87	17756.5171
9	88	17932.7911
9	89	18110.5922
9	90	18289.903
9	91	18470.7061
9	92	18652.9837
9	93	18836.7176
9	94	19021.8895
9	95	19208.4807
9	96	19396.4722
9	97	19585.8446
9	98	19776.5783
9	99	19968.6533
9	100	20162.0492
9	101	20356.7454
9	102	20552.7208
9	103	20749.954
9	104	20948.4232
9	105	21148.106
9	106	21348.9801
9	107	21551.0222
9	108	21754.2089
9	109	21958.5162
9	110	22163.9198
9	111	22370.3948
9	112	22577.9157
9	113	22786.4566
9	114	22995.991
9	115	23206.4919
9	116	23417.9317
9	117	23630.2819
9	118	23843.5137
9	119	24057.5974
9	120	24272.5028
9	121	24488.1986
9	122	24704.6529
9	123	24921.8329
9	124	25139.705
9	125	25358.2344
9	126	25577.3856
9	127	25797.1218
9	128	26017.405
9	129	26238.1961
9	130	26459.4546
9	131	26681.1385
9	132	26903.2045
9	133	27125.6073
9	134	27348.2999
9	135	27571.2333
9	136	27794.3565
9	137	28017.6158
9	138	28240.9551
9	139	28464.3152
9	140	28687.6337
9	141	28910.8447
9	142	29133.878
9	143	29356.6588
9	144	29579.1071
9	145	29801.1364
9	146	30022.6536
9	147	30243.557
9	148	30463.7349
9	149	30683.064
9	150	30901.4064
9	151	31118.6062
9	152	31334.485
9	153	31548.8345
9	154	31761.4071
9	155	31971.8991
9	156	32179.9241
9	157	32384.9596
9	158	32586.2219
9	159	32782.355
9	160	32971.1239
10	0	10548.9635
10	1	10551.1552
10	2	10555.5386
10	3	10562.1132
10	4	10570.8785
10	5	10581.8338
10	6	10594.9784
10	7	10610.3111
10	8	10627.8308
10	9	10647.536
10	10	10669.4253
10	11	10693.4969
10	12	10719.749
10	13	10748.1795
10	14	10778.7861
10	15	10811.5665
10	16	10846.518
10	17	10883.638
10	18	10922.9235
10	19	10964.3714
10	20	11007.9785
10	21	11053.7412
10	22	11101.6561
10	23	11151.7193
10	24	11203.9268
10	25	11258.2745
10	26	11314.7581
10	27	11373.3731
10	28	11434.1149
10	29	11496.9786
10	30	11561.9592
10	31	11629.0515
10	32	11698.2502
10	33	11769.5496
10	34	11842.9441
10	35	11918.4279
10	36	11995.9947
10	37	12075.6383
10	38	12157.3524
10	39	12241.1302
10	40	12326.9651
10	41	12414.85
10	42	12504.7777
10	43	12596.7409
10	44	12690.7321
10	45	12786.7435
10	46	12884.7674
10	47	12984.7955
10	48	13086.8196
10	49	13190.8313
10	50	13296.8219
10	51	13404.7826
10	52	13514.7043
10	53	13626.5779
10	54	13740.3939
10	55	13856.1428
10	56	13973.8147
10	57	14093.3996
10	58	14214.8873
10	59	14338.2676
10	60	14463.5297
10	61	14590.6628
10	62	14719.6561
10	63	14850.4983
10	64	14983.1779
10	65	15117.6834
10	66	15254.003
10	67	15392.1246
10	68	15532.0359
10	69	15673.7246
10	70	15817.1778
10	71	15962.3828
10	72	16109.3264
10	73	16257.9952
10	74	16408.3757
10	75	16560.454
10	76	16714.2161
10	77	16869.6477
10	78	17026.7344
10	79	17185.4612
10	80	17345.8133
10	81	17507.7753
10	82	17671.3317
10	83	17836.4668
10	84	18003.1644
10	85	18171.4084
10	86	18341.182
10	87	18512.4685
10	88	18685.2506
10	89	18859.511
10	90	19035.232
10	91	19212.3953
10	92	19390.9828
10	93	19570.9758
10	94	19752.3553
10	95	19935.1019
10	96	20119.196
10	97	20304.6177
10	98	20491.3465
10	99	20679.3617
10	100	20868.6422
10	101	21059.1664
10	102	21250.9126
10	103	21443.8584
10	104	21637.9809
10	105	21833.2571
10	106	22029.6632
10	107	22227.1752
10	108	22425.7683
10	109	22625.4175
10	110	22826.097
10	111	23027.7807
10	112	23230.4416
10	113	23434.0524
10	114	23638.5849
10	115	23844.0105
10	116	24050.2996
10	117	24257.4221
10	118	24465.3469
10	119	24674.0424
10	120	24883.4758
10	121	25093.6135
10	122	25304.421
10	123	25515.8627
10	124	25727.9018
10	125	25940.5005
10	126	26153.6194
10	127	26367.2182
10	128	26581.2548
10	129	26795.6855
10	130	27010.465
10	131	27225.546
10	132	27440.8794
10	133	27656.4136
10	134	27872.0945
10	135	28087.8655
10	136	28303.6669
10	137	28519.4355
10	138	28735.1043
10	139	28950.6023
10	140	29165.8533
10	141	29380.7757
10	142	29595.2816
10	143	29809.2755
10	144	30022.653
10	145	30235.2994
10	146	30447.0875
10	147	30657.8744
10	148	30867.498
10	149	31075.7717
10	150	31282.4763
10	151	31487.3488
10	152	31690.0633
10	153	31890.198
10	154	32087.1661
10	155	32280.0453
10	156	32467.1926
10	157	32646.3442
11	0	11428.0872
11	1	11430.242
11	2	11434.5514
11	3	11441.015
11	4	11449.6324
11	5	11460.4029
11	6	11473.3256
11	7	11488.3994
11	8	11505.6231
11	9	11524.9955
11	10	11546.5148
11	11	11570.1793
11	12	11595.9873
11	13	11623.9365
11	14	11654.0248
11	15	11686.2496
11	16	11720.6084
11	17	11757.0985
11	18	11795.7169
11	19	11836.4603
11	20	11879.3257
11	21	11924.3094
11	22	11971.4078
11	23	12020.6171
11	24	12071.9333
11	25	12125.3522
11	26	12180.8694
11	27	12238.4805
11	28	12298.1806
11	29	12359.965
11	30	12423.8285
11	31	12489.7658
11	32	12557.7717
11	33	12627.8404
11	34	12699.9661
11	35	12774.1429
11	36	12850.3647
11	37	12928.6251
11	38	13008.9176
11	39	13091.2355
11	40	13175.5719
11	41	13261.9197
11	42	13350.2717
11	43	13440.6204
11	44	13532.9583
11	45	13627.2775
11	46	13723.57
11	47	13821.8276
11	48	13922.0419
11	49	14024.2044
11	50	14128.3062
11	51	14234.3384
11	52	14342.2919
11	53	14452.1574
11	54	14563.9251
11	55	14677.5855
11	56	14793.1285
11	57	14910.544
11	58	15029.8216
11	59	15150.9508
11	60	15273.9208
11	61	15398.7207
11	62	15525.3392
11	63	15653.765
11	64	15783.9864
11	65	15915.9916
11	66	16049.7686
11	67	16185.3051
11	68	16322.5887
11	69	16461.6065
11	70	16602.3457
11	71	16744.7931
11	72	16888.9353
11	73	17034.7587
11	74	17182.2493
11	75	17331.393
11	76	17482.1756
11	77	17634.5823
11	78	17788.5983
11	79	17944.2085
11	80	18101.3974
11	81	18260.1494
11	82	18420.4486
11	83	18582.2788
11	84	18745.6234
11	85	18910.4657
11	86	19076.7887
11	87	19244.575
11	88	19413.8068
11	89	19584.4662
11	90	19756.535
11	91	19929.9944
11	92	20104.8255
11	93	20281.009
11	94	20458.5252
11	95	20637.3541
11	96	20817.4753
11	97	20998.8681
11	98	21181.5111
11	99	21365.3829
11	100	21550.4614
11	101	21736.7241
11	102	21924.1482
11	103	22112.7104
11	104	22302.3866
11	105	22493.1527
11	106	22684.9836
11	107	22877.8541
11	108	23071.738
11	109	23266.6088
11	110	23462.4393
11	111	23659.2017
11	112	23856.8673
11	113	24055.4069
11	114	24254.7906
11	115	24454.9875
11	116	24655.9659
11	117	24857.6934
11	118	25060.1365
11	119	25263.2606
11	120	25467.0303
11	121	25671.4089
11	122	25876.3584
11	123	26081.8398
11	124	26287.8124
11	125	26494.2341
11	126	26701.0611
11	127	26908.248
11	128	27115.7474
11	129	27323.5096
11	130	27531.4828
11	131	27739.6127
11	132	27947.8419
11	133	28156.1101
11	134	28364.3535
11	135	28572.5043
11	136	28780.4902
11	137	28988.2339
11	138	29195.6524
11	139	29402.6558
11	140	29609.1464
11	141	29815.0174
11	142	30020.1506
11	143	30224.4148
11	144	30427.6619
11	145	30629.7231
11	146	30830.403
11	147	31029.4705
11	148	31226.6454
11	149	31421.5761
11	150	31613.7983
11	151	31802.6422
11	152	31986.999
11	153	32164.9172
11	154	32334.5218
12	0	12284.9614
12	1	12287.0789
12	2	12291.3137
12	3	12297.6655
12	4	12306.1337
12	5	12316.7177
12	6	12329.4165
12	7	12344.2291
12	8	12361.1544
12	9	12380.1908
12	10	12401.3369
12	11	12424.5908
12	12	12449.9507
12	13	12477.4144
12	14	12506.9797
12	15	12538.6441
12	16	12572.405
12	17	12608.2595
12	18	12646.2047
12	19	12686.2374
12	20	12728.3543
12	21	12772.5519
12	22	12818.8264
12	23	12867.174
12	24	12917.5907
12	25	12970.0722
12	26	13024.6141
12	27	13081.2118
12	28	13139.8605
12	29	13200.5554
12	30	13263.2912
12	31	13328.0626
12	32	13394.8642
12	33	13463.6902
12	34	13534.5348
12	35	13607.392
12	36	13682.2555
12	37	13759.1189
12	38	13837.9756
12	39	13918.8188
12	40	14001.6416
12	41	14086.4366
12	42	14173.1967
12	43	14261.9143
12	44	14352.5816
12	45	14445.1906
12	46	14539.7333
12	47	14636.2014
12	48	14734.5863
12	49	14834.8793
12	50	14937.0715
12	51	15041.1539
12	52	15147.117
12	53	15254.9514
12	54	15364.6474
12	55	15476.1951
12	56	15589.5843
12	57	15704.8047
12	58	15821.8457
12	59	15940.6967
12	60	16061.3466
12	61	16183.7842
12	62	16307.9983
12	63	16433.977
12	64	16561.7087
12	65	16691.1812
12	66	16822.3822
12	67	16955.2992
12	68	17089.9195
12	69	17226.23
12	70	17364.2176
12	71	17503.8687
12	72	17645.1697
12	73	17788.1065
12	74	17932.665
12	75	18078.8307
12	76	18226.5888
12	77	18375.9244
12	78	18526.8222
12	79	18679.2665
12	80	18833.2417
12	81	18988.7316
12	82	19145.7198
12	83	19304.1896
12	84	19464.124
12	85	19625.5057
12	86	19788.3171
12	87	19952.5403
12	88	20118.157
12	89	20285.1485
12	90	20453.4958
12	91	20623.1798
12	92	20794.1807
12	93	20966.4784
12	94	21140.0524
12	95	21314.882
12	96	21490.9458
12	97	21668.2221
12	98	21846.6889
12	99	22026.3235
12	100	22207.1028
12	101	22389.0033
12	102	22572.0009
12	103	22756.071
12	104	22941.1884
12	105	23127.3274
12	106	23314.4617
12	107	23502.5643
12	108	23691.6075
12	109	23881.5631
12	110	24072.402
12	111	24264.0944
12	112	24456.6095
12	113	24649.9161
12	114	24843.9816
12	115	25038.7728
12	116	25234.2552
12	117	25430.3935
12	118	25627.1509
12	119	25824.4897
12	120	26022.3706
12	121	26220.7531
12	122	26419.595
12	123	26618.8524
12	124	26818.4797
12	125	27018.4292
12	126	27218.6512
12	127	27419.0933
12	128	27619.7008
12	129	27820.416
12	130	28021.1779
12	131	28221.9219
12	132	28422.5794
12	133	28623.0769
12	134	28823.336
12	135	29023.272
12	136	29222.7932
12	137	29421.7996
12	138	29620.1816
12	139	29817.8176
12	140	30014.5718
12	141	30210.2908
12	142	30404.7984
12	143	30597.8894
12	144	30789.319
12	145	30978.7876
12	146	31165.9126
12	147	31350.1759
12	148	31530.7956
12	149	31706.4121
12	150	31874.8449
12	151	32034.3257
13	0	13119.4542
13	1	13121.5341
13	2	13125.6936
13	3	13131.9324
13	4	13140.2501
13	5	13150.6458
13	6	13163.1187
13	7	13177.6677
13	8	13194.2916
13	9	13212.989
13	10	13233.7582
13	11	13256.5976
13	12	13281.5051
13	13	13308.4787
13	14	13337.5159
13	15	13368.6144
13	16	13401.7715
13	17	13436.9843
13	18	13474.2498
13	19	13513.5648
13	20	13554.9259
13	21	13598.3296
13	22	13643.7721
13	23	13691.2495
13	24	13740.7577
13	25	13792.2923
13	26	13845.8491
13	27	13901.4231
13	28	13959.0098
13	29	14018.6039
13	30	14080.2004
13	31	14143.7938
13	32	14209.3786
13	33	14276.9489
13	34	14346.4989
13	35	14418.0224
13	36	14491.5131
13	37	14566.9645
13	38	14644.3699
13	39	14723.7223
13	40	14805.0148
13	41	14888.2399
13	42	14973.3903
13	43	15060.4583
13	44	15149.436
13	45	15240.3153
13	46	15333.0881
13	47	15427.7458
13	48	15524.2797
13	49	15622.6811
13	50	15722.9409
13	51	15825.0497
13	52	15928.9982
13	53	16034.7766
13	54	16142.3751
13	55	16251.7835
13	56	16362.9915
13	57	16475.9886
13	58	16590.764
13	59	16707.3068
13	60	16825.6058
13	61	16945.6495
13	62	17067.4263
13	63	17190.9244
13	64	17316.1317
13	65	17443.0357
13	66	17571.624
13	67	17701.8836
13	68	17833.8017
13	69	17967.3647
13	70	18102.5593
13	71	18239.3715
13	72	18377.7873
13	73	18517.7924
13	74	18659.3721
13	75	18802.5117
13	76	18947.1958
13	77	19093.4092
13	78	19241.136
13	79	19390.3603
13	80	19541.0658
13	81	19693.2358
13	82	19846.8534
13	83	20001.9013
13	84	20158.362
13	85	20316.2176
13	86	20475.4498
13	87	20636.04
13	88	20797.9693
13	89	20961.2182
13	90	21125.7672
13	91	21291.5959
13	92	21458.684
13	93	21627.0105
13	94	21796.554
13	95	21967.2928
13	96	22139.2044
13	97	22312.2661
13	98	22486.4548
13	99	22661.7465
13	100	22838.117
13	101	23015.5414
13	102	23193.9942
13	103	23373.4493
13	104	23553.8801
13	105	23735.259
13	106	23917.5581
13	107	24100.7485
13	108	24284.8005
13	109	24469.6838
13	110	24655.367
13	111	24841.8178
13	112	25029.0031
13	113	25216.8887
13	114	25405.439
13	115	25594.6178
13	116	25784.387
13	117	25974.7075
13	118	26165.5388
13	119	26356.8385
13	120	26548.5627
13	121	26740.6656
13	122	26933.0994
13	123	27125.8139
13	124	27318.7567
13	125	27511.8724
13	126	27705.1029
13	127	27898.3866
13	128	28091.658
13	129	28284.8476
13	130	28477.881
13	131	28670.6782
13	132	28863.153
13	133	29055.2117
13	134	29246.7518
13	135	29437.6607
13	136	29627.8131
13	137	29817.0683
13	138	30005.2668
13	139	30192.2241
13	140	30377.7238
13	141	30561.5056
13	142	30743.246
13	143	30922.5244
13	144	31098.751
13	145	31270.9847
13	146	31437.552
13	147	31596.3682
14	0	13931.4235
14	1	13933.4654
14	2	13937.5488
14	3	13943.6735
14	4	13951.839
14	5	13962.0445
14	6	13974.2891
14	7	13988.5718
14	8	14004.8912
14	9	14023.2461
14	10	14043.6346
14	11	14066.0551
14	12	14090.5056
14	13	14116.9838
14	14	14145.4876
14	15	14176.0143
14	16	14208.5612
14	17	14243.1255
14	18	14279.7041
14	19	14318.2938
14	20	14358.8911
14	21	14401.4924
14	22	14446.0939
14	23	14492.6917
14	24	14541.2816
14	25	14591.8591
14	26	14644.4199
14	27	14698.9591
14	28	14755.4719
14	29	14813.9532
14	30	14874.3976
14	31	14936.7998
14	32	15001.154
14	33	15067.4544
14	34	15135.695
14	35	15205.8695
14	36	15277.9715
14	37	15351.9944
14	38	15427.9314
14	39	15505.7754
14	40	15585.5193
14	41	15667.1557
14	42	15750.6769
14	43	15836.0752
14	44	15923.3425
14	45	16012.4707
14	46	16103.4513
14	47	16196.2758
14	48	16290.9353
14	49	16387.4208
14	50	16485.723
14	51	16585.8325
14	52	16687.7397
14	53	16791.4346
14	54	16896.9072
14	55	17004.1471
14	56	17113.1439
14	57	17223.8867
14	58	17336.3646
14	59	17450.5664
14	60	17566.4806
14	61	17684.0955
14	62	17803.3992
14	63	17924.3796
14	64	18047.0243
14	65	18171.3206
14	66	18297.2556
14	67	18424.8162
14	68	18553.989
14	69	18684.7603
14	70	18817.1162
14	71	18951.0425
14	72	19086.5246
14	73	19223.548
14	74	19362.0974
14	75	19502.1576
14	76	19643.713
14	77	19786.7476
14	78	19931.2453
14	79	20077.1893
14	80	20224.563
14	81	20373.3489
14	82	20523.5298
14	83	20675.0875
14	84	20828.0039
14	85	20982.2604
14	86	21137.838
14	87	21294.7173
14	88	21452.8785
14	89	21612.3015
14	90	21772.9656
14	91	21934.8498
14	92	22097.9327
14	93	22262.1921
14	94	22427.6057
14	95	22594.1505
14	96	22761.803
14	97	22930.5392
14	98	23100.3345
14	99	23271.1637
14	100	23443.0009
14	101	23615.8197
14	102	23789.593
14	103	23964.2928
14	104	24139.8906
14	105	24316.3569
14	106	24493.6615
14	107	24671.7732
14	108	24850.6601
14	109	25030.2889
14	110	25210.6256
14	111	25391.6349
14	112	25573.2804
14	113	25755.5242
14	114	25938.3272
14	115	26121.6488
14	116	26305.4466
14	117	26489.6766
14	118	26674.2928
14	119	26859.2472
14	120	27044.4894
14	121	27229.9664
14	122	27415.6227
14	123	27601.3994
14	124	27787.2342
14	125	27973.061
14	126	28158.8092
14	127	28344.4032
14	128	28529.7615
14	129	28714.7962
14	130	28899.4114
14	131	29083.502
14	132	29266.9519
14	133	29449.6318
14	134	29631.3955
14	135	29812.0764
14	136	29991.4807
14	137	30169.3789
14	138	30345.4916
14	139	30519.4664
14	140	30690.8327
14	141	30858.8997
14	142	31022.4967
14	143	31179.6405
14	144	31328.9002
15	0	14720.7159
15	1	14722.7193
15	2	14726.7258
15	3	14732.7352
15	4	14740.7468
15	5	14750.76
15	6	14762.7738
15	7	14776.7871
15	8	14792.7987
15	9	14810.8071
15	10	14830.8107
15	11	14852.8077
15	12	14876.7959
15	13	14902.7733
15	14	14930.7375
15	15	14960.6859
15	16	14992.6158
15	17	15026.5242
15	18	15062.4081
15	19	15100.2641
15	20	15140.0888
15	21	15181.8784
15	22	15225.6292
15	23	15271.3371
15	24	15318.9979
15	25	15368.6071
15	26	15420.1601
15	27	15473.6522
15	28	15529.0783
15	29	15586.4333
15	30	15645.7119
15	31	15706.9083
15	32	15770.0169
15	33	15835.0318
15	34	15901.9468
15	35	15970.7555
15	36	16041.4514
15	37	16114.0278
15	38	16188.4777
15	39	16264.7941
15	40	16342.9695
15	41	16422.9964
15	42	16504.8671
15	43	16588.5736
15	44	16674.1078
15	45	16761.4614
15	46	16850.6256
15	47	16941.5918
15	48	17034.351
15	49	17128.8939
15	50	17225.2111
15	51	17323.2929
15	52	17423.1295
15	53	17524.7108
15	54	17628.0265
15	55	17733.0659
15	56	17839.8185
15	57	17948.273
15	58	18058.4183
15	59	18170.2428
15	60	18283.735
15	61	18398.8827
15	62	18515.6737
15	63	18634.0957
15	64	18754.1357
15	65	18875.781
15	66	18999.0181
15	67	19123.8337
15	68	19250.2138
15	69	19378.1444
15	70	19507.6112
15	71	19638.5995
15	72	19771.0944
15	73	19905.0807
15	74	20040.5428
15	75	20177.4648
15	76	20315.8307
15	77	20455.6238
15	78	20596.8275
15	79	20739.4244
15	80	20883.3971
15	81	21028.7277
15	82	21175.398
15	83	21323.3893
15	84	21472.6826
15	85	21623.2585
15	86	21775.0971
15	87	21928.1781
15	88	22082.4809
15	89	22237.9843
15	90	22394.6665
15	91	22552.5056
15	92	22711.4788
15	93	22871.5629
15	94	23032.7341
15	95	23194.9683
15	96	23358.2404
15	97	23522.5249
15	98	23687.7956
15	99	23854.0255
15	100	24021.1871
15	101	24189.252
15	102	24358.1908
15	103	24527.9736
15	104	24698.5695
15	105	24869.9464
15	106	25042.0715
15	107	25214.9108
15	108	25388.429
15	109	25562.5898
15	110	25737.3555
15	111	25912.6868
15	112	26088.5431
15	113	26264.882
15	114	26441.6594
15	115	26618.8291
15	116	26796.3427
15	117	26974.1497
15	118	27152.1967
15	119	27330.4276
15	120	27508.783
15	121	27687.1998
15	122	27865.611
15	123	28043.945
15	124	28222.1248
15	125	28400.0674
15	126	28577.6829
15	127	28754.8729
15	128	28931.5294
15	129	29107.5326
15	130	29282.7482
15	131	29457.024
15	132	29630.185
15	133	29802.0265
15	134	29972.3031
15	135	30140.7121
15	136	30306.8633
15	137	30470.2176
15	138	30629.9333
15	139	30784.5232
15	140	30931.9536
16	0	15487.1663
16	1	15489.1308
16	2	15493.0595
16	3	15498.9521
16	4	15506.808
16	5	15516.6266
16	6	15528.4068
16	7	15542.1476
16	8	15557.8476
16	9	15575.5054
16	10	15595.1194
16	11	15616.6876
16	12	15640.2081
16	13	15665.6785
16	14	15693.0965
16	15	15722.4596
16	16	15753.7648
16	17	15787.0093
16	18	15822.1898
16	19	15859.3031
16	20	15898.3455
16	21	15939.3134
16	22	15982.2028
16	23	16027.0096
16	24	16073.7295
16	25	16122.358
16	26	16172.8905
16	27	16225.322
16	28	16279.6474
16	29	16335.8616
16	30	16393.9589
16	31	16453.9338
16	32	16515.7805
16	33	16579.4927
16	34	16645.0643
16	35	16712.4889
16	36	16781.7596
16	37	16852.8698
16	38	16925.8123
16	39	17000.5797
16	40	17077.1648
16	41	17155.5596
16	42	17235.7565
16	43	17317.7471
16	44	17401.5232
16	45	17487.0763
16	46	17574.3976
16	47	17663.478
16	48	17754.3085
16	49	17846.8796
16	50	17941.1815
16	51	18037.2046
16	52	18134.9385
16	53	18234.3731
16	54	18335.4976
16	55	18438.3014
16	56	18542.7734
16	57	18648.9021
16	58	18756.6762
16	59	18866.0838
16	60	18977.1129
16	61	19089.7511
16	62	19203.9858
16	63	19319.8043
16	64	19437.1935
16	65	19556.1399
16	66	19676.6298
16	67	19798.6494
16	68	19922.1844
16	69	20047.2202
16	70	20173.7421
16	71	20301.7348
16	72	20431.183
16	73	20562.0708
16	74	20694.3822
16	75	20828.1006
16	76	20963.2093
16	77	21099.6912
16	78	21237.5286
16	79	21376.7038
16	80	21517.1985
16	81	21658.994
16	82	21802.0712
16	83	21946.4107
16	84	22091.9924
16	85	22238.7961
16	86	22386.8008
16	87	22535.9853
16	88	22686.3278
16	89	22837.8057
16	90	22990.3964
16	91	23144.0764
16	92	23298.8215
16	93	23454.6072
16	94	23611.4082
16	95	23769.1985
16	96	23927.9515
16	97	24087.6397
16	98	24248.235
16	99	24409.7085
16	100	24572.0301
16	101	24735.1691
16	102	24899.0938
16	103	25063.7714
16	104	25229.168
16	105	25395.2484
16	106	25561.9763
16	107	25729.3141
16	108	25897.2226
16	109	26065.661
16	110	26234.5868
16	111	26403.9557
16	112	26573.7215
16	113	26743.8354
16	114	26914.2466
16	115	27084.9012
16	116	27255.7426
16	117	27426.7108
16	118	27597.7418
16	119	27768.7676
16	120	27939.7154
16	121	28110.5067
16	122	28281.0568
16	123	28451.2735
16	124	28621.0557
16	125	28790.2919
16	126	28958.858
16	127	29126.6141
16	128	29293.4009
16	129	29459.0335
16	130	29623.2935
16	131	29785.9163
16	132	29946.5689
16	133	30104.8105
16	134	30260
16	135	30411.0645
16	136	30556.1726
16	137	30693.9193
17	0	16230.5972
17	1	16232.5222
17	2	16236.3721
17	3	16242.1464
17	4	16249.8447
17	5	16259.4661
17	6	16271.0097
17	7	16284.4743
17	8	16299.8587
17	9	16317.1614
17	10	16336.3807
17	11	16357.5146
17	12	16380.5611
17	13	16405.5179
17	14	16432.3826
17	15	16461.1525
17	16	16491.8249
17	17	16524.3966
17	18	16558.8644
17	19	16595.225
17	20	16633.4746
17	21	16673.6096
17	22	16715.626
17	23	16759.5194
17	24	16805.2857
17	25	16852.92
17	26	16902.4178
17	27	16953.774
17	28	17006.9834
17	29	17062.0407
17	30	17118.9403
17	31	17177.6764
17	32	17238.243
17	33	17300.6339
17	34	17364.8428
17	35	17430.8631
17	36	17498.6878
17	37	17568.3102
17	38	17639.7228
17	39	17712.9182
17	40	17787.8889
17	41	17864.627
17	42	17943.1242
17	43	18023.3725
17	44	18105.3632
17	45	18189.0875
17	46	18274.5366
17	47	18361.7012
17	48	18450.5718
17	49	18541.1389
17	50	18633.3925
17	51	18727.3225
17	52	18822.9184
17	53	18920.1698
17	54	19019.0657
17	55	19119.595
17	56	19221.7464
17	57	19325.5082
17	58	19430.8685
17	59	19537.8153
17	60	19646.336
17	61	19756.4179
17	62	19868.0482
17	63	19981.2136
17	64	20095.9005
17	65	20212.0951
17	66	20329.7832
17	67	20448.9505
17	68	20569.5822
17	69	20691.6632
17	70	20815.1781
17	71	20940.1113
17	72	21066.4465
17	73	21194.1676
17	74	21323.2575
17	75	21453.6993
17	76	21585.4754
17	77	21718.5679
17	78	21852.9585
17	79	21988.6284
17	80	22125.5586
17	81	22263.7294
17	82	22403.1207
17	83	22543.7122
17	84	22685.4827
17	85	22828.4108
17	86	22972.4745
17	87	23117.6511
17	88	23263.9175
17	89	23411.2499
17	90	23559.624
17	91	23709.0148
17	92	23859.3966
17	93	24010.7429
17	94	24163.0266
17	95	24316.2198
17	96	24470.2935
17	97	24625.2182
17	98	24780.9632
17	99	24937.497
17	100	25094.7868
17	101	25252.7988
17	102	25411.498
17	103	25570.8482
17	104	25730.8116
17	105	25891.349
17	106	26052.4197
17	107	26213.981
17	108	26375.9884
17	109	26538.3954
17	110	26701.153
17	111	26864.2099
17	112	27027.5119
17	113	27191.0015
17	114	27354.618
17	115	27518.2966
17	116	27681.9682
17	117	27845.5585
17	118	28008.9873
17	119	28172.1679
17	120	28335.0054
17	121	28497.3958
17	122	28659.2234
17	123	28820.359
17	124	28980.6563
17	125	29139.9469
17	126	29298.0343
17	127	29454.6831
17	128	29609.6036
17	129	29762.4227
17	130	29912.6257
17	131	30059.411
17	132	30201.3682
17	133	30336.597
18	0	16950.8176
18	1	16952.7027
18	2	16956.4726
18	3	16962.1271
18	4	16969.6654
18	5	16979.0869
18	6	16990.3905
18	7	17003.5752
18	8	17018.6396
18	9	17035.5821
18	10	17054.4011
18	11	17075.0945
18	12	17097.6604
18	13	17122.0963
18	14	17148.3998
18	15	17176.5682
18	16	17206.5986
18	17	17238.4879
18	18	17272.2327
18	19	17307.8297
18	20	17345.2752
18	21	17384.5652
18	22	17425.6957
18	23	17468.6624
18	24	17513.4609
18	25	17560.0864
18	26	17608.5341
18	27	17658.799
18	28	17710.8756
18	29	17764.7585
18	30	17820.4421
18	31	17877.9204
18	32	17937.1873
18	33	17998.2365
18	34	18061.0614
18	35	18125.6553
18	36	18192.0112
18	37	18260.122
18	38	18329.9802
18	39	18401.5782
18	40	18474.9083
18	41	18549.9623
18	42	18626.7319
18	43	18705.2087
18	44	18785.3838
18	45	18867.2484
18	46	18950.7931
18	47	19036.0087
18	48	19122.8853
18	49	19211.413
18	50	19301.5817
18	51	19393.3809
18	52	19486.8001
18	53	19581.8281
18	54	19678.4539
18	55	19776.666
18	56	19876.4526
18	57	19977.8019
18	58	20080.7014
18	59	20185.1388
18	60	20291.101
18	61	20398.5751
18	62	20507.5475
18	63	20618.0047
18	64	20729.9324
18	65	20843.3165
18	66	20958.1422
18	67	21074.3945
18	68	21192.0582
18	69	21311.1174
18	70	21431.5563
18	71	21553.3583
18	72	21676.5069
18	73	21800.9847
18	74	21926.7742
18	75	22053.8576
18	76	22182.2164
18	77	22311.8319
18	78	22442.6847
18	79	22574.7553
18	80	22708.0234
18	81	22842.4683
18	82	22978.069
18	83	23114.8035
18	84	23252.6497
18	85	23391.5848
18	86	23531.5851
18	87	23672.6268
18	88	23814.6849
18	89	23957.7341
18	90	24101.7482
18	91	24246.7002
18	92	24392.5624
18	93	24539.3062
18	94	24686.9021
18	95	24835.3196
18	96	24984.5273
18	97	25134.4925
18	98	25285.1817
18	99	25436.5597
18	100	25588.5904
18	101	25741.2361
18	102	25894.4574
18	103	26048.2136
18	104	26202.4617
18	105	26357.1571
18	106	26512.253
18	107	26667.7001
18	108	26823.4465
18	109	26979.4373
18	110	27135.6145
18	111	27291.9165
18	112	27448.2774
18	113	27604.6266
18	114	27760.8884
18	115	27916.9807
18	116	28072.8142
18	117	28228.2912
18	118	28383.3037
18	119	28537.7315
18	120	28691.4392
18	121	28844.2724
18	122	28996.0522
18	123	29146.5668
18	124	29295.5594
18	125	29442.7065
18	126	29587.578
18	127	29729.5434
18	128	29867.5391
18	129	29999.802
18	130	30125.1754
19	0	17647.6223
19	1	17649.4668
19	2	17653.1556
19	3	17658.6883
19	4	17666.0643
19	5	17675.2829
19	6	17686.343
19	7	17699.2435
19	8	17713.983
19	9	17730.5599
19	10	17748.9725
19	11	17769.2189
19	12	17791.2967
19	13	17815.2038
19	14	17840.9375
19	15	17868.4951
19	16	17897.8736
19	17	17929.0699
19	18	17962.0806
19	19	17996.9022
19	20	18033.5308
19	21	18071.9626
19	22	18112.1933
19	23	18154.2186
19	24	18198.034
19	25	18243.6345
19	26	18291.0153
19	27	18340.1711
19	28	18391.0966
19	29	18443.786
19	30	18498.2336
19	31	18554.4334
19	32	18612.3789
19	33	18672.0639
19	34	18733.4815
19	35	18796.6249
19	36	18861.4869
19	37	18928.0601
19	38	18996.337
19	39	19066.3097
19	40	19137.9703
19	41	19211.3103
19	42	19286.3213
19	43	19362.9946
19	44	19441.3212
19	45	19521.2918
19	46	19602.8969
19	47	19686.1268
19	48	19770.9716
19	49	19857.421
19	50	19945.4646
19	51	20035.0915
19	52	20126.2908
19	53	20219.0511
19	54	20313.361
19	55	20409.2085
19	56	20506.5816
19	57	20605.4679
19	58	20705.8545
19	59	20807.7286
19	60	20911.0769
19	61	21015.8856
19	62	21122.1409
19	63	21229.8286
19	64	21338.9339
19	65	21449.442
19	66	21561.3376
19	67	21674.605
19	68	21789.2282
19	69	21905.191
19	70	22022.4764
19	71	22141.0673
19	72	22260.9461
19	73	22382.0948
19	74	22504.495
19	75	22628.1278
19	76	22752.9739
19	77	22879.0133
19	78	23006.2257
19	79	23134.5903
19	80	23264.0856
19	81	23394.6897
19	82	23526.38
19	83	23659.1333
19	84	23792.9259
19	85	23927.7332
19	86	24063.53
19	87	24200.2904
19	88	24337.9876
19	89	24476.5942
19	90	24616.0817
19	91	24756.4207
19	92	24897.581
19	93	25039.5312
19	94	25182.2389
19	95	25325.6703
19	96	25469.7907
19	97	25614.5636
19	98	25759.9513
19	99	25905.9146
19	100	26052.4123
19	101	26199.4014
19	102	26346.8371
19	103	26494.672
19	104	26642.8565
19	105	26791.338
19	106	26940.0611
19	107	27088.967
19	108	27237.9927
19	109	27387.0713
19	110	27536.1308
19	111	27685.0933
19	112	27833.8745
19	113	27982.3823
19	114	28130.5153
19	115	28278.1612
19	116	28425.194
19	117	28571.4708
19	118	28716.8273
19	119	28861.0708
19	120	29003.9705
19	121	29145.2403
19	122	29284.5096
19	123	29421.2595
19	124	29554.663
19	125	29683.275
19	126	29805.4553
20	0	18320.7905
20	1	18322.5938
20	2	18326.2001
20	3	18331.6091
20	4	18338.8202
20	5	18347.8325
20	6	18358.6451
20	7	18371.2568
20	8	18385.6661
20	9	18401.8715
20	10	18419.8711
20	11	18439.6629
20	12	18461.2448
20	13	18484.6143
20	14	18509.7688
20	15	18536.7055
20	16	18565.4214
20	17	18595.9131
20	18	18628.1774
20	19	18662.2104
20	20	18698.0085
20	21	18735.5675
20	22	18774.8832
20	23	18815.951
20	24	18858.7664
20	25	18903.3243
20	26	18949.6197
20	27	18997.6472
20	28	19047.4013
20	29	19098.8762
20	30	19152.0659
20	31	19206.9643
20	32	19263.5648
20	33	19321.8609
20	34	19381.8457
20	35	19443.5119
20	36	19506.8524
20	37	19571.8595
20	38	19638.5254
20	39	19706.8422
20	40	19776.8014
20	41	19848.3945
20	42	19921.6129
20	43	19996.4475
20	44	20072.8889
20	45	20150.9278
20	46	20230.5542
20	47	20311.7583
20	48	20394.5296
20	49	20478.8576
20	50	20564.7314
20	51	20652.14
20	52	20741.0719
20	53	20831.5154
20	54	20923.4585
20	55	21016.889
20	56	21111.7943
20	57	21208.1615
20	58	21305.9773
20	59	21405.2283
20	60	21505.9006
20	61	21607.98
20	62	21711.452
20	63	21816.3017
20	64	21922.5138
20	65	22030.0726
20	66	22138.9623
20	67	22249.1664
20	68	22360.6681
20	69	22473.4502
20	70	22587.495
20	71	22702.7844
20	72	22819.3
20	73	22937.0226
20	74	23055.9328
20	75	23176.0106
20	76	23297.2353
20	77	23419.586
20	78	23543.0408
20	79	23667.5776
20	80	23793.1735
20	81	23919.8049
20	82	24047.4475
20	83	24176.0764
20	84	24305.6659
20	85	24436.1895
20	86	24567.6199
20	87	24699.9287
20	88	24833.0868
20	89	24967.0641
20	90	25101.8292
20	91	25237.3499
20	92	25373.5923
20	93	25510.5218
20	94	25648.1019
20	95	25786.2947
20	96	25925.061
20	97	26064.3592
20	98	26204.1463
20	99	26344.3769
20	100	26485.0034
20	101	26625.9754
20	102	26767.2398
20	103	26908.7403
20	104	27050.417
20	105	27192.2059
20	106	27334.0383
20	107	27475.8405
20	108	27617.5325
20	109	27759.027
20	110	27900.2286
20	111	28041.0316
20	112	28181.3181
20	113	28320.955
20	114	28459.7902
20	115	28597.6466
20	116	28734.314
20	117	28869.5353
20	118	29002.9838
20	119	29134.2165
20	120	29262.5622
20	121	29386.8622
20	122	29505.4164
21	0	18970.0845
21	1	18971.8458
21	2	18975.3683
21	3	18980.6514
21	4	18987.6947
21	5	18996.4972
21	6	19007.0579
21	7	19019.3757
21	8	19033.449
21	9	19049.2763
21	10	19066.8556
21	11	19086.185
21	12	19107.2621
21	13	19130.0845
21	14	19154.6495
21	15	19180.9542
21	16	19208.9955
21	17	19238.7701
21	18	19270.2744
21	19	19303.5047
21	20	19338.4571
21	21	19375.1274
21	22	19413.5112
21	23	19453.604
21	24	19495.4008
21	25	19538.8967
21	26	19584.0863
21	27	19630.9643
21	28	19679.5249
21	29	19729.7622
21	30	19781.67
21	31	19835.2419
21	32	19890.4713
21	33	19947.3514
21	34	20005.8751
21	35	20066.035
21	36	20127.8235
21	37	20191.233
21	38	20256.2553
21	39	20322.8821
21	40	20391.1049
21	41	20460.9148
21	42	20532.3029
21	43	20605.2597
21	44	20679.7758
21	45	20755.8412
21	46	20833.4458
21	47	20912.5793
21	48	20993.2309
21	49	21075.3896
21	50	21159.0443
21	51	21244.1834
21	52	21330.795
21	53	21418.867
21	54	21508.3869
21	55	21599.3419
21	56	21691.7189
21	57	21785.5045
21	58	21880.6848
21	59	21977.2458
21	60	22075.1729
21	61	22174.4513
21	62	22275.0657
21	63	22377.0006
21	64	22480.2399
21	65	22584.7671
21	66	22690.5655
21	67	22797.6177
21	68	22905.9061
21	69	23015.4124
21	70	23126.1179
21	71	23238.0034
21	72	23351.0493
21	73	23465.2353
21	74	23580.5407
21	75	23696.9439
21	76	23814.4232
21	77	23932.9558
21	78	24052.5184
21	79	24173.087
21	80	24294.637
21	81	24417.1429
21	82	24540.5782
21	83	24664.9159
21	84	24790.1278
21	85	24916.185
21	86	25043.0572
21	87	25170.7135
21	88	25299.1213
21	89	25428.2471
21	90	25558.056
21	91	25688.5116
21	92	25819.5758
21	93	25951.209
21	94	26083.3697
21	95	26216.0143
21	96	26349.0971
21	97	26482.5698
21	98	26616.3814
21	99	26750.4781
21	100	26884.8024
21	101	27019.2933
21	102	27153.8852
21	103	27288.5077
21	104	27423.0849
21	105	27557.5339
21	106	27691.7642
21	107	27825.6761
21	108	27959.1587
21	109	28092.0871
21	110	28224.3194
21	111	28355.6913
21	112	28486.0094
21	113	28615.0392
21	114	28742.4871
21	115	28867.9639
21	116	28990.9026
21	117	29110.3544
21	118	29224.7695
22	0	19595.2484
22	1	19596.967
22	2	19600.404
22	3	19605.5589
22	4	19612.4311
22	5	19621.0199
22	6	19631.324
22	7	19643.3423
22	8	19657.0733
22	9	19672.5153
22	10	19689.6664
22	11	19708.5244
22	12	19729.0871
22	13	19751.3519
22	14	19775.3161
22	15	19800.9766
22	16	19828.3303
22	17	19857.3738
22	18	19888.1034
22	19	19920.5153
22	20	19954.6054
22	21	19990.3695
22	22	20027.803
22	23	20066.9012
22	24	20107.6592
22	25	20150.0717
22	26	20194.1333
22	27	20239.8384
22	28	20287.181
22	29	20336.1552
22	30	20386.7545
22	31	20438.9723
22	32	20492.8018
22	33	20548.2359
22	34	20605.2674
22	35	20663.8886
22	36	20724.0917
22	37	20785.8687
22	38	20849.2112
22	39	20914.1106
22	40	20980.5582
22	41	21048.5446
22	42	21118.0606
22	43	21189.0966
22	44	21261.6425
22	45	21335.6881
22	46	21411.2229
22	47	21488.2361
22	48	21566.7166
22	49	21646.6529
22	50	21728.0334
22	51	21810.8461
22	52	21895.0784
22	53	21980.7178
22	54	22067.7512
22	55	22156.1653
22	56	22245.9463
22	57	22337.0801
22	58	22429.5523
22	59	22523.3479
22	60	22618.4519
22	61	22714.8485
22	62	22812.5217
22	63	22911.455
22	64	23011.6315
22	65	23113.0338
22	66	23215.6441
22	67	23319.4439
22	68	23424.4145
22	69	23530.5365
22	70	23637.79
22	71	23746.1544
22	72	23855.6087
22	73	23966.1311
22	74	24077.6994
22	75	24190.2904
22	76	24303.8804
22	77	24418.4449
22	78	24533.9586
22	79	24650.3954
22	80	24767.7283
22	81	24885.9292
22	82	25004.9694
22	83	25124.8187
22	84	25245.446
22	85	25366.819
22	86	25488.9041
22	87	25611.6662
22	88	25735.0687
22	89	25859.0736
22	90	25983.6409
22	91	26108.7286
22	92	26234.2929
22	93	26360.2873
22	94	26486.663
22	95	26613.3681
22	96	26740.3478
22	97	26867.5434
22	98	26994.8923
22	99	27122.3272
22	100	27249.7755
22	101	27377.1584
22	102	27504.3899
22	103	27631.3753
22	104	27758.0096
22	105	27884.1751
22	106	28009.7383
22	107	28134.5456
22	108	28258.417
22	109	28381.136
22	110	28502.4343
22	111	28621.9617
22	112	28739.2223
22	113	28853.4121
22	114	28963.1644
22	115	29067.2483
23	0	20196.0062
23	1	20197.6812
23	2	20201.0309
23	3	20206.055
23	4	20212.7528
23	5	20221.1234
23	6	20231.1657
23	7	20242.8784
23	8	20256.2601
23	9	20271.3089
23	10	20288.0229
23	11	20306.3999
23	12	20326.4376
23	13	20348.1333
23	14	20371.4841
23	15	20396.4871
23	16	20423.1388
23	17	20451.4359
23	18	20481.3745
23	19	20512.9507
23	20	20546.1603
23	21	20580.9988
23	22	20617.4617
23	23	20655.544
23	24	20695.2406
23	25	20736.5461
23	26	20779.455
23	27	20823.9613
23	28	20870.0591
23	29	20917.742
23	30	20967.0034
23	31	21017.8366
23	32	21070.2343
23	33	21124.1894
23	34	21179.6942
23	35	21236.7409
23	36	21295.3214
23	37	21355.4272
23	38	21417.0498
23	39	21480.1803
23	40	21544.8094
23	41	21610.9276
23	42	21678.5252
23	43	21747.5921
23	44	21818.1179
23	45	21890.0921
23	46	21963.5036
23	47	22038.3411
23	48	22114.593
23	49	22192.2474
23	50	22271.2921
23	51	22351.7143
23	52	22433.5013
23	53	22516.6395
23	54	22601.1154
23	55	22686.9149
23	56	22774.0236
23	57	22862.4265
23	58	22952.1085
23	59	23043.0538
23	60	23135.2464
23	61	23228.6696
23	62	23323.3065
23	63	23419.1396
23	64	23516.1507
23	65	23614.3215
23	66	23713.6329
23	67	23814.0651
23	68	23915.5981
23	69	24018.2111
23	70	24121.8825
23	71	24226.5903
23	72	24332.3116
23	73	24439.023
23	74	24546.7002
23	75	24655.318
23	76	24764.8504
23	77	24875.2706
23	78	24986.5507
23	79	25098.6619
23	80	25211.5742
23	81	25325.2565
23	82	25439.6764
23	83	25554.8001
23	84	25670.5926
23	85	25787.017
23	86	25904.0349
23	87	26021.606
23	88	26139.688
23	89	26258.2363
23	90	26377.2039
23	91	26496.541
23	92	26616.1948
23	93	26736.1092
23	94	26856.224
23	95	26976.4747
23	96	27096.7918
23	97	27217.1001
23	98	27337.3173
23	99	27457.3532
23	100	27577.1078
23	101	27696.4696
23	102	27815.3121
23	103	27933.4905
23	104	28050.8355
23	105	28167.1449
23	106	28282.1697
23	107	28395.5885
23	108	28506.9539
23	109	28615.5584
23	110	28720.189
23	111	28819.5229
24	0	20772.0596
24	1	20773.69
24	2	20776.9506
24	3	20781.841
24	4	20788.3605
24	5	20796.5081
24	6	20806.2828
24	7	20817.6833
24	8	20830.7079
24	9	20845.3548
24	10	20861.6221
24	11	20879.5074
24	12	20899.0083
24	13	20920.1222
24	14	20942.8459
24	15	20967.1765
24	16	20993.1105
24	17	21020.6442
24	18	21049.7738
24	19	21080.4951
24	20	21112.8039
24	21	21146.6956
24	22	21182.1653
24	23	21219.208
24	24	21257.8184
24	25	21297.9909
24	26	21339.7197
24	27	21382.9987
24	28	21427.8218
24	29	21474.1822
24	30	21522.0732
24	31	21571.4877
24	32	21622.4184
24	33	21674.8576
24	34	21728.7974
24	35	21784.2297
24	36	21841.1461
24	37	21899.5378
24	38	21959.3959
24	39	22020.7109
24	40	22083.4734
24	41	22147.6734
24	42	22213.3006
24	43	22280.3447
24	44	22348.7948
24	45	22418.6396
24	46	22489.8677
24	47	22562.4672
24	48	22636.4261
24	49	22711.7316
24	50	22788.371
24	51	22866.3309
24	52	22945.5977
24	53	23026.1574
24	54	23107.9954
24	55	23191.0969
24	56	23275.4466
24	57	23361.0288
24	58	23447.8273
24	59	23535.8253
24	60	23625.0057
24	61	23715.3508
24	62	23806.8425
24	63	23899.462
24	64	23993.1899
24	65	24088.0064
24	66	24183.8908
24	67	24280.8221
24	68	24378.7784
24	69	24477.7371
24	70	24577.6748
24	71	24678.5675
24	72	24780.3901
24	73	24883.1169
24	74	24986.721
24	75	25091.1747
24	76	25196.4492
24	77	25302.5145
24	78	25409.3394
24	79	25516.8915
24	80	25625.1369
24	81	25734.0402
24	82	25843.5643
24	83	25953.6704
24	84	26064.3179
24	85	26175.4636
24	86	26287.0625
24	87	26399.0664
24	88	26511.4248
24	89	26624.0834
24	90	26736.9844
24	91	26850.066
24	92	26963.2613
24	93	27076.4981
24	94	27189.6976
24	95	27302.7733
24	96	27415.6297
24	97	27528.1602
24	98	27640.2443
24	99	27751.7441
24	100	27862.499
24	101	27972.318
24	102	28080.9665
24	103	28188.1437
24	104	28293.435
24	105	28396.1938
24	106	28495.3139
24	107	28589.4996
25	0	21323.0859
25	1	21324.6707
25	2	21327.8401
25	3	21332.5936
25	4	21338.9305
25	5	21346.8499
25	6	21356.3506
25	7	21367.4313
25	8	21380.0903
25	9	21394.3257
25	10	21410.1355
25	11	21427.5173
25	12	21446.4685
25	13	21466.9864
25	14	21489.0679
25	15	21512.7097
25	16	21537.9083
25	17	21564.6599
25	18	21592.9605
25	19	21622.8059
25	20	21654.1915
25	21	21687.1126
25	22	21721.5642
25	23	21757.541
25	24	21795.0375
25	25	21834.0479
25	26	21874.5663
25	27	21916.5863
25	28	21960.1013
25	29	22005.1045
25	30	22051.5888
25	31	22099.5468
25	32	22148.9709
25	33	22199.8532
25	34	22252.1853
25	35	22305.9587
25	36	22361.1647
25	37	22417.7941
25	38	22475.8375
25	39	22535.2852
25	40	22596.127
25	41	22658.3526
25	42	22721.9513
25	43	22786.9121
25	44	22853.2234
25	45	22920.8737
25	46	22989.8507
25	47	23060.142
25	48	23131.7347
25	49	23204.6156
25	50	23278.7709
25	51	23354.1868
25	52	23430.8486
25	53	23508.7414
25	54	23587.8499
25	55	23668.1582
25	56	23749.65
25	57	23832.3084
25	58	23916.1161
25	59	24001.0553
25	60	24087.1074
25	61	24174.2535
25	62	24262.4739
25	63	24351.7483
25	64	24442.0558
25	65	24533.3747
25	66	24625.6827
25	67	24718.9567
25	68	24813.1726
25	69	24908.3056
25	70	25004.3301
25	71	25101.2192
25	72	25198.9453
25	73	25297.4795
25	74	25396.7918
25	75	25496.8509
25	76	25597.6242
25	77	25699.0775
25	78	25801.1752
25	79	25903.8799
25	80	26007.1522
25	81	26110.9507
25	82	26215.2318
25	83	26319.9492
25	84	26425.0539
25	85	26530.4939
25	86	26636.2134
25	87	26742.1526
25	88	26848.2472
25	89	26954.4276
25	90	27060.6179
25	91	27166.735
25	92	27272.687
25	93	27378.3712
25	94	27483.6722
25	95	27588.4575
25	96	27692.5734
25	97	27795.8369
25	98	27898.0238
25	99	27998.8472
25	100	28097.9124
25	101	28194.6055
25	102	28287.882
25	103	28376.5292
26	0	21848.7349
26	1	21850.2729
26	2	21853.3487
26	3	21857.9618
26	4	21864.1115
26	5	21871.7967
26	6	21881.0164
26	7	21891.769
26	8	21904.0529
26	9	21917.8662
26	10	21933.2065
26	11	21950.0716
26	12	21968.4588
26	13	21988.365
26	14	22009.7873
26	15	22032.7221
26	16	22057.1658
26	17	22083.1144
26	18	22110.5639
26	19	22139.5096
26	20	22169.9471
26	21	22201.8712
26	22	22235.2768
26	23	22270.1584
26	24	22306.5102
26	25	22344.3263
26	26	22383.6003
26	27	22424.3256
26	28	22466.4954
26	29	22510.1025
26	30	22555.1395
26	31	22601.5987
26	32	22649.472
26	33	22698.7512
26	34	22749.4275
26	35	22801.4921
26	36	22854.9356
26	37	22909.7485
26	38	22965.9209
26	39	23023.4425
26	40	23082.3027
26	41	23142.4905
26	42	23203.9947
26	43	23266.8036
26	44	23330.905
26	45	23396.2867
26	46	23462.9356
26	47	23530.8386
26	48	23599.982
26	49	23670.3517
26	50	23741.9332
26	51	23814.7113
26	52	23888.6708
26	53	23963.7955
26	54	24040.0689
26	55	24117.4741
26	56	24195.9935
26	57	24275.6088
26	58	24356.3015
26	59	24438.052
26	60	24520.8404
26	61	24604.6459
26	62	24689.4472
26	63	24775.2219
26	64	24861.9471
26	65	24949.5991
26	66	25038.1529
26	67	25127.5831
26	68	25217.8628
26	69	25308.9643
26	70	25400.8588
26	71	25493.516
26	72	25586.9046
26	73	25680.9916
26	74	25775.7425
26	75	25871.1213
26	76	25967.09
26	77	26063.6086
26	78	26160.6349
26	79	26258.1243
26	80	26356.0294
26	81	26454.2997
26	82	26552.8815
26	83	26651.717
26	84	26750.7439
26	85	26849.8949
26	86	26949.0966
26	87	27048.2685
26	88	27147.3218
26	89	27246.1572
26	90	27344.6627
26	91	27442.7104
26	92	27540.1511
26	93	27636.8076
26	94	27732.462
26	95	27826.8352
26	96	27919.5401
26	97	28009.9694
26	98	28097.1012
26	99	28179.8594
27	0	22348.6258
27	1	22350.1157
27	2	22353.0953
27	3	22357.5641
27	4	22363.5212
27	5	22370.9658
27	6	22379.8965
27	7	22390.3118
27	8	22402.2101
27	9	22415.5891
27	10	22430.4468
27	11	22446.7805
27	12	22464.5875
27	13	22483.8647
27	14	22504.6088
27	15	22526.8162
27	16	22550.4831
27	17	22575.6055
27	18	22602.1789
27	19	22630.1987
27	20	22659.66
27	21	22690.5575
27	22	22722.886
27	23	22756.6395
27	24	22791.8121
27	25	22828.3974
27	26	22866.3889
27	27	22905.7796
27	28	22946.5623
27	29	22988.7296
27	30	23032.2736
27	31	23077.1861
27	32	23123.4588
27	33	23171.0828
27	34	23220.0491
27	35	23270.3482
27	36	23321.9703
27	37	23374.9053
27	38	23429.1427
27	39	23484.6717
27	40	23541.4809
27	41	23599.5587
27	42	23658.8933
27	43	23719.472
27	44	23781.2821
27	45	23844.3104
27	46	23908.543
27	47	23973.9658
27	48	24040.5642
27	49	24108.323
27	50	24177.2266
27	51	24247.2588
27	52	24318.403
27	53	24390.6418
27	54	24463.9574
27	55	24538.3312
27	56	24613.7442
27	57	24690.1766
27	58	24767.6078
27	59	24846.0165
27	60	24925.3808
27	61	25005.6778
27	62	25086.8836
27	63	25168.9737
27	64	25251.9223
27	65	25335.7028
27	66	25420.2873
27	67	25505.6467
27	68	25591.7507
27	69	25678.5676
27	70	25766.0641
27	71	25854.2052
27	72	25942.9543
27	73	26032.2727
27	74	26122.1196
27	75	26212.4517
27	76	26303.2232
27	77	26394.3851
27	78	26485.8853
27	79	26577.6676
27	80	26669.6716
27	81	26761.832
27	82	26854.0773
27	83	26946.3293
27	84	27038.5014
27	85	27130.4968
27	86	27222.2062
27	87	27313.5045
27	88	27404.2454
27	89	27494.2546
27	90	27583.3168
27	91	27671.1534
27	92	27757.3716
27	93	27841.3423
27	94	27922.0377
27	95	27998.6217
28	0	22822.3428
28	1	22823.7832
28	2	22826.6636
28	3	22830.9836
28	4	22836.7424
28	5	22843.9389
28	6	22852.5718
28	7	22862.6395
28	8	22874.1402
28	9	22887.0717
28	10	22901.4317
28	11	22917.2176
28	12	22934.4264
28	13	22953.0548
28	14	22973.0995
28	15	22994.5567
28	16	23017.4223
28	17	23041.6922
28	18	23067.3615
28	19	23094.4256
28	20	23122.8793
28	21	23152.717
28	22	23183.9331
28	23	23216.5214
28	24	23250.4757
28	25	23285.7893
28	26	23322.4552
28	27	23360.4661
28	28	23399.8145
28	29	23440.4923
28	30	23482.4914
28	31	23525.8031
28	32	23570.4184
28	33	23616.3281
28	34	23663.5226
28	35	23711.9917
28	36	23761.7251
28	37	23812.712
28	38	23864.9412
28	39	23918.4012
28	40	23973.0798
28	41	24028.9648
28	42	24086.0431
28	43	24144.3016
28	44	24203.7263
28	45	24264.303
28	46	24326.017
28	47	24388.8529
28	48	24452.7949
28	49	24517.8265
28	50	24583.9309
28	51	24651.0903
28	52	24719.2865
28	53	24788.5007
28	54	24858.7133
28	55	24929.9038
28	56	25002.0512
28	57	25075.1336
28	58	25149.1281
28	59	25224.011
28	60	25299.7577
28	61	25376.3425
28	62	25453.7385
28	63	25531.9177
28	64	25610.8508
28	65	25690.5071
28	66	25770.8545
28	67	25851.8592
28	68	25933.4858
28	69	26015.6966
28	70	26098.452
28	71	26181.7102
28	72	26265.4266
28	73	26349.5535
28	74	26434.0402
28	75	26518.832
28	76	26603.87
28	77	26689.0903
28	78	26774.4231
28	79	26859.7918
28	80	26945.1112
28	81	27030.2864
28	82	27115.2096
28	83	27199.7568
28	84	27283.7826
28	85	27367.1127
28	86	27449.5293
28	87	27530.7458
28	88	27610.3454
28	89	27687.6418
28	90	27761.6103
28	91	27831.8198
29	0	23269.4304
29	1	23270.8195
29	2	23273.5975
29	3	23277.7638
29	4	23283.3176
29	5	23290.2577
29	6	23298.5828
29	7	23308.2912
29	8	23319.381
29	9	23331.8499
29	10	23345.6955
29	11	23360.9148
29	12	23377.505
29	13	23395.4625
29	14	23414.7838
29	15	23435.4648
29	16	23457.5014
29	17	23480.889
29	18	23505.6227
29	19	23531.6975
29	20	23559.1078
29	21	23587.8478
29	22	23617.9116
29	23	23649.2926
29	24	23681.9843
29	25	23715.9794
29	26	23751.2706
29	27	23787.8502
29	28	23825.7101
29	29	23864.8419
29	30	23905.2367
29	31	23946.8855
29	32	23989.7785
29	33	24033.906
29	34	24079.2576
29	35	24125.8225
29	36	24173.5897
29	37	24222.5475
29	38	24272.6839
29	39	24323.9865
29	40	24376.4423
29	41	24430.0379
29	42	24484.7594
29	43	24540.5923
29	44	24597.5217
29	45	24655.5321
29	46	24714.6072
29	47	24774.7305
29	48	24835.8846
29	49	24898.0514
29	50	24961.2122
29	51	25025.3477
29	52	25090.4375
29	53	25156.4608
29	54	25223.3956
29	55	25291.2191
29	56	25359.9077
29	57	25429.4366
29	58	25499.7799
29	59	25570.9106
29	60	25642.8004
29	61	25715.4197
29	62	25788.7373
29	63	25862.7205
29	64	25937.3348
29	65	26012.5438
29	66	26088.309
29	67	26164.5896
29	68	26241.3421
29	69	26318.52
29	70	26396.0738
29	71	26473.9498
29	72	26552.0905
29	73	26630.4328
29	74	26708.9082
29	75	26787.4409
29	76	26865.9469
29	77	26944.3315
29	78	27022.4872
29	79	27100.2896
29	80	27177.5916
29	81	27254.2146
29	82	27329.9323
29	83	27404.4365
29	84	27477.2566
29	85	27547.6124
29	86	27614.6079
30	0	23689.3873
30	1	23690.7234
30	2	23693.3951
30	3	23697.4021
30	4	23702.7433
30	5	23709.4176
30	6	23717.4236
30	7	23726.7594
30	8	23737.4231
30	9	23749.4122
30	10	23762.7241
30	11	23777.3559
30	12	23793.3042
30	13	23810.5656
30	14	23829.136
30	15	23849.0115
30	16	23870.1873
30	17	23892.6588
30	18	23916.4207
30	19	23941.4676
30	20	23967.7937
30	21	23995.3928
30	22	24024.2586
30	23	24054.384
30	24	24085.762
30	25	24118.385
30	26	24152.2452
30	27	24187.3342
30	28	24223.6434
30	29	24261.1637
30	30	24299.8858
30	31	24339.7997
30	32	24380.8952
30	33	24423.1617
30	34	24466.5879
30	35	24511.1622
30	36	24556.8727
30	37	24603.7068
30	38	24651.6513
30	39	24700.6929
30	40	24750.8173
30	41	24802.01
30	42	24854.2556
30	43	24907.5385
30	44	24961.842
30	45	25017.1491
30	46	25073.4419
30	47	25130.702
30	48	25188.91
30	49	25248.0458
30	50	25308.0884
30	51	25369.0161
30	52	25430.806
30	53	25493.4342
30	54	25556.8758
30	55	25621.1048
30	56	25686.0938
30	57	25751.814
30	58	25818.2354
30	59	25885.3261
30	60	25953.0525
30	61	26021.3794
30	62	26090.269
30	63	26159.6815
30	64	26229.5744
30	65	26299.9022
30	66	26370.616
30	67	26441.6632
30	68	26512.9867
30	69	26584.5245
30	70	26656.2083
30	71	26727.9627
30	72	26799.7033
30	73	26871.3352
30	74	26942.7491
30	75	27013.8179
30	76	27084.3892
30	77	27154.2747
30	78	27223.2281
30	79	27290.8956
30	80	27356.7039
30	81	27419.7986
30	82	27479.7913
31	0	24081.6589
31	1	24082.9397
31	2	24085.5009
31	3	24089.3421
31	4	24094.4621
31	5	24100.8598
31	6	24108.5337
31	7	24117.4817
31	8	24127.7018
31	9	24139.1915
31	10	24151.9478
31	11	24165.9676
31	12	24181.2476
31	13	24197.7837
31	14	24215.5719
31	15	24234.6078
31	16	24254.8865
31	17	24276.4028
31	18	24299.1512
31	19	24323.1259
31	20	24348.3207
31	21	24374.7289
31	22	24402.3436
31	23	24431.1575
31	24	24461.1628
31	25	24492.3515
31	26	24524.715
31	27	24558.2443
31	28	24592.9302
31	29	24628.7628
31	30	24665.732
31	31	24703.8269
31	32	24743.0366
31	33	24783.3492
31	34	24824.7528
31	35	24867.2345
31	36	24910.7813
31	37	24955.3793
31	38	25001.0143
31	39	25047.6712
31	40	25095.3345
31	41	25143.9879
31	42	25193.6146
31	43	25244.1969
31	44	25295.7164
31	45	25348.1538
31	46	25401.489
31	47	25455.7012
31	48	25510.7684
31	49	25566.6676
31	50	25623.3748
31	51	25680.8648
31	52	25739.1111
31	53	25798.0858
31	54	25857.7598
31	55	25918.1019
31	56	25979.0796
31	57	26040.6582
31	58	26102.8009
31	59	26165.4686
31	60	26228.6195
31	61	26292.2087
31	62	26356.1879
31	63	26420.5051
31	64	26485.1033
31	65	26549.9205
31	66	26614.8883
31	67	26679.9305
31	68	26744.9615
31	69	26809.884
31	70	26874.5849
31	71	26938.9307
31	72	27002.7584
31	73	27065.8597
31	74	27127.9464
31	75	27188.5687
31	76	27247.0108
31	77	27302.6543
32	0	24445.6276
32	1	24446.8507
32	2	24449.2965
32	3	24452.9643
32	4	24457.8532
32	5	24463.9619
32	6	24471.2885
32	7	24479.8312
32	8	24489.5876
32	9	24500.5549
32	10	24512.7302
32	11	24526.11
32	12	24540.6905
32	13	24556.4677
32	14	24573.4372
32	15	24591.5941
32	16	24610.9331
32	17	24631.4488
32	18	24653.1351
32	19	24675.9858
32	20	24699.9941
32	21	24725.1529
32	22	24751.4546
32	23	24778.8913
32	24	24807.4545
32	25	24837.1355
32	26	24867.9249
32	27	24899.8131
32	28	24932.7898
32	29	24966.8442
32	30	25001.9652
32	31	25038.141
32	32	25075.3594
32	33	25113.6074
32	34	25152.8716
32	35	25193.1381
32	36	25234.3921
32	37	25276.6182
32	38	25319.8006
32	39	25363.9222
32	40	25408.9658
32	41	25454.9128
32	42	25501.7441
32	43	25549.4396
32	44	25597.9782
32	45	25647.3378
32	46	25697.4952
32	47	25748.426
32	48	25800.1045
32	49	25852.5037
32	50	25905.5951
32	51	25959.3484
32	52	26013.7316
32	53	26068.7108
32	54	26124.2498
32	55	26180.31
32	56	26236.8499
32	57	26293.8251
32	58	26351.1875
32	59	26408.8847
32	60	26466.8598
32	61	26525.0499
32	62	26583.3853
32	63	26641.7879
32	64	26700.169
32	65	26758.4263
32	66	26816.4394
32	67	26874.0626
32	68	26931.1113
32	69	26987.3349
32	70	27042.3505
32	71	27095.5442
32	72	27146.298
33	0	24780.6009
33	1	24781.7633
33	2	24784.0878
33	3	24787.5737
33	4	24792.2198
33	5	24798.0247
33	6	24804.9866
33	7	24813.1033
33	8	24822.3722
33	9	24832.7905
33	10	24844.3548
33	11	24857.0614
33	12	24870.9062
33	13	24885.8849
33	14	24901.9925
33	15	24919.2238
33	16	24937.5732
33	17	24957.0344
33	18	24977.6012
33	19	24999.2665
33	20	25022.0229
33	21	25045.8627
33	22	25070.7775
33	23	25096.7587
33	24	25123.7969
33	25	25151.8825
33	26	25181.0051
33	27	25211.1541
33	28	25242.318
33	29	25274.4849
33	30	25307.6424
33	31	25341.7773
33	32	25376.8759
33	33	25412.9237
33	34	25449.9055
33	35	25487.8056
33	36	25526.6072
33	37	25566.2928
33	38	25606.8441
33	39	25648.2419
33	40	25690.4658
33	41	25733.4945
33	42	25777.3057
33	43	25821.8756
33	44	25867.1794
33	45	25913.1907
33	46	25959.8814
33	47	26007.2222
33	48	26055.1814
33	49	26103.7257
33	50	26152.819
33	51	26202.4232
33	52	26252.4968
33	53	26302.9951
33	54	26353.8698
33	55	26405.0678
33	56	26456.5309
33	57	26508.1944
33	58	26559.9859
33	59	26611.8232
33	60	26663.6117
33	61	26715.24
33	62	26766.5733
33	63	26817.4411
33	64	26867.6112
33	65	26916.7282
33	66	26964.2327
33	67	27009.605
34	0	25085.795
34	1	25086.8933
34	2	25089.0896
34	3	25092.3831
34	4	25096.7725
34	5	25102.2562
34	6	25108.8324
34	7	25116.4985
34	8	25125.2519
34	9	25135.0891
34	10	25146.0068
34	11	25158.0007
34	12	25171.0664
34	13	25185.199
34	14	25200.3932
34	15	25216.6432
34	16	25233.9426
34	17	25252.2849
34	18	25271.6627
34	19	25292.0684
34	20	25313.4939
34	21	25335.9304
34	22	25359.3687
34	23	25383.799
34	24	25409.211
34	25	25435.5938
34	26	25462.9358
34	27	25491.2248
34	28	25520.4481
34	29	25550.5921
34	30	25581.6426
34	31	25613.5846
34	32	25646.4022
34	33	25680.079
34	34	25714.5973
34	35	25749.9387
34	36	25786.0836
34	37	25823.0116
34	38	25860.7009
34	39	25899.1286
34	40	25938.2702
34	41	25978.1001
34	42	26018.5907
34	43	26059.713
34	44	26101.4356
34	45	26143.7254
34	46	26186.5464
34	47	26229.8602
34	48	26273.6249
34	49	26317.7953
34	50	26362.3215
34	51	26407.1489
34	52	26452.2167
34	53	26497.4567
34	54	26542.7911
34	55	26588.1302
34	56	26633.3679
34	57	26678.3747
34	58	26722.9849
34	59	26766.9665
34	60	26809.9566
34	61	26851.4251
34	62	26891.0732
35	0	25360.3129
35	1	25361.343
35	2	25363.4027
35	3	25366.4912
35	4	25370.6071
35	5	25375.7486
35	6	25381.9136
35	7	25389.0994
35	8	25397.3028
35	9	25406.5203
35	10	25416.7479
35	11	25427.9809
35	12	25440.2145
35	13	25453.4431
35	14	25467.6607
35	15	25482.8608
35	16	25499.0364
35	17	25516.18
35	18	25534.2834
35	19	25553.3379
35	20	25573.3343
35	21	25594.2627
35	22	25616.1125
35	23	25638.8727
35	24	25662.5314
35	25	25687.076
35	26	25712.4933
35	27	25738.769
35	28	25765.8885
35	29	25793.8357
35	30	25822.5941
35	31	25852.1459
35	32	25882.4724
35	33	25913.5537
35	34	25945.3687
35	35	25977.8949
35	36	26011.1086
35	37	26044.9843
35	38	26079.4949
35	39	26114.6113
35	40	26150.3023
35	41	26186.5344
35	42	26223.2714
35	43	26260.4737
35	44	26298.0986
35	45	26336.0989
35	46	26374.4223
35	47	26413.0108
35	48	26451.7985
35	49	26490.7103
35	50	26529.6582
35	51	26568.5373
35	52	26607.2165
35	53	26645.5215
35	54	26683.1933
35	55	26719.8275
35	56	26755
35	57	26788.815
36	0	25603.1143
36	1	25604.0709
36	2	25605.9837
36	3	25608.8515
36	4	25612.673
36	5	25617.4461
36	6	25623.1683
36	7	25629.8366
36	8	25637.4474
36	9	25645.9967
36	10	25655.4799
36	11	25665.8917
36	12	25677.2266
36	13	25689.4782
36	14	25702.6397
36	15	25716.7035
36	16	25731.6617
36	17	25747.5054
36	18	25764.2253
36	19	25781.8114
36	20	25800.2528
36	21	25819.538
36	22	25839.6546
36	23	25860.5895
36	24	25882.3288
36	25	25904.8573
36	26	25928.1593
36	27	25952.2178
36	28	25977.0146
36	29	26002.5304
36	30	26028.7447
36	31	26055.6355
36	32	26083.1791
36	33	26111.3503
36	34	26140.1218
36	35	26169.4645
36	36	26199.3465
36	37	26229.7334
36	38	26260.5878
36	39	26291.8684
36	40	26323.5296
36	41	26355.5208
36	42	26387.7848
36	43	26420.2565
36	44	26452.8601
36	45	26485.5056
36	46	26518.0819
36	47	26550.443
36	48	26582.3764
36	49	26613.5519
36	50	26643.5992
36	51	26672.5756
37	0	25812.9706
37	1	25813.8471
37	2	25815.5995
37	3	25818.2267
37	4	25821.7269
37	5	25826.0978
37	6	25831.3365
37	7	25837.4395
37	8	25844.4025
37	9	25852.2209
37	10	25860.8893
37	11	25870.4016
37	12	25880.751
37	13	25891.9303
37	14	25903.9312
37	15	25916.7449
37	16	25930.3618
37	17	25944.7714
37	18	25959.9624
37	19	25975.9227
37	20	25992.6392
37	21	26010.0977
37	22	26028.2832
37	23	26047.1792
37	24	26066.7682
37	25	26087.0315
37	26	26107.9487
37	27	26129.4978
37	28	26151.6553
37	29	26174.3956
37	30	26197.6909
37	31	26221.5108
37	32	26245.8224
37	33	26270.5889
37	34	26295.7702
37	35	26321.321
37	36	26347.1903
37	37	26373.3197
37	38	26399.6413
37	39	26426.0735
37	40	26452.5147
37	41	26478.8287
37	42	26504.8115
37	43	26530.1619
37	44	26554.6381
37	45	26578.4043
38	0	25988.396
38	1	25989.1835
38	2	25990.7577
38	3	25993.1173
38	4	25996.2601
38	5	26000.1833
38	6	26004.8834
38	7	26010.3562
38	8	26016.5965
38	9	26023.5986
38	10	26031.3558
38	11	26039.8608
38	12	26049.1053
38	13	26059.08
38	14	26069.7748
38	15	26081.1787
38	16	26093.2795
38	17	26106.0639
38	18	26119.5174
38	19	26133.6243
38	20	26148.3674
38	21	26163.728
38	22	26179.6858
38	23	26196.2185
38	24	26213.3017
38	25	26230.9087
38	26	26249.0099
38	27	26267.5726
38	28	26286.5601
38	29	26305.9311
38	30	26325.6386
38	31	26345.6278
38	32	26365.8337
38	33	26386.1764
38	34	26406.5507
38	35	26426.8028
38	36	26446.7032
38	37	26466.0396
38	38	26484.9276
39	0	26127.5326
39	1	26128.2181
39	2	26129.5882
39	3	26131.641
39	4	26134.3739
39	5	26137.7833
39	6	26141.8645
39	7	26146.612
39	8	26152.0191
39	9	26158.0784
39	10	26164.7809
39	11	26172.1169
39	12	26180.0751
39	13	26188.6432
39	14	26197.8071
39	15	26207.5514
39	16	26217.8589
39	17	26228.7104
39	18	26240.0846
39	19	26251.9577
39	20	26264.303
39	21	26277.0901
39	22	26290.2848
39	23	26303.8472
39	24	26317.7308
39	25	26331.879
39	26	26346.2207
39	27	26360.6567
39	28	26375.0364
39	29	26389.1776
39	30	26403.0524
40	0	26227.9309
40	1	26228.4932
40	2	26229.6166
40	3	26231.2983
40	4	26233.5344
40	5	26236.3195
40	6	26239.6467
40	7	26243.5077
40	8	26247.8923
40	9	26252.7887
40	10	26258.1829
40	11	26264.0589
40	12	26270.398
40	13	26277.1783
40	14	26284.3744
40	15	26291.9561
40	16	26299.8871
40	17	26308.122
40	18	26316.6004
40	19	26325.2295
40	20	26333.8824
40	21	26342.5106
40	22	26351.2667
41	0	26286.0321
41	1	26286.4241
41	2	26287.2052
41	3	26288.3693
41	4	26289.9069
41	5	26291.8045
41	6	26294.0434
41	7	26296.5975
41	8	26299.4275
41	9	26302.4555
